40 36 981
18 1 5
19 1 5
20 1 5
21 1 5
22 1 5
23 1 5
24 1 5
25 1 5
26 1 5
27 1 2
28 1 2
15 2 8
16 2 8
17 2 5
18 2 5
19 2 5
20 2 5
21 2 5
22 2 5
23 2 5
24 2 5
25 2 5
26 2 5
27 2 2
28 2 2
29 2 2
12 3 8
13 3 8
14 3 8
15 3 8
16 3 8
17 3 5
18 3 5
19 3 5
20 3 5
21 3 5
22 3 5
23 3 5
24 3 5
25 3 5
26 3 5
27 3 2
28 3 2
29 3 2
30 3 2
31 3 2
11 4 8
12 4 8
13 4 8
14 4 8
15 4 8
16 4 8
17 4 5
18 4 5
19 4 5
20 4 5
21 4 5
22 4 5
23 4 5
24 4 5
25 4 5
26 4 5
27 4 2
28 4 2
29 4 2
30 4 2
31 4 2
32 4 2
9 5 8
10 5 8
11 5 8
12 5 8
13 5 8
14 5 8
15 5 8
16 5 8
17 5 8
18 5 5
19 5 5
20 5 5
21 5 5
22 5 5
23 5 5
24 5 5
25 5 5
26 5 5
27 5 2
28 5 2
29 5 2
30 5 2
31 5 2
32 5 2
33 5 2
34 5 2
7 6 8
8 6 8
9 6 8
10 6 8
11 6 8
12 6 8
13 6 8
14 6 8
15 6 8
16 6 8
17 6 8
18 6 5
19 6 5
20 6 5
21 6 5
22 6 5
23 6 5
24 6 5
25 6 5
26 6 5
27 6 2
28 6 2
29 6 2
30 6 2
31 6 2
32 6 2
33 6 2
34 6 2
35 6 2
6 7 8
7 7 8
8 7 8
9 7 8
10 7 8
11 7 8
12 7 8
13 7 8
14 7 8
15 7 8
16 7 8
17 7 8
18 7 5
19 7 5
20 7 5
21 7 5
22 7 5
23 7 5
24 7 5
25 7 5
26 7 5
27 7 2
28 7 2
29 7 2
30 7 2
31 7 2
32 7 2
33 7 2
34 7 2
35 7 2
6 8 8
7 8 8
8 8 8
9 8 8
10 8 8
11 8 8
12 8 8
13 8 8
14 8 8
15 8 8
16 8 8
17 8 8
18 8 5
19 8 5
20 8 5
21 8 5
22 8 5
23 8 5
24 8 5
25 8 5
26 8 5
27 8 2
28 8 2
29 8 2
30 8 2
31 8 2
32 8 2
33 8 2
34 8 2
35 8 2
36 8 2
5 9 8
6 9 8
7 9 8
8 9 8
9 9 8
10 9 8
11 9 8
12 9 8
13 9 8
14 9 8
15 9 8
16 9 8
17 9 8
18 9 5
19 9 5
20 9 5
21 9 5
22 9 5
23 9 5
24 9 5
25 9 5
26 9 5
27 9 2
28 9 2
29 9 2
30 9 2
31 9 2
32 9 2
33 9 2
34 9 2
35 9 2
36 9 2
5 10 8
6 10 8
7 10 8
8 10 8
9 10 8
10 10 8
11 10 8
12 10 8
13 10 8
14 10 8
15 10 8
16 10 8
17 10 8
18 10 5
19 10 5
20 10 5
21 10 5
22 10 5
23 10 5
24 10 5
25 10 5
26 10 5
27 10 2
28 10 2
29 10 2
30 10 2
31 10 2
32 10 2
33 10 2
34 10 2
35 10 2
36 10 2
5 11 8
6 11 8
7 11 8
8 11 8
9 11 8
10 11 8
11 11 8
12 11 8
13 11 8
14 11 8
15 11 8
16 11 8
17 11 8
18 11 5
19 11 5
20 11 5
21 11 5
22 11 5
23 11 5
24 11 5
25 11 5
26 11 2
27 11 2
28 11 2
29 11 2
30 11 2
31 11 2
32 11 2
33 11 2
34 11 2
35 11 2
36 11 2
37 11 2
5 12 8
6 12 8
7 12 8
8 12 8
9 12 8
10 12 8
11 12 8
12 12 8
13 12 8
14 12 8
15 12 8
16 12 8
17 12 8
18 12 5
19 12 5
20 12 5
21 12 5
22 12 5
23 12 5
24 12 5
25 12 5
26 12 2
27 12 2
28 12 2
29 12 2
30 12 2
31 12 2
32 12 2
33 12 2
34 12 2
35 12 2
36 12 2
37 12 2
5 13 1
6 13 1
7 13 1
8 13 1
9 13 1
10 13 1
11 13 1
12 13 1
13 13 1
14 13 1
15 13 1
16 13 1
17 13 4
18 13 4
19 13 4
20 13 4
21 13 4
22 13 4
23 13 4
24 13 4
25 13 2
26 13 2
27 13 2
28 13 2
29 13 2
30 13 2
31 13 2
32 13 2
33 13 2
34 13 2
35 13 2
36 13 2
37 13 2
4 14 1
5 14 1
6 14 1
7 14 1
8 14 1
9 14 1
10 14 1
11 14 1
12 14 1
13 14 1
14 14 1
15 14 1
16 14 1
17 14 4
18 14 4
19 14 4
20 14 4
21 14 4
22 14 4
23 14 4
24 14 4
25 14 4
26 14 4
27 14 6
28 14 6
29 14 6
30 14 6
31 14 6
32 14 6
33 14 6
34 14 6
35 14 6
36 14 6
37 14 6
38 14 6
4 15 1
5 15 1
6 15 1
7 15 1
8 15 1
9 15 1
10 15 1
11 15 1
12 15 1
13 15 1
14 15 1
15 15 1
16 15 1
17 15 4
18 15 4
19 15 4
20 15 4
21 15 4
22 15 4
23 15 4
24 15 4
25 15 4
26 15 4
27 15 6
28 15 6
29 15 6
30 15 6
31 15 6
32 15 6
33 15 6
34 15 6
35 15 6
36 15 6
37 15 6
38 15 6
4 16 1
5 16 1
6 16 1
7 16 1
8 16 1
9 16 1
10 16 1
11 16 1
12 16 1
13 16 1
14 16 1
15 16 1
16 16 1
17 16 4
18 16 4
19 16 4
20 16 4
21 16 4
22 16 4
23 16 4
24 16 4
25 16 4
26 16 4
27 16 6
28 16 6
29 16 6
30 16 6
31 16 6
32 16 6
33 16 6
34 16 6
35 16 6
36 16 6
37 16 6
38 16 6
4 17 1
5 17 1
6 17 1
7 17 1
8 17 1
9 17 1
10 17 1
11 17 1
12 17 1
13 17 1
14 17 1
15 17 1
16 17 1
17 17 4
18 17 4
19 17 4
20 17 4
21 17 4
22 17 4
23 17 4
24 17 4
25 17 4
26 17 4
27 17 6
28 17 6
29 17 6
30 17 6
31 17 6
32 17 6
33 17 6
34 17 6
35 17 6
36 17 6
37 17 6
38 17 6
39 17 6
3 18 1
4 18 1
5 18 1
6 18 1
7 18 1
8 18 1
9 18 1
10 18 1
11 18 1
12 18 1
13 18 1
14 18 1
15 18 1
16 18 1
17 18 4
18 18 4
19 18 4
20 18 4
21 18 4
22 18 4
23 18 4
24 18 4
25 18 4
26 18 4
27 18 6
28 18 6
29 18 6
30 18 6
31 18 6
32 18 6
33 18 6
34 18 6
35 18 6
36 18 6
37 18 6
38 18 6
3 19 1
4 19 1
5 19 1
6 19 1
7 19 1
8 19 1
9 19 1
10 19 1
11 19 1
12 19 1
13 19 1
14 19 1
15 19 1
16 19 4
17 19 4
18 19 4
19 19 4
20 19 4
21 19 4
22 19 4
23 19 4
24 19 4
25 19 4
26 19 4
27 19 6
28 19 6
29 19 6
30 19 6
31 19 6
32 19 6
33 19 6
34 19 6
35 19 6
36 19 6
37 19 6
38 19 6
3 20 1
4 20 1
5 20 1
6 20 1
7 20 1
8 20 1
9 20 1
10 20 1
11 20 1
12 20 1
13 20 1
14 20 1
15 20 1
16 20 4
17 20 4
18 20 4
19 20 4
20 20 4
21 20 4
22 20 4
23 20 4
24 20 4
25 20 4
26 20 4
27 20 6
28 20 6
29 20 6
30 20 6
31 20 6
32 20 6
33 20 6
34 20 6
35 20 6
36 20 6
37 20 6
38 20 6
3 21 7
4 21 7
5 21 7
6 21 7
7 21 7
8 21 7
9 21 7
10 21 7
11 21 1
12 21 1
13 21 1
14 21 1
15 21 1
16 21 4
17 21 4
18 21 4
19 21 4
20 21 4
21 21 4
22 21 4
23 21 4
24 21 4
25 21 4
26 21 4
27 21 6
28 21 6
29 21 6
30 21 6
31 21 6
32 21 6
33 21 6
34 21 6
35 21 6
36 21 6
37 21 6
38 21 6
2 22 7
3 22 7
4 22 7
5 22 7
6 22 7
7 22 7
8 22 7
9 22 7
10 22 7
11 22 7
12 22 7
13 22 7
14 22 7
15 22 7
16 22 4
17 22 4
18 22 4
19 22 4
20 22 4
21 22 4
22 22 4
23 22 4
24 22 4
25 22 4
26 22 4
27 22 6
28 22 6
29 22 6
30 22 6
31 22 6
32 22 6
33 22 6
34 22 6
35 22 6
36 22 6
37 22 6
38 22 6
2 23 7
3 23 7
4 23 7
5 23 7
6 23 7
7 23 7
8 23 7
9 23 7
10 23 7
11 23 7
12 23 7
13 23 7
14 23 7
15 23 7
16 23 9
17 23 9
18 23 9
19 23 9
20 23 4
21 23 4
22 23 4
23 23 4
24 23 4
25 23 4
26 23 4
27 23 3
28 23 3
29 23 3
30 23 3
31 23 3
32 23 3
33 23 3
34 23 3
35 23 3
36 23 3
37 23 3
2 24 7
3 24 7
4 24 7
5 24 7
6 24 7
7 24 7
8 24 7
9 24 7
10 24 7
11 24 7
12 24 7
13 24 7
14 24 7
15 24 7
16 24 9
17 24 9
18 24 9
19 24 9
20 24 9
21 24 9
22 24 9
23 24 9
24 24 9
25 24 3
26 24 3
27 24 3
28 24 3
29 24 3
30 24 3
31 24 3
32 24 3
33 24 3
34 24 3
35 24 3
36 24 3
37 24 3
2 25 7
3 25 7
4 25 7
5 25 7
6 25 7
7 25 7
8 25 7
9 25 7
10 25 7
11 25 7
12 25 7
13 25 7
14 25 7
15 25 7
16 25 9
17 25 9
18 25 9
19 25 9
20 25 9
21 25 9
22 25 9
23 25 9
24 25 9
25 25 3
26 25 3
27 25 3
28 25 3
29 25 3
30 25 3
31 25 3
32 25 3
33 25 3
34 25 3
35 25 3
36 25 3
37 25 3
1 26 7
2 26 7
3 26 7
4 26 7
5 26 7
6 26 7
7 26 7
8 26 7
9 26 7
10 26 7
11 26 7
12 26 7
13 26 7
14 26 7
15 26 7
16 26 9
17 26 9
18 26 9
19 26 9
20 26 9
21 26 9
22 26 9
23 26 9
24 26 9
25 26 3
26 26 3
27 26 3
28 26 3
29 26 3
30 26 3
31 26 3
32 26 3
33 26 3
34 26 3
35 26 3
36 26 3
37 26 3
4 27 7
5 27 7
6 27 7
7 27 7
8 27 7
9 27 7
10 27 7
11 27 7
12 27 7
13 27 7
14 27 7
15 27 7
16 27 9
17 27 9
18 27 9
19 27 9
20 27 9
21 27 9
22 27 9
23 27 9
24 27 9
25 27 9
26 27 3
27 27 3
28 27 3
29 27 3
30 27 3
31 27 3
32 27 3
33 27 3
34 27 3
35 27 3
36 27 3
37 27 3
7 28 7
8 28 7
9 28 7
10 28 7
11 28 7
12 28 7
13 28 7
14 28 7
15 28 7
16 28 9
17 28 9
18 28 9
19 28 9
20 28 9
21 28 9
22 28 9
23 28 9
24 28 9
25 28 9
26 28 3
27 28 3
28 28 3
29 28 3
30 28 3
31 28 3
32 28 3
33 28 3
34 28 3
35 28 3
36 28 3
9 29 7
10 29 7
11 29 7
12 29 7
13 29 7
14 29 7
15 29 9
16 29 9
17 29 9
18 29 9
19 29 9
20 29 9
21 29 9
22 29 9
23 29 9
24 29 9
25 29 9
26 29 9
27 29 3
28 29 3
29 29 3
30 29 3
31 29 3
32 29 3
33 29 3
34 29 3
35 29 3
12 30 7
13 30 7
14 30 7
15 30 9
16 30 9
17 30 9
18 30 9
19 30 9
20 30 9
21 30 9
22 30 9
23 30 9
24 30 9
25 30 9
26 30 9
27 30 3
28 30 3
29 30 3
30 30 3
31 30 3
32 30 3
33 30 3
34 30 3
15 31 9
16 31 9
17 31 9
18 31 9
19 31 9
20 31 9
21 31 9
22 31 9
23 31 9
24 31 9
25 31 9
26 31 9
27 31 3
28 31 3
29 31 3
30 31 3
31 31 3
32 31 3
33 31 3
17 32 9
18 32 9
19 32 9
20 32 9
21 32 9
22 32 9
23 32 9
24 32 9
25 32 9
26 32 9
27 32 3
28 32 3
29 32 3
30 32 3
31 32 3
32 32 3
33 32 3
20 33 9
21 33 9
22 33 9
23 33 9
24 33 9
25 33 9
26 33 9
27 33 3
28 33 3
29 33 3
30 33 3
23 34 9
24 34 9
25 34 9
26 34 9
27 34 3
25 35 9
