55 76 2725
1 50 6
1 51 6
1 52 6
1 53 6
1 54 6
1 55 6
1 56 6
1 57 6
1 58 17
1 59 17
1 60 17
1 61 17
1 62 17
1 63 17
1 64 17
1 65 17
1 66 17
1 67 17
2 31 15
2 32 15
2 33 15
2 34 15
2 35 15
2 36 15
2 37 15
2 38 15
2 39 4
2 40 4
2 41 4
2 42 4
2 43 4
2 44 4
2 45 4
2 46 4
2 47 4
2 48 6
2 49 6
2 50 6
2 51 6
2 52 6
2 53 6
2 54 6
2 55 6
2 56 6
2 57 6
2 58 17
2 59 17
2 60 17
2 61 17
2 62 17
2 63 17
2 64 17
2 65 17
2 66 17
2 67 17
2 68 17
3 31 15
3 32 15
3 33 15
3 34 15
3 35 15
3 36 15
3 37 15
3 38 15
3 39 4
3 40 4
3 41 4
3 42 4
3 43 4
3 44 4
3 45 4
3 46 4
3 47 4
3 48 6
3 49 6
3 50 6
3 51 6
3 52 6
3 53 6
3 54 6
3 55 6
3 56 6
3 57 6
3 58 17
3 59 17
3 60 17
3 61 17
3 62 17
3 63 17
3 64 17
3 65 17
3 66 17
3 67 17
3 68 17
3 69 13
4 30 15
4 31 15
4 32 15
4 33 15
4 34 15
4 35 15
4 36 15
4 37 15
4 38 15
4 39 4
4 40 4
4 41 4
4 42 4
4 43 4
4 44 4
4 45 4
4 46 4
4 47 4
4 48 6
4 49 6
4 50 6
4 51 6
4 52 6
4 53 6
4 54 6
4 55 6
4 56 6
4 57 6
4 58 17
4 59 17
4 60 17
4 61 17
4 62 17
4 63 17
4 64 17
4 65 17
4 66 17
4 67 17
4 68 17
4 69 13
4 70 13
5 29 15
5 30 15
5 31 15
5 32 15
5 33 15
5 34 15
5 35 15
5 36 15
5 37 15
5 38 15
5 39 4
5 40 4
5 41 4
5 42 4
5 43 4
5 44 4
5 45 4
5 46 4
5 47 4
5 48 6
5 49 6
5 50 6
5 51 6
5 52 6
5 53 6
5 54 6
5 55 6
5 56 6
5 57 6
5 58 6
5 59 17
5 60 17
5 61 17
5 62 17
5 63 17
5 64 17
5 65 17
5 66 17
5 67 17
5 68 17
5 69 13
5 70 13
5 71 13
6 28 15
6 29 15
6 30 15
6 31 15
6 32 15
6 33 15
6 34 15
6 35 15
6 36 15
6 37 15
6 38 15
6 39 4
6 40 4
6 41 4
6 42 4
6 43 4
6 44 4
6 45 4
6 46 4
6 47 4
6 48 4
6 49 6
6 50 6
6 51 6
6 52 6
6 53 6
6 54 6
6 55 6
6 56 6
6 57 6
6 58 6
6 59 17
6 60 17
6 61 17
6 62 17
6 63 17
6 64 17
6 65 17
6 66 17
6 67 17
6 68 17
6 69 13
6 70 13
6 71 13
6 72 13
7 28 15
7 29 15
7 30 15
7 31 15
7 32 15
7 33 15
7 34 15
7 35 15
7 36 15
7 37 15
7 38 15
7 39 4
7 40 4
7 41 4
7 42 4
7 43 4
7 44 4
7 45 4
7 46 4
7 47 4
7 48 4
7 49 6
7 50 6
7 51 6
7 52 6
7 53 6
7 54 6
7 55 6
7 56 6
7 57 6
7 58 6
7 59 17
7 60 17
7 61 17
7 62 17
7 63 17
7 64 17
7 65 17
7 66 17
7 67 17
7 68 17
7 69 13
7 70 13
7 71 13
7 72 13
7 73 13
8 27 15
8 28 15
8 29 15
8 30 15
8 31 15
8 32 15
8 33 15
8 34 15
8 35 15
8 36 15
8 37 15
8 38 15
8 39 4
8 40 4
8 41 4
8 42 4
8 43 4
8 44 4
8 45 4
8 46 4
8 47 4
8 48 4
8 49 6
8 50 6
8 51 6
8 52 6
8 53 6
8 54 6
8 55 6
8 56 6
8 57 6
8 58 6
8 59 17
8 60 17
8 61 17
8 62 17
8 63 17
8 64 17
8 65 17
8 66 17
8 67 17
8 68 17
8 69 13
8 70 13
8 71 13
8 72 13
8 73 13
8 74 13
9 26 10
9 27 15
9 28 15
9 29 15
9 30 15
9 31 15
9 32 15
9 33 15
9 34 15
9 35 15
9 36 15
9 37 15
9 38 4
9 39 4
9 40 4
9 41 4
9 42 4
9 43 4
9 44 4
9 45 4
9 46 4
9 47 4
9 48 4
9 49 6
9 50 6
9 51 6
9 52 6
9 53 6
9 54 6
9 55 6
9 56 6
9 57 6
9 58 6
9 59 17
9 60 17
9 61 17
9 62 17
9 63 17
9 64 17
9 65 17
9 66 17
9 67 17
9 68 13
9 69 13
9 70 13
9 71 13
9 72 13
9 73 13
9 74 13
9 75 13
10 25 10
10 26 10
10 27 10
10 28 15
10 29 15
10 30 15
10 31 15
10 32 15
10 33 15
10 34 15
10 35 15
10 36 15
10 37 15
10 38 4
10 39 4
10 40 4
10 41 4
10 42 4
10 43 4
10 44 4
10 45 4
10 46 4
10 47 4
10 48 4
10 49 6
10 50 6
10 51 6
10 52 6
10 53 6
10 54 6
10 55 6
10 56 6
10 57 6
10 58 6
10 59 17
10 60 17
10 61 17
10 62 17
10 63 17
10 64 17
10 65 17
10 66 17
10 67 17
10 68 13
10 69 13
10 70 13
10 71 13
10 72 13
10 73 13
10 74 13
10 75 13
11 23 10
11 24 10
11 25 10
11 26 10
11 27 10
11 28 15
11 29 15
11 30 15
11 31 15
11 32 15
11 33 15
11 34 15
11 35 15
11 36 15
11 37 15
11 38 4
11 39 4
11 40 4
11 41 4
11 42 4
11 43 4
11 44 4
11 45 4
11 46 4
11 47 4
11 48 4
11 49 6
11 50 6
11 51 6
11 52 6
11 53 6
11 54 6
11 55 6
11 56 6
11 57 6
11 58 6
11 59 17
11 60 17
11 61 17
11 62 17
11 63 17
11 64 17
11 65 17
11 66 17
11 67 13
11 68 13
11 69 13
11 70 13
11 71 13
11 72 13
11 73 13
11 74 13
11 75 13
12 23 10
12 24 10
12 25 10
12 26 10
12 27 10
12 28 15
12 29 15
12 30 15
12 31 15
12 32 15
12 33 15
12 34 15
12 35 15
12 36 15
12 37 1
12 38 4
12 39 4
12 40 4
12 41 4
12 42 4
12 43 4
12 44 4
12 45 4
12 46 4
12 47 4
12 48 11
12 49 11
12 50 11
12 51 11
12 52 11
12 53 11
12 54 11
12 55 11
12 56 11
12 57 11
12 58 3
12 59 3
12 60 3
12 61 3
12 62 3
12 63 3
12 64 3
12 65 3
12 66 3
12 67 13
12 68 13
12 69 13
12 70 13
12 71 13
12 72 13
12 73 13
12 74 13
12 75 13
13 22 10
13 23 10
13 24 10
13 25 10
13 26 10
13 27 10
13 28 7
13 29 7
13 30 7
13 31 7
13 32 7
13 33 7
13 34 7
13 35 7
13 36 7
13 37 1
13 38 1
13 39 1
13 40 1
13 41 1
13 42 1
13 43 1
13 44 1
13 45 1
13 46 11
13 47 11
13 48 11
13 49 11
13 50 11
13 51 11
13 52 11
13 53 11
13 54 11
13 55 11
13 56 11
13 57 3
13 58 3
13 59 3
13 60 3
13 61 3
13 62 3
13 63 3
13 64 3
13 65 3
13 66 3
13 67 13
13 68 13
13 69 13
13 70 13
13 71 13
13 72 13
13 73 13
13 74 13
13 75 13
14 21 10
14 22 10
14 23 10
14 24 10
14 25 10
14 26 10
14 27 10
14 28 7
14 29 7
14 30 7
14 31 7
14 32 7
14 33 7
14 34 7
14 35 7
14 36 7
14 37 1
14 38 1
14 39 1
14 40 1
14 41 1
14 42 1
14 43 1
14 44 1
14 45 1
14 46 11
14 47 11
14 48 11
14 49 11
14 50 11
14 51 11
14 52 11
14 53 11
14 54 11
14 55 11
14 56 11
14 57 3
14 58 3
14 59 3
14 60 3
14 61 3
14 62 3
14 63 3
14 64 3
14 65 3
14 66 3
14 67 13
14 68 13
14 69 13
14 70 13
14 71 13
14 72 13
14 73 13
14 74 13
14 75 13
15 20 10
15 21 10
15 22 10
15 23 10
15 24 10
15 25 10
15 26 10
15 27 10
15 28 7
15 29 7
15 30 7
15 31 7
15 32 7
15 33 7
15 34 7
15 35 7
15 36 7
15 37 1
15 38 1
15 39 1
15 40 1
15 41 1
15 42 1
15 43 1
15 44 1
15 45 1
15 46 11
15 47 11
15 48 11
15 49 11
15 50 11
15 51 11
15 52 11
15 53 11
15 54 11
15 55 11
15 56 11
15 57 3
15 58 3
15 59 3
15 60 3
15 61 3
15 62 3
15 63 3
15 64 3
15 65 3
15 66 3
15 67 13
15 68 13
15 69 13
15 70 13
15 71 13
15 72 13
15 73 13
15 74 13
15 75 13
16 20 10
16 21 10
16 22 10
16 23 10
16 24 10
16 25 10
16 26 10
16 27 10
16 28 7
16 29 7
16 30 7
16 31 7
16 32 7
16 33 7
16 34 7
16 35 7
16 36 7
16 37 1
16 38 1
16 39 1
16 40 1
16 41 1
16 42 1
16 43 1
16 44 1
16 45 1
16 46 11
16 47 11
16 48 11
16 49 11
16 50 11
16 51 11
16 52 11
16 53 11
16 54 11
16 55 11
16 56 11
16 57 3
16 58 3
16 59 3
16 60 3
16 61 3
16 62 3
16 63 3
16 64 3
16 65 3
16 66 3
16 67 13
16 68 13
16 69 13
16 70 13
16 71 13
16 72 13
16 73 13
16 74 13
16 75 13
17 19 10
17 20 10
17 21 10
17 22 10
17 23 10
17 24 10
17 25 10
17 26 10
17 27 10
17 28 7
17 29 7
17 30 7
17 31 7
17 32 7
17 33 7
17 34 7
17 35 7
17 36 7
17 37 1
17 38 1
17 39 1
17 40 1
17 41 1
17 42 1
17 43 1
17 44 1
17 45 1
17 46 11
17 47 11
17 48 11
17 49 11
17 50 11
17 51 11
17 52 11
17 53 11
17 54 11
17 55 11
17 56 11
17 57 3
17 58 3
17 59 3
17 60 3
17 61 3
17 62 3
17 63 3
17 64 3
17 65 3
17 66 3
17 67 13
17 68 13
17 69 13
17 70 13
17 71 13
17 72 13
17 73 13
17 74 13
17 75 13
18 18 10
18 19 10
18 20 10
18 21 10
18 22 10
18 23 10
18 24 10
18 25 10
18 26 10
18 27 10
18 28 7
18 29 7
18 30 7
18 31 7
18 32 7
18 33 7
18 34 7
18 35 7
18 36 7
18 37 1
18 38 1
18 39 1
18 40 1
18 41 1
18 42 1
18 43 1
18 44 1
18 45 1
18 46 11
18 47 11
18 48 11
18 49 11
18 50 11
18 51 11
18 52 11
18 53 11
18 54 11
18 55 11
18 56 11
18 57 3
18 58 3
18 59 3
18 60 3
18 61 3
18 62 3
18 63 3
18 64 3
18 65 3
18 66 3
18 67 13
18 68 13
18 69 13
18 70 13
18 71 13
18 72 13
18 73 13
18 74 13
18 75 13
19 17 10
19 18 10
19 19 10
19 20 10
19 21 10
19 22 10
19 23 10
19 24 10
19 25 10
19 26 10
19 27 10
19 28 7
19 29 7
19 30 7
19 31 7
19 32 7
19 33 7
19 34 7
19 35 7
19 36 7
19 37 1
19 38 1
19 39 1
19 40 1
19 41 1
19 42 1
19 43 1
19 44 1
19 45 1
19 46 11
19 47 11
19 48 11
19 49 11
19 50 11
19 51 11
19 52 11
19 53 11
19 54 11
19 55 11
19 56 11
19 57 3
19 58 3
19 59 3
19 60 3
19 61 3
19 62 3
19 63 3
19 64 3
19 65 3
19 66 3
19 67 3
19 68 8
19 69 8
19 70 8
19 71 8
19 72 8
19 73 8
19 74 8
19 75 8
20 16 10
20 17 10
20 18 10
20 19 10
20 20 10
20 21 10
20 22 10
20 23 10
20 24 10
20 25 10
20 26 10
20 27 10
20 28 7
20 29 7
20 30 7
20 31 7
20 32 7
20 33 7
20 34 7
20 35 7
20 36 7
20 37 1
20 38 1
20 39 1
20 40 1
20 41 1
20 42 1
20 43 1
20 44 1
20 45 1
20 46 11
20 47 11
20 48 11
20 49 11
20 50 11
20 51 11
20 52 11
20 53 11
20 54 11
20 55 11
20 56 11
20 57 3
20 58 3
20 59 3
20 60 3
20 61 3
20 62 3
20 63 3
20 64 3
20 65 3
20 66 3
20 67 3
20 68 8
20 69 8
20 70 8
20 71 8
20 72 8
20 73 8
20 74 8
20 75 8
21 16 10
21 17 10
21 18 10
21 19 10
21 20 10
21 21 10
21 22 10
21 23 10
21 24 10
21 25 10
21 26 10
21 27 10
21 28 7
21 29 7
21 30 7
21 31 7
21 32 7
21 33 7
21 34 7
21 35 7
21 36 7
21 37 1
21 38 1
21 39 1
21 40 1
21 41 1
21 42 1
21 43 1
21 44 1
21 45 1
21 46 11
21 47 11
21 48 11
21 49 11
21 50 11
21 51 11
21 52 11
21 53 11
21 54 11
21 55 11
21 56 11
21 57 3
21 58 3
21 59 3
21 60 3
21 61 3
21 62 3
21 63 3
21 64 3
21 65 3
21 66 3
21 67 3
21 68 8
21 69 8
21 70 8
21 71 8
21 72 8
21 73 8
21 74 8
21 75 8
22 15 24
22 16 10
22 17 10
22 18 10
22 19 10
22 20 10
22 21 10
22 22 10
22 23 10
22 24 10
22 25 10
22 26 10
22 27 10
22 28 7
22 29 7
22 30 7
22 31 7
22 32 7
22 33 7
22 34 7
22 35 7
22 36 7
22 37 1
22 38 1
22 39 1
22 40 1
22 41 1
22 42 1
22 43 1
22 44 1
22 45 1
22 46 20
22 47 20
22 48 20
22 49 20
22 50 20
22 51 20
22 52 20
22 53 20
22 54 20
22 55 20
22 56 9
22 57 9
22 58 9
22 59 9
22 60 3
22 61 3
22 62 3
22 63 3
22 64 3
22 65 3
22 66 3
22 67 8
22 68 8
22 69 8
22 70 8
22 71 8
22 72 8
22 73 8
22 74 8
22 75 8
23 14 24
23 15 24
23 16 24
23 17 2
23 18 2
23 19 2
23 20 2
23 21 2
23 22 2
23 23 2
23 24 2
23 25 2
23 26 2
23 27 7
23 28 7
23 29 7
23 30 7
23 31 7
23 32 7
23 33 7
23 34 7
23 35 7
23 36 7
23 37 1
23 38 1
23 39 1
23 40 1
23 41 1
23 42 1
23 43 1
23 44 1
23 45 1
23 46 20
23 47 20
23 48 20
23 49 20
23 50 20
23 51 20
23 52 20
23 53 20
23 54 20
23 55 20
23 56 9
23 57 9
23 58 9
23 59 9
23 60 9
23 61 9
23 62 9
23 63 9
23 64 9
23 65 9
23 66 9
23 67 8
23 68 8
23 69 8
23 70 8
23 71 8
23 72 8
23 73 8
23 74 8
23 75 8
24 13 24
24 14 24
24 15 24
24 16 24
24 17 2
24 18 2
24 19 2
24 20 2
24 21 2
24 22 2
24 23 2
24 24 2
24 25 2
24 26 2
24 27 2
24 28 7
24 29 7
24 30 7
24 31 7
24 32 7
24 33 7
24 34 7
24 35 7
24 36 7
24 37 1
24 38 1
24 39 1
24 40 1
24 41 1
24 42 1
24 43 1
24 44 1
24 45 1
24 46 20
24 47 20
24 48 20
24 49 20
24 50 20
24 51 20
24 52 20
24 53 20
24 54 20
24 55 20
24 56 9
24 57 9
24 58 9
24 59 9
24 60 9
24 61 9
24 62 9
24 63 9
24 64 9
24 65 9
24 66 9
24 67 8
24 68 8
24 69 8
24 70 8
24 71 8
24 72 8
24 73 8
24 74 8
24 75 8
25 12 24
25 13 24
25 14 24
25 15 24
25 16 24
25 17 2
25 18 2
25 19 2
25 20 2
25 21 2
25 22 2
25 23 2
25 24 2
25 25 2
25 26 2
25 27 2
25 28 25
25 29 25
25 30 25
25 31 25
25 32 25
25 33 25
25 34 25
25 35 25
25 36 25
25 37 14
25 38 14
25 39 14
25 40 14
25 41 14
25 42 14
25 43 14
25 44 14
25 45 14
25 46 20
25 47 20
25 48 20
25 49 20
25 50 20
25 51 20
25 52 20
25 53 20
25 54 20
25 55 20
25 56 9
25 57 9
25 58 9
25 59 9
25 60 9
25 61 9
25 62 9
25 63 9
25 64 9
25 65 9
25 66 9
25 67 8
25 68 8
25 69 8
25 70 8
25 71 8
25 72 8
25 73 8
25 74 8
25 75 8
26 12 24
26 13 24
26 14 24
26 15 24
26 16 24
26 17 2
26 18 2
26 19 2
26 20 2
26 21 2
26 22 2
26 23 2
26 24 2
26 25 2
26 26 2
26 27 2
26 28 25
26 29 25
26 30 25
26 31 25
26 32 25
26 33 25
26 34 25
26 35 25
26 36 25
26 37 14
26 38 14
26 39 14
26 40 14
26 41 14
26 42 14
26 43 14
26 44 14
26 45 14
26 46 20
26 47 20
26 48 20
26 49 20
26 50 20
26 51 20
26 52 20
26 53 20
26 54 20
26 55 20
26 56 9
26 57 9
26 58 9
26 59 9
26 60 9
26 61 9
26 62 9
26 63 9
26 64 9
26 65 9
26 66 9
26 67 8
26 68 8
26 69 8
26 70 8
26 71 8
26 72 8
26 73 8
26 74 8
26 75 8
27 11 24
27 12 24
27 13 24
27 14 24
27 15 24
27 16 24
27 17 2
27 18 2
27 19 2
27 20 2
27 21 2
27 22 2
27 23 2
27 24 2
27 25 2
27 26 2
27 27 2
27 28 25
27 29 25
27 30 25
27 31 25
27 32 25
27 33 25
27 34 25
27 35 25
27 36 25
27 37 14
27 38 14
27 39 14
27 40 14
27 41 14
27 42 14
27 43 14
27 44 14
27 45 14
27 46 20
27 47 20
27 48 20
27 49 20
27 50 20
27 51 20
27 52 20
27 53 20
27 54 20
27 55 20
27 56 9
27 57 9
27 58 9
27 59 9
27 60 9
27 61 9
27 62 9
27 63 9
27 64 9
27 65 9
27 66 9
27 67 8
27 68 8
27 69 8
27 70 8
27 71 8
27 72 8
27 73 8
27 74 8
27 75 8
28 10 24
28 11 24
28 12 24
28 13 24
28 14 24
28 15 24
28 16 24
28 17 2
28 18 2
28 19 2
28 20 2
28 21 2
28 22 2
28 23 2
28 24 2
28 25 2
28 26 2
28 27 2
28 28 25
28 29 25
28 30 25
28 31 25
28 32 25
28 33 25
28 34 25
28 35 25
28 36 25
28 37 14
28 38 14
28 39 14
28 40 14
28 41 14
28 42 14
28 43 14
28 44 14
28 45 14
28 46 20
28 47 20
28 48 20
28 49 20
28 50 20
28 51 20
28 52 20
28 53 20
28 54 20
28 55 20
28 56 9
28 57 9
28 58 9
28 59 9
28 60 9
28 61 9
28 62 9
28 63 9
28 64 9
28 65 9
28 66 9
28 67 8
28 68 8
28 69 8
28 70 8
28 71 8
28 72 8
28 73 8
28 74 8
28 75 8
29 9 24
29 10 24
29 11 24
29 12 24
29 13 24
29 14 24
29 15 24
29 16 24
29 17 2
29 18 2
29 19 2
29 20 2
29 21 2
29 22 2
29 23 2
29 24 2
29 25 2
29 26 2
29 27 2
29 28 25
29 29 25
29 30 25
29 31 25
29 32 25
29 33 25
29 34 25
29 35 25
29 36 25
29 37 14
29 38 14
29 39 14
29 40 14
29 41 14
29 42 14
29 43 14
29 44 14
29 45 14
29 46 20
29 47 20
29 48 20
29 49 20
29 50 20
29 51 20
29 52 20
29 53 20
29 54 20
29 55 20
29 56 9
29 57 9
29 58 9
29 59 9
29 60 9
29 61 9
29 62 9
29 63 9
29 64 9
29 65 9
29 66 9
29 67 8
29 68 8
29 69 8
29 70 8
29 71 8
29 72 8
29 73 8
30 9 24
30 10 24
30 11 24
30 12 24
30 13 24
30 14 24
30 15 24
30 16 24
30 17 2
30 18 2
30 19 2
30 20 2
30 21 2
30 22 2
30 23 2
30 24 2
30 25 2
30 26 2
30 27 2
30 28 25
30 29 25
30 30 25
30 31 25
30 32 25
30 33 25
30 34 25
30 35 25
30 36 25
30 37 14
30 38 14
30 39 14
30 40 14
30 41 14
30 42 14
30 43 14
30 44 14
30 45 14
30 46 20
30 47 20
30 48 20
30 49 20
30 50 20
30 51 20
30 52 20
30 53 20
30 54 20
30 55 20
30 56 9
30 57 9
30 58 9
30 59 9
30 60 9
30 61 9
30 62 9
30 63 9
30 64 9
30 65 9
30 66 9
30 67 8
30 68 8
30 69 8
30 70 8
30 71 8
30 72 8
31 8 24
31 9 24
31 10 24
31 11 24
31 12 24
31 13 24
31 14 24
31 15 24
31 16 24
31 17 2
31 18 2
31 19 2
31 20 2
31 21 2
31 22 2
31 23 2
31 24 2
31 25 2
31 26 2
31 27 2
31 28 25
31 29 25
31 30 25
31 31 25
31 32 25
31 33 25
31 34 25
31 35 25
31 36 25
31 37 14
31 38 14
31 39 14
31 40 14
31 41 14
31 42 14
31 43 14
31 44 14
31 45 14
31 46 20
31 47 20
31 48 20
31 49 20
31 50 20
31 51 20
31 52 20
31 53 20
31 54 20
31 55 20
31 56 9
31 57 9
31 58 9
31 59 9
31 60 9
31 61 9
31 62 9
31 63 9
31 64 9
31 65 9
31 66 9
31 67 8
31 68 8
31 69 8
31 70 8
31 71 8
32 7 24
32 8 24
32 9 24
32 10 24
32 11 24
32 12 24
32 13 24
32 14 24
32 15 24
32 16 24
32 17 2
32 18 2
32 19 2
32 20 2
32 21 2
32 22 2
32 23 2
32 24 2
32 25 2
32 26 2
32 27 2
32 28 25
32 29 25
32 30 25
32 31 25
32 32 25
32 33 25
32 34 25
32 35 25
32 36 25
32 37 14
32 38 14
32 39 14
32 40 14
32 41 14
32 42 14
32 43 14
32 44 14
32 45 14
32 46 20
32 47 20
32 48 20
32 49 20
32 50 20
32 51 20
32 52 20
32 53 20
32 54 20
32 55 18
32 56 18
32 57 18
32 58 18
32 59 18
32 60 18
32 61 9
32 62 9
32 63 9
32 64 9
32 65 9
32 66 9
32 67 8
32 68 8
32 69 8
32 70 8
33 6 24
33 7 24
33 8 24
33 9 24
33 10 24
33 11 24
33 12 24
33 13 24
33 14 24
33 15 24
33 16 23
33 17 23
33 18 23
33 19 23
33 20 23
33 21 23
33 22 23
33 23 23
33 24 23
33 25 23
33 26 23
33 27 23
33 28 25
33 29 25
33 30 25
33 31 25
33 32 25
33 33 25
33 34 25
33 35 25
33 36 25
33 37 14
33 38 14
33 39 14
33 40 14
33 41 14
33 42 14
33 43 14
33 44 14
33 45 14
33 46 5
33 47 5
33 48 5
33 49 5
33 50 5
33 51 5
33 52 5
33 53 5
33 54 5
33 55 18
33 56 18
33 57 18
33 58 18
33 59 18
33 60 18
33 61 18
33 62 18
33 63 18
33 64 18
33 65 18
33 66 18
33 67 18
33 68 18
33 69 18
34 5 24
34 6 24
34 7 24
34 8 24
34 9 24
34 10 24
34 11 24
34 12 24
34 13 24
34 14 24
34 15 24
34 16 23
34 17 23
34 18 23
34 19 23
34 20 23
34 21 23
34 22 23
34 23 23
34 24 23
34 25 23
34 26 23
34 27 23
34 28 23
34 29 25
34 30 25
34 31 25
34 32 25
34 33 25
34 34 25
34 35 25
34 36 25
34 37 14
34 38 14
34 39 14
34 40 14
34 41 14
34 42 14
34 43 14
34 44 14
34 45 14
34 46 5
34 47 5
34 48 5
34 49 5
34 50 5
34 51 5
34 52 5
34 53 5
34 54 5
34 55 18
34 56 18
34 57 18
34 58 18
34 59 18
34 60 18
34 61 18
34 62 18
34 63 18
34 64 18
34 65 18
34 66 18
34 67 18
34 68 18
35 5 24
35 6 24
35 7 24
35 8 24
35 9 24
35 10 24
35 11 24
35 12 24
35 13 24
35 14 24
35 15 24
35 16 23
35 17 23
35 18 23
35 19 23
35 20 23
35 21 23
35 22 23
35 23 23
35 24 23
35 25 23
35 26 23
35 27 23
35 28 23
35 29 25
35 30 25
35 31 25
35 32 25
35 33 25
35 34 25
35 35 25
35 36 25
35 37 14
35 38 14
35 39 14
35 40 14
35 41 14
35 42 14
35 43 14
35 44 14
35 45 14
35 46 5
35 47 5
35 48 5
35 49 5
35 50 5
35 51 5
35 52 5
35 53 5
35 54 5
35 55 18
35 56 18
35 57 18
35 58 18
35 59 18
35 60 18
35 61 18
35 62 18
35 63 18
35 64 18
35 65 18
35 66 18
35 67 18
36 4 12
36 5 24
36 6 24
36 7 24
36 8 24
36 9 24
36 10 24
36 11 24
36 12 24
36 13 24
36 14 24
36 15 24
36 16 23
36 17 23
36 18 23
36 19 23
36 20 23
36 21 23
36 22 23
36 23 23
36 24 23
36 25 23
36 26 23
36 27 23
36 28 23
36 29 25
36 30 25
36 31 25
36 32 25
36 33 25
36 34 25
36 35 25
36 36 25
36 37 14
36 38 14
36 39 14
36 40 14
36 41 14
36 42 14
36 43 14
36 44 5
36 45 5
36 46 5
36 47 5
36 48 5
36 49 5
36 50 5
36 51 5
36 52 5
36 53 5
36 54 5
36 55 18
36 56 18
36 57 18
36 58 18
36 59 18
36 60 18
36 61 18
36 62 18
36 63 18
36 64 18
36 65 18
36 66 18
37 3 12
37 4 12
37 5 12
37 6 12
37 7 12
37 8 12
37 9 12
37 10 12
37 11 12
37 12 12
37 13 12
37 14 12
37 15 12
37 16 23
37 17 23
37 18 23
37 19 23
37 20 23
37 21 23
37 22 23
37 23 23
37 24 23
37 25 23
37 26 23
37 27 23
37 28 23
37 29 23
37 30 25
37 31 25
37 32 25
37 33 25
37 34 16
37 35 16
37 36 16
37 37 16
37 38 16
37 39 16
37 40 16
37 41 14
37 42 14
37 43 14
37 44 5
37 45 5
37 46 5
37 47 5
37 48 5
37 49 5
37 50 5
37 51 5
37 52 5
37 53 5
37 54 5
37 55 18
37 56 18
37 57 18
37 58 18
37 59 18
37 60 18
37 61 18
37 62 18
37 63 18
37 64 18
38 2 12
38 3 12
38 4 12
38 5 12
38 6 12
38 7 12
38 8 12
38 9 12
38 10 12
38 11 12
38 12 12
38 13 12
38 14 12
38 15 12
38 16 23
38 17 23
38 18 23
38 19 23
38 20 23
38 21 23
38 22 23
38 23 23
38 24 23
38 25 23
38 26 23
38 27 23
38 28 23
38 29 23
38 30 16
38 31 16
38 32 16
38 33 16
38 34 16
38 35 16
38 36 16
38 37 16
38 38 16
38 39 16
38 40 16
38 41 16
38 42 16
38 43 16
38 44 5
38 45 5
38 46 5
38 47 5
38 48 5
38 49 5
38 50 5
38 51 5
38 52 5
38 53 5
38 54 5
38 55 18
38 56 18
38 57 18
38 58 18
38 59 18
38 60 18
38 61 18
38 62 18
38 63 18
39 1 12
39 2 12
39 3 12
39 4 12
39 5 12
39 6 12
39 7 12
39 8 12
39 9 12
39 10 12
39 11 12
39 12 12
39 13 12
39 14 12
39 15 12
39 16 23
39 17 23
39 18 23
39 19 23
39 20 23
39 21 23
39 22 23
39 23 23
39 24 23
39 25 23
39 26 23
39 27 23
39 28 23
39 29 23
39 30 16
39 31 16
39 32 16
39 33 16
39 34 16
39 35 16
39 36 16
39 37 16
39 38 16
39 39 16
39 40 16
39 41 16
39 42 16
39 43 16
39 44 5
39 45 5
39 46 5
39 47 5
39 48 5
39 49 5
39 50 5
39 51 5
39 52 5
39 53 5
39 54 5
39 55 18
39 56 18
39 57 18
39 58 18
39 59 18
39 60 18
39 61 18
39 62 18
40 3 12
40 4 12
40 5 12
40 6 12
40 7 12
40 8 12
40 9 12
40 10 12
40 11 12
40 12 12
40 13 12
40 14 12
40 15 12
40 16 12
40 17 23
40 18 23
40 19 23
40 20 23
40 21 23
40 22 23
40 23 23
40 24 23
40 25 23
40 26 23
40 27 23
40 28 23
40 29 23
40 30 16
40 31 16
40 32 16
40 33 16
40 34 16
40 35 16
40 36 16
40 37 16
40 38 16
40 39 16
40 40 16
40 41 16
40 42 16
40 43 16
40 44 5
40 45 5
40 46 5
40 47 5
40 48 5
40 49 5
40 50 5
40 51 5
40 52 5
40 53 5
40 54 5
40 55 18
40 56 18
40 57 18
40 58 18
40 59 18
40 60 18
40 61 18
41 4 12
41 5 12
41 6 12
41 7 12
41 8 12
41 9 12
41 10 12
41 11 12
41 12 12
41 13 12
41 14 12
41 15 12
41 16 12
41 17 23
41 18 23
41 19 23
41 20 22
41 21 22
41 22 22
41 23 22
41 24 22
41 25 22
41 26 22
41 27 22
41 28 22
41 29 22
41 30 16
41 31 16
41 32 16
41 33 16
41 34 16
41 35 16
41 36 16
41 37 16
41 38 16
41 39 16
41 40 16
41 41 16
41 42 16
41 43 16
41 44 5
41 45 5
41 46 5
41 47 5
41 48 5
41 49 5
41 50 5
41 51 5
41 52 5
41 53 5
41 54 5
41 55 18
41 56 18
41 57 18
41 58 18
41 59 18
41 60 18
42 6 12
42 7 12
42 8 12
42 9 12
42 10 12
42 11 12
42 12 12
42 13 12
42 14 12
42 15 12
42 16 12
42 17 22
42 18 22
42 19 22
42 20 22
42 21 22
42 22 22
42 23 22
42 24 22
42 25 22
42 26 22
42 27 22
42 28 22
42 29 22
42 30 16
42 31 16
42 32 16
42 33 16
42 34 16
42 35 16
42 36 16
42 37 16
42 38 16
42 39 16
42 40 16
42 41 16
42 42 16
42 43 16
42 44 5
42 45 5
42 46 5
42 47 5
42 48 5
42 49 5
42 50 5
42 51 5
42 52 5
42 53 5
42 54 5
42 55 5
42 56 18
42 57 18
42 58 18
42 59 18
43 7 12
43 8 12
43 9 12
43 10 12
43 11 12
43 12 12
43 13 12
43 14 12
43 15 12
43 16 12
43 17 22
43 18 22
43 19 22
43 20 22
43 21 22
43 22 22
43 23 22
43 24 22
43 25 22
43 26 22
43 27 22
43 28 22
43 29 22
43 30 16
43 31 16
43 32 16
43 33 16
43 34 16
43 35 16
43 36 16
43 37 16
43 38 16
43 39 16
43 40 16
43 41 16
43 42 16
43 43 16
43 44 5
43 45 5
43 46 5
43 47 5
43 48 21
43 49 21
43 50 21
43 51 21
43 52 21
43 53 21
43 54 21
43 55 21
43 56 18
43 57 18
43 58 18
44 8 12
44 9 12
44 10 12
44 11 12
44 12 12
44 13 12
44 14 12
44 15 12
44 16 12
44 17 22
44 18 22
44 19 22
44 20 22
44 21 22
44 22 22
44 23 22
44 24 22
44 25 22
44 26 22
44 27 22
44 28 22
44 29 22
44 30 16
44 31 16
44 32 16
44 33 16
44 34 16
44 35 16
44 36 16
44 37 16
44 38 16
44 39 16
44 40 16
44 41 16
44 42 16
44 43 16
44 44 21
44 45 21
44 46 21
44 47 21
44 48 21
44 49 21
44 50 21
44 51 21
44 52 21
44 53 21
44 54 21
44 55 21
44 56 18
44 57 18
45 11 12
45 12 12
45 13 12
45 14 12
45 15 12
45 16 12
45 17 22
45 18 22
45 19 22
45 20 22
45 21 22
45 22 22
45 23 22
45 24 22
45 25 22
45 26 22
45 27 22
45 28 22
45 29 22
45 30 19
45 31 19
45 32 19
45 33 19
45 34 19
45 35 19
45 36 19
45 37 19
45 38 19
45 39 16
45 40 16
45 41 16
45 42 16
45 43 21
45 44 21
45 45 21
45 46 21
45 47 21
45 48 21
45 49 21
45 50 21
45 51 21
45 52 21
45 53 21
45 54 21
45 55 21
46 14 12
46 15 12
46 16 12
46 17 22
46 18 22
46 19 22
46 20 22
46 21 22
46 22 22
46 23 22
46 24 22
46 25 22
46 26 22
46 27 22
46 28 22
46 29 19
46 30 19
46 31 19
46 32 19
46 33 19
46 34 19
46 35 19
46 36 19
46 37 19
46 38 19
46 39 19
46 40 19
46 41 19
46 42 21
46 43 21
46 44 21
46 45 21
46 46 21
46 47 21
46 48 21
46 49 21
46 50 21
46 51 21
46 52 21
46 53 21
46 54 21
47 17 22
47 18 22
47 19 22
47 20 22
47 21 22
47 22 22
47 23 22
47 24 22
47 25 22
47 26 22
47 27 22
47 28 22
47 29 19
47 30 19
47 31 19
47 32 19
47 33 19
47 34 19
47 35 19
47 36 19
47 37 19
47 38 19
47 39 19
47 40 19
47 41 19
47 42 21
47 43 21
47 44 21
47 45 21
47 46 21
47 47 21
47 48 21
47 49 21
47 50 21
47 51 21
47 52 21
47 53 21
48 19 22
48 20 22
48 21 22
48 22 22
48 23 22
48 24 22
48 25 22
48 26 22
48 27 22
48 28 22
48 29 19
48 30 19
48 31 19
48 32 19
48 33 19
48 34 19
48 35 19
48 36 19
48 37 19
48 38 19
48 39 19
48 40 19
48 41 19
48 42 21
48 43 21
48 44 21
48 45 21
48 46 21
48 47 21
48 48 21
48 49 21
48 50 21
48 51 21
48 52 21
49 22 22
49 23 22
49 24 22
49 25 22
49 26 22
49 27 22
49 28 22
49 29 19
49 30 19
49 31 19
49 32 19
49 33 19
49 34 19
49 35 19
49 36 19
49 37 19
49 38 19
49 39 19
49 40 19
49 41 19
49 42 21
49 43 21
49 44 21
49 45 21
49 46 21
49 47 21
49 48 21
49 49 21
49 50 21
49 51 21
50 25 22
50 26 22
50 27 22
50 28 22
50 29 19
50 30 19
50 31 19
50 32 19
50 33 19
50 34 19
50 35 19
50 36 19
50 37 19
50 38 19
50 39 19
50 40 19
50 41 19
50 42 21
50 43 21
50 44 21
50 45 21
50 46 21
50 47 21
50 48 21
50 49 21
50 50 21
51 27 22
51 28 22
51 29 19
51 30 19
51 31 19
51 32 19
51 33 19
51 34 19
51 35 19
51 36 19
51 37 19
51 38 19
51 39 19
51 40 19
51 41 19
51 42 21
51 43 21
51 44 21
51 45 21
51 46 21
51 47 21
51 48 21
51 49 21
52 30 19
52 31 19
52 32 19
52 33 19
52 34 19
52 35 19
52 36 19
52 37 19
52 38 19
52 39 19
52 40 19
52 41 19
52 42 21
52 43 21
52 44 21
52 45 21
52 46 21
52 47 21
52 48 21
53 33 19
53 34 19
53 35 19
53 36 19
53 37 19
53 38 19
53 39 19
53 40 19
53 41 19
53 42 21
53 43 21
53 44 21
53 45 21
53 46 21
53 47 21
54 35 19
