29 81 1526
1 1 8
2 1 8
3 1 8
4 1 8
5 1 8
1 2 8
2 2 8
3 2 8
4 2 8
5 2 8
6 2 8
7 2 8
8 2 8
9 2 8
1 3 8
2 3 8
3 3 8
4 3 8
5 3 8
6 3 8
7 3 8
8 3 8
9 3 8
10 3 8
11 3 8
12 3 8
13 3 8
1 4 8
2 4 8
3 4 8
4 4 8
5 4 8
6 4 8
7 4 8
8 4 8
9 4 8
10 4 8
11 4 8
12 4 8
13 4 8
14 4 8
15 4 8
16 4 12
1 5 8
2 5 8
3 5 8
4 5 8
5 5 8
6 5 8
7 5 8
8 5 8
9 5 8
10 5 8
11 5 8
12 5 8
13 5 8
14 5 8
15 5 8
16 5 12
17 5 12
18 5 12
19 5 12
20 5 12
1 6 8
2 6 8
3 6 8
4 6 8
5 6 8
6 6 8
7 6 8
8 6 8
9 6 8
10 6 8
11 6 8
12 6 8
13 6 8
14 6 8
15 6 8
16 6 12
17 6 12
18 6 12
19 6 12
20 6 12
21 6 12
22 6 12
23 6 12
24 6 12
1 7 8
2 7 8
3 7 8
4 7 8
5 7 8
6 7 8
7 7 8
8 7 8
9 7 8
10 7 8
11 7 8
12 7 8
13 7 8
14 7 8
15 7 8
16 7 12
17 7 12
18 7 12
19 7 12
20 7 12
21 7 12
22 7 12
23 7 12
24 7 12
25 7 12
26 7 12
27 7 12
28 7 12
1 8 8
2 8 8
3 8 8
4 8 8
5 8 8
6 8 8
7 8 8
8 8 8
9 8 8
10 8 8
11 8 8
12 8 8
13 8 8
14 8 8
15 8 8
16 8 12
17 8 12
18 8 12
19 8 12
20 8 12
21 8 12
22 8 12
23 8 12
24 8 12
25 8 12
26 8 12
27 8 12
28 8 12
2 9 11
3 9 11
4 9 11
5 9 11
6 9 11
7 9 11
8 9 11
9 9 8
10 9 8
11 9 8
12 9 8
13 9 8
14 9 8
15 9 8
16 9 12
17 9 12
18 9 12
19 9 12
20 9 12
21 9 12
22 9 12
23 9 12
24 9 12
25 9 12
26 9 12
27 9 12
28 9 12
2 10 11
3 10 11
4 10 11
5 10 11
6 10 11
7 10 11
8 10 11
9 10 11
10 10 11
11 10 11
12 10 11
13 10 11
14 10 11
15 10 11
16 10 12
17 10 12
18 10 12
19 10 12
20 10 12
21 10 12
22 10 12
23 10 12
24 10 12
25 10 12
26 10 12
27 10 12
28 10 12
2 11 11
3 11 11
4 11 11
5 11 11
6 11 11
7 11 11
8 11 11
9 11 11
10 11 11
11 11 11
12 11 11
13 11 11
14 11 11
15 11 11
16 11 12
17 11 12
18 11 12
19 11 12
20 11 12
21 11 12
22 11 12
23 11 12
24 11 12
25 11 12
26 11 12
27 11 12
28 11 12
2 12 11
3 12 11
4 12 11
5 12 11
6 12 11
7 12 11
8 12 11
9 12 11
10 12 11
11 12 11
12 12 11
13 12 11
14 12 11
15 12 11
16 12 12
17 12 12
18 12 12
19 12 12
20 12 12
21 12 12
22 12 12
23 12 12
24 12 12
25 12 12
26 12 12
27 12 12
28 12 12
2 13 11
3 13 11
4 13 11
5 13 11
6 13 11
7 13 11
8 13 11
9 13 11
10 13 11
11 13 11
12 13 11
13 13 11
14 13 11
15 13 11
16 13 12
17 13 12
18 13 12
19 13 12
20 13 12
21 13 12
22 13 12
23 13 12
24 13 12
25 13 12
26 13 12
27 13 12
28 13 12
2 14 11
3 14 11
4 14 11
5 14 11
6 14 11
7 14 11
8 14 11
9 14 11
10 14 11
11 14 11
12 14 11
13 14 11
14 14 11
15 14 11
16 14 5
17 14 5
18 14 5
19 14 5
20 14 5
21 14 5
22 14 5
23 14 5
24 14 5
25 14 12
26 14 12
27 14 12
3 15 11
4 15 11
5 15 11
6 15 11
7 15 11
8 15 11
9 15 11
10 15 11
11 15 11
12 15 11
13 15 11
14 15 11
15 15 11
16 15 5
17 15 5
18 15 5
19 15 5
20 15 5
21 15 5
22 15 5
23 15 5
24 15 5
25 15 5
26 15 5
27 15 5
3 16 11
4 16 11
5 16 11
6 16 11
7 16 11
8 16 11
9 16 11
10 16 11
11 16 11
12 16 11
13 16 11
14 16 11
15 16 11
16 16 5
17 16 5
18 16 5
19 16 5
20 16 5
21 16 5
22 16 5
23 16 5
24 16 5
25 16 5
26 16 5
27 16 5
3 17 11
4 17 11
5 17 11
6 17 11
7 17 11
8 17 11
9 17 9
10 17 9
11 17 9
12 17 9
13 17 9
14 17 9
15 17 9
16 17 5
17 17 5
18 17 5
19 17 5
20 17 5
21 17 5
22 17 5
23 17 5
24 17 5
25 17 5
26 17 5
27 17 5
4 18 9
5 18 9
6 18 9
7 18 9
8 18 9
9 18 9
10 18 9
11 18 9
12 18 9
13 18 9
14 18 9
15 18 9
16 18 5
17 18 5
18 18 5
19 18 5
20 18 5
21 18 5
22 18 5
23 18 5
24 18 5
25 18 5
26 18 5
27 18 5
4 19 9
5 19 9
6 19 9
7 19 9
8 19 9
9 19 9
10 19 9
11 19 9
12 19 9
13 19 9
14 19 9
15 19 9
16 19 5
17 19 5
18 19 5
19 19 5
20 19 5
21 19 5
22 19 5
23 19 5
24 19 5
25 19 5
26 19 5
27 19 5
4 20 9
5 20 9
6 20 9
7 20 9
8 20 9
9 20 9
10 20 9
11 20 9
12 20 9
13 20 9
14 20 9
15 20 9
16 20 9
17 20 5
18 20 5
19 20 5
20 20 5
21 20 5
22 20 5
23 20 5
24 20 5
25 20 5
26 20 5
27 20 5
4 21 9
5 21 9
6 21 9
7 21 9
8 21 9
9 21 9
10 21 9
11 21 9
12 21 9
13 21 9
14 21 9
15 21 9
16 21 9
17 21 5
18 21 5
19 21 5
20 21 5
21 21 5
22 21 5
23 21 5
24 21 5
25 21 5
26 21 5
27 21 5
4 22 9
5 22 9
6 22 9
7 22 9
8 22 9
9 22 9
10 22 9
11 22 9
12 22 9
13 22 9
14 22 9
15 22 9
16 22 9
17 22 5
18 22 5
19 22 5
20 22 5
21 22 5
22 22 5
23 22 5
24 22 5
25 22 5
26 22 5
27 22 5
4 23 9
5 23 9
6 23 9
7 23 9
8 23 9
9 23 9
10 23 9
11 23 9
12 23 9
13 23 9
14 23 9
15 23 9
16 23 9
17 23 14
18 23 14
19 23 14
20 23 14
21 23 5
22 23 5
23 23 5
24 23 5
25 23 5
26 23 5
27 23 5
4 24 9
5 24 9
6 24 9
7 24 9
8 24 9
9 24 9
10 24 9
11 24 9
12 24 9
13 24 9
14 24 9
15 24 9
16 24 9
17 24 14
18 24 14
19 24 14
20 24 14
21 24 14
22 24 14
23 24 14
24 24 14
25 24 14
26 24 14
27 24 14
4 25 9
5 25 9
6 25 9
7 25 9
8 25 9
9 25 9
10 25 9
11 25 9
12 25 9
13 25 9
14 25 9
15 25 9
16 25 9
17 25 14
18 25 14
19 25 14
20 25 14
21 25 14
22 25 14
23 25 14
24 25 14
25 25 14
26 25 14
27 25 14
4 26 2
5 26 2
6 26 2
7 26 2
8 26 2
9 26 2
10 26 2
11 26 2
12 26 2
13 26 2
14 26 2
15 26 2
16 26 2
17 26 14
18 26 14
19 26 14
20 26 14
21 26 14
22 26 14
23 26 14
24 26 14
25 26 14
26 26 14
27 26 14
5 27 2
6 27 2
7 27 2
8 27 2
9 27 2
10 27 2
11 27 2
12 27 2
13 27 2
14 27 2
15 27 2
16 27 2
17 27 14
18 27 14
19 27 14
20 27 14
21 27 14
22 27 14
23 27 14
24 27 14
25 27 14
26 27 14
27 27 14
5 28 2
6 28 2
7 28 2
8 28 2
9 28 2
10 28 2
11 28 2
12 28 2
13 28 2
14 28 2
15 28 2
16 28 2
17 28 14
18 28 14
19 28 14
20 28 14
21 28 14
22 28 14
23 28 14
24 28 14
25 28 14
26 28 14
27 28 14
5 29 2
6 29 2
7 29 2
8 29 2
9 29 2
10 29 2
11 29 2
12 29 2
13 29 2
14 29 2
15 29 2
16 29 2
17 29 14
18 29 14
19 29 14
20 29 14
21 29 14
22 29 14
23 29 14
24 29 14
25 29 14
26 29 14
27 29 14
5 30 2
6 30 2
7 30 2
8 30 2
9 30 2
10 30 2
11 30 2
12 30 2
13 30 2
14 30 2
15 30 2
16 30 2
17 30 14
18 30 14
19 30 14
20 30 14
21 30 14
22 30 14
23 30 14
24 30 14
25 30 14
26 30 14
27 30 14
5 31 2
6 31 2
7 31 2
8 31 2
9 31 2
10 31 2
11 31 2
12 31 2
13 31 2
14 31 2
15 31 2
16 31 2
17 31 14
18 31 14
19 31 14
20 31 14
21 31 14
22 31 14
23 31 14
24 31 14
25 31 14
26 31 14
27 31 14
5 32 2
6 32 2
7 32 2
8 32 2
9 32 2
10 32 2
11 32 2
12 32 2
13 32 2
14 32 2
15 32 2
16 32 2
17 32 14
18 32 14
19 32 14
20 32 14
21 32 14
22 32 14
23 32 14
24 32 14
25 32 14
26 32 14
27 32 14
5 33 2
6 33 2
7 33 2
8 33 2
9 33 2
10 33 2
11 33 2
12 33 2
13 33 2
14 33 2
15 33 2
16 33 2
17 33 4
18 33 4
19 33 4
20 33 4
21 33 4
22 33 14
23 33 14
24 33 14
25 33 14
26 33 14
27 33 14
5 34 2
6 34 2
7 34 2
8 34 2
9 34 2
10 34 2
11 34 2
12 34 2
13 34 2
14 34 2
15 34 2
16 34 2
17 34 4
18 34 4
19 34 4
20 34 4
21 34 4
22 34 4
23 34 4
24 34 4
25 34 4
26 34 4
27 34 4
5 35 6
6 35 6
7 35 6
8 35 6
9 35 6
10 35 6
11 35 6
12 35 6
13 35 6
14 35 6
15 35 6
16 35 6
17 35 4
18 35 4
19 35 4
20 35 4
21 35 4
22 35 4
23 35 4
24 35 4
25 35 4
26 35 4
27 35 4
6 36 6
7 36 6
8 36 6
9 36 6
10 36 6
11 36 6
12 36 6
13 36 6
14 36 6
15 36 6
16 36 6
17 36 4
18 36 4
19 36 4
20 36 4
21 36 4
22 36 4
23 36 4
24 36 4
25 36 4
26 36 4
27 36 4
6 37 6
7 37 6
8 37 6
9 37 6
10 37 6
11 37 6
12 37 6
13 37 6
14 37 6
15 37 6
16 37 6
17 37 4
18 37 4
19 37 4
20 37 4
21 37 4
22 37 4
23 37 4
24 37 4
25 37 4
26 37 4
27 37 4
6 38 6
7 38 6
8 38 6
9 38 6
10 38 6
11 38 6
12 38 6
13 38 6
14 38 6
15 38 6
16 38 6
17 38 6
18 38 4
19 38 4
20 38 4
21 38 4
22 38 4
23 38 4
24 38 4
25 38 4
26 38 4
27 38 4
6 39 6
7 39 6
8 39 6
9 39 6
10 39 6
11 39 6
12 39 6
13 39 6
14 39 6
15 39 6
16 39 6
17 39 6
18 39 4
19 39 4
20 39 4
21 39 4
22 39 4
23 39 4
24 39 4
25 39 4
26 39 4
27 39 4
6 40 6
7 40 6
8 40 6
9 40 6
10 40 6
11 40 6
12 40 6
13 40 6
14 40 6
15 40 6
16 40 6
17 40 6
18 40 4
19 40 4
20 40 4
21 40 4
22 40 4
23 40 4
24 40 4
25 40 4
26 40 4
27 40 4
6 41 6
7 41 6
8 41 6
9 41 6
10 41 6
11 41 6
12 41 6
13 41 6
14 41 6
15 41 6
16 41 6
17 41 6
18 41 4
19 41 4
20 41 4
21 41 4
22 41 4
23 41 4
24 41 4
25 41 4
26 41 4
27 41 4
6 42 6
7 42 6
8 42 6
9 42 6
10 42 6
11 42 6
12 42 6
13 42 6
14 42 6
15 42 6
16 42 6
17 42 6
18 42 4
19 42 4
20 42 4
21 42 4
22 42 4
23 42 4
24 42 4
25 42 4
26 42 4
27 42 4
6 43 6
7 43 6
8 43 6
9 43 6
10 43 6
11 43 6
12 43 6
13 43 6
14 43 6
15 43 6
16 43 6
17 43 6
18 43 4
19 43 4
20 43 4
21 43 4
22 43 4
23 43 4
24 43 4
25 43 4
26 43 4
27 43 4
6 44 6
7 44 6
8 44 6
9 44 10
10 44 10
11 44 10
12 44 10
13 44 10
14 44 10
15 44 10
16 44 10
17 44 10
18 44 13
19 44 13
20 44 13
21 44 13
22 44 13
23 44 13
24 44 13
25 44 13
26 44 13
27 44 13
7 45 10
8 45 10
9 45 10
10 45 10
11 45 10
12 45 10
13 45 10
14 45 10
15 45 10
16 45 10
17 45 10
18 45 13
19 45 13
20 45 13
21 45 13
22 45 13
23 45 13
24 45 13
25 45 13
26 45 13
27 45 13
7 46 10
8 46 10
9 46 10
10 46 10
11 46 10
12 46 10
13 46 10
14 46 10
15 46 10
16 46 10
17 46 10
18 46 13
19 46 13
20 46 13
21 46 13
22 46 13
23 46 13
24 46 13
25 46 13
26 46 13
27 46 13
7 47 10
8 47 10
9 47 10
10 47 10
11 47 10
12 47 10
13 47 10
14 47 10
15 47 10
16 47 10
17 47 10
18 47 13
19 47 13
20 47 13
21 47 13
22 47 13
23 47 13
24 47 13
25 47 13
26 47 13
27 47 13
7 48 10
8 48 10
9 48 10
10 48 10
11 48 10
12 48 10
13 48 10
14 48 10
15 48 10
16 48 10
17 48 10
18 48 13
19 48 13
20 48 13
21 48 13
22 48 13
23 48 13
24 48 13
25 48 13
26 48 13
27 48 13
7 49 10
8 49 10
9 49 10
10 49 10
11 49 10
12 49 10
13 49 10
14 49 10
15 49 10
16 49 10
17 49 10
18 49 13
19 49 13
20 49 13
21 49 13
22 49 13
23 49 13
24 49 13
25 49 13
26 49 13
27 49 13
7 50 10
8 50 10
9 50 10
10 50 10
11 50 10
12 50 10
13 50 10
14 50 10
15 50 10
16 50 10
17 50 10
18 50 13
19 50 13
20 50 13
21 50 13
22 50 13
23 50 13
24 50 13
25 50 13
26 50 13
27 50 13
7 51 10
8 51 10
9 51 10
10 51 10
11 51 10
12 51 10
13 51 10
14 51 10
15 51 10
16 51 10
17 51 10
18 51 13
19 51 13
20 51 13
21 51 13
22 51 13
23 51 13
24 51 13
25 51 13
26 51 13
27 51 13
7 52 10
8 52 10
9 52 10
10 52 10
11 52 10
12 52 10
13 52 10
14 52 10
15 52 10
16 52 10
17 52 10
18 52 13
19 52 13
20 52 13
21 52 13
22 52 13
23 52 13
24 52 13
25 52 13
26 52 13
27 52 13
7 53 10
8 53 10
9 53 10
10 53 10
11 53 10
12 53 10
13 53 10
14 53 10
15 53 10
16 53 10
17 53 10
18 53 13
19 53 13
20 53 13
21 53 13
22 53 13
23 53 13
24 53 13
25 53 13
26 53 13
27 53 13
8 54 10
9 54 3
10 54 3
11 54 3
12 54 3
13 54 3
14 54 3
15 54 3
16 54 3
17 54 3
18 54 3
19 54 13
20 54 13
21 54 13
22 54 13
23 54 13
24 54 13
25 54 13
26 54 13
27 54 13
8 55 3
9 55 3
10 55 3
11 55 3
12 55 3
13 55 3
14 55 3
15 55 3
16 55 3
17 55 3
18 55 3
19 55 7
20 55 7
21 55 7
22 55 7
23 55 7
24 55 7
25 55 7
26 55 7
27 55 7
8 56 3
9 56 3
10 56 3
11 56 3
12 56 3
13 56 3
14 56 3
15 56 3
16 56 3
17 56 3
18 56 7
19 56 7
20 56 7
21 56 7
22 56 7
23 56 7
24 56 7
25 56 7
26 56 7
27 56 7
8 57 3
9 57 3
10 57 3
11 57 3
12 57 3
13 57 3
14 57 3
15 57 3
16 57 3
17 57 3
18 57 7
19 57 7
20 57 7
21 57 7
22 57 7
23 57 7
24 57 7
25 57 7
26 57 7
27 57 7
8 58 3
9 58 3
10 58 3
11 58 3
12 58 3
13 58 3
14 58 3
15 58 3
16 58 3
17 58 3
18 58 7
19 58 7
20 58 7
21 58 7
22 58 7
23 58 7
24 58 7
25 58 7
26 58 7
27 58 7
8 59 3
9 59 3
10 59 3
11 59 3
12 59 3
13 59 3
14 59 3
15 59 3
16 59 3
17 59 3
18 59 7
19 59 7
20 59 7
21 59 7
22 59 7
23 59 7
24 59 7
25 59 7
26 59 7
8 60 3
9 60 3
10 60 3
11 60 3
12 60 3
13 60 3
14 60 3
15 60 3
16 60 3
17 60 3
18 60 7
19 60 7
20 60 7
21 60 7
22 60 7
23 60 7
24 60 7
25 60 7
26 60 7
8 61 3
9 61 3
10 61 3
11 61 3
12 61 3
13 61 3
14 61 3
15 61 3
16 61 3
17 61 3
18 61 7
19 61 7
20 61 7
21 61 7
22 61 7
23 61 7
24 61 7
25 61 7
26 61 7
8 62 3
9 62 3
10 62 3
11 62 3
12 62 3
13 62 3
14 62 3
15 62 3
16 62 3
17 62 3
18 62 7
19 62 7
20 62 7
21 62 7
22 62 7
23 62 7
24 62 7
25 62 7
9 63 3
10 63 3
11 63 3
12 63 3
13 63 3
14 63 3
15 63 3
16 63 3
17 63 3
18 63 7
19 63 7
20 63 7
21 63 7
22 63 7
23 63 7
24 63 7
25 63 7
9 64 3
10 64 3
11 64 3
12 64 3
13 64 3
14 64 3
15 64 3
16 64 3
17 64 3
18 64 7
19 64 7
20 64 7
21 64 7
22 64 7
23 64 7
24 64 7
25 64 7
9 65 1
10 65 1
11 65 1
12 65 1
13 65 1
14 65 1
15 65 1
16 65 1
17 65 1
18 65 1
19 65 7
20 65 7
21 65 7
22 65 7
23 65 7
24 65 7
9 66 1
10 66 1
11 66 1
12 66 1
13 66 1
14 66 1
15 66 1
16 66 1
17 66 1
18 66 1
19 66 7
20 66 7
21 66 7
22 66 7
23 66 7
9 67 1
10 67 1
11 67 1
12 67 1
13 67 1
14 67 1
15 67 1
16 67 1
17 67 1
18 67 1
19 67 7
20 67 7
21 67 7
22 67 7
9 68 1
10 68 1
11 68 1
12 68 1
13 68 1
14 68 1
15 68 1
16 68 1
17 68 1
18 68 1
19 68 7
20 68 7
21 68 7
9 69 1
10 69 1
11 69 1
12 69 1
13 69 1
14 69 1
15 69 1
16 69 1
17 69 1
18 69 1
19 69 1
20 69 7
9 70 1
10 70 1
11 70 1
12 70 1
13 70 1
14 70 1
15 70 1
16 70 1
17 70 1
18 70 1
19 70 1
9 71 1
10 71 1
11 71 1
12 71 1
13 71 1
14 71 1
15 71 1
16 71 1
17 71 1
18 71 1
10 72 1
11 72 1
12 72 1
13 72 1
14 72 1
15 72 1
16 72 1
17 72 1
10 73 1
11 73 1
12 73 1
13 73 1
14 73 1
15 73 1
16 73 1
10 74 1
11 74 1
12 74 1
13 74 1
14 74 1
15 74 1
10 75 1
11 75 1
12 75 1
13 75 1
14 75 1
10 76 1
11 76 1
12 76 1
13 76 1
10 77 1
11 77 1
12 77 1
10 78 1
11 78 1
10 79 1
10 80 1
