61 58 2616
1 25 21
1 26 21
1 27 21
1 28 21
1 29 21
1 30 21
1 31 21
1 32 21
1 33 19
1 34 19
1 35 19
1 36 19
1 37 19
1 38 19
1 39 19
1 40 19
1 41 19
1 42 19
1 43 19
1 44 19
1 45 19
1 46 19
2 22 21
2 23 21
2 24 21
2 25 21
2 26 21
2 27 21
2 28 21
2 29 21
2 30 21
2 31 21
2 32 21
2 33 19
2 34 19
2 35 19
2 36 19
2 37 19
2 38 19
2 39 19
2 40 19
2 41 19
2 42 19
2 43 19
2 44 19
2 45 19
2 46 19
3 20 21
3 21 21
3 22 21
3 23 21
3 24 21
3 25 21
3 26 21
3 27 21
3 28 21
3 29 21
3 30 21
3 31 21
3 32 21
3 33 19
3 34 19
3 35 19
3 36 19
3 37 19
3 38 19
3 39 19
3 40 19
3 41 19
3 42 19
3 43 19
3 44 19
3 45 19
3 46 19
4 17 21
4 18 21
4 19 21
4 20 21
4 21 21
4 22 21
4 23 21
4 24 21
4 25 21
4 26 21
4 27 21
4 28 21
4 29 21
4 30 21
4 31 21
4 32 21
4 33 19
4 34 19
4 35 19
4 36 19
4 37 19
4 38 19
4 39 19
4 40 19
4 41 19
4 42 19
4 43 19
4 44 19
4 45 19
4 46 19
4 47 19
5 15 7
5 16 7
5 17 21
5 18 21
5 19 21
5 20 21
5 21 21
5 22 21
5 23 21
5 24 21
5 25 21
5 26 21
5 27 21
5 28 21
5 29 21
5 30 21
5 31 21
5 32 21
5 33 19
5 34 19
5 35 19
5 36 19
5 37 19
5 38 19
5 39 19
5 40 19
5 41 19
5 42 19
5 43 19
5 44 19
5 45 19
5 46 19
5 47 19
6 12 7
6 13 7
6 14 7
6 15 7
6 16 7
6 17 21
6 18 21
6 19 21
6 20 21
6 21 21
6 22 21
6 23 21
6 24 21
6 25 21
6 26 21
6 27 21
6 28 21
6 29 21
6 30 21
6 31 21
6 32 21
6 33 19
6 34 19
6 35 19
6 36 19
6 37 19
6 38 19
6 39 19
6 40 19
6 41 19
6 42 19
6 43 19
6 44 19
6 45 19
6 46 19
6 47 19
7 10 7
7 11 7
7 12 7
7 13 7
7 14 7
7 15 7
7 16 7
7 17 7
7 18 21
7 19 21
7 20 21
7 21 21
7 22 21
7 23 21
7 24 21
7 25 21
7 26 21
7 27 21
7 28 21
7 29 21
7 30 21
7 31 21
7 32 21
7 33 19
7 34 19
7 35 19
7 36 19
7 37 19
7 38 19
7 39 19
7 40 19
7 41 19
7 42 19
7 43 19
7 44 19
7 45 19
7 46 16
7 47 16
7 48 16
8 7 7
8 8 7
8 9 7
8 10 7
8 11 7
8 12 7
8 13 7
8 14 7
8 15 7
8 16 7
8 17 7
8 18 21
8 19 21
8 20 21
8 21 21
8 22 21
8 23 21
8 24 21
8 25 21
8 26 21
8 27 21
8 28 21
8 29 21
8 30 21
8 31 21
8 32 17
8 33 17
8 34 17
8 35 19
8 36 19
8 37 19
8 38 19
8 39 19
8 40 19
8 41 19
8 42 19
8 43 19
8 44 16
8 45 16
8 46 16
8 47 16
8 48 16
9 4 7
9 5 7
9 6 7
9 7 7
9 8 7
9 9 7
9 10 7
9 11 7
9 12 7
9 13 7
9 14 7
9 15 7
9 16 7
9 17 15
9 18 15
9 19 15
9 20 15
9 21 15
9 22 15
9 23 15
9 24 15
9 25 18
9 26 18
9 27 18
9 28 18
9 29 18
9 30 18
9 31 18
9 32 17
9 33 17
9 34 17
9 35 17
9 36 17
9 37 17
9 38 17
9 39 17
9 40 17
9 41 17
9 42 16
9 43 16
9 44 16
9 45 16
9 46 16
9 47 16
9 48 16
10 4 7
10 5 7
10 6 7
10 7 7
10 8 7
10 9 7
10 10 7
10 11 7
10 12 7
10 13 7
10 14 7
10 15 7
10 16 7
10 17 15
10 18 15
10 19 15
10 20 15
10 21 15
10 22 15
10 23 15
10 24 15
10 25 18
10 26 18
10 27 18
10 28 18
10 29 18
10 30 18
10 31 18
10 32 17
10 33 17
10 34 17
10 35 17
10 36 17
10 37 17
10 38 17
10 39 17
10 40 17
10 41 17
10 42 16
10 43 16
10 44 16
10 45 16
10 46 16
10 47 16
10 48 16
10 49 16
11 4 7
11 5 7
11 6 7
11 7 7
11 8 7
11 9 7
11 10 7
11 11 7
11 12 7
11 13 7
11 14 7
11 15 7
11 16 7
11 17 15
11 18 15
11 19 15
11 20 15
11 21 15
11 22 15
11 23 15
11 24 15
11 25 18
11 26 18
11 27 18
11 28 18
11 29 18
11 30 18
11 31 18
11 32 17
11 33 17
11 34 17
11 35 17
11 36 17
11 37 17
11 38 17
11 39 17
11 40 17
11 41 17
11 42 16
11 43 16
11 44 16
11 45 16
11 46 16
11 47 16
11 48 16
11 49 16
12 4 7
12 5 7
12 6 7
12 7 7
12 8 7
12 9 7
12 10 7
12 11 7
12 12 7
12 13 7
12 14 7
12 15 7
12 16 7
12 17 15
12 18 15
12 19 15
12 20 15
12 21 15
12 22 15
12 23 15
12 24 15
12 25 18
12 26 18
12 27 18
12 28 18
12 29 18
12 30 18
12 31 18
12 32 17
12 33 17
12 34 17
12 35 17
12 36 17
12 37 17
12 38 17
12 39 17
12 40 17
12 41 17
12 42 16
12 43 16
12 44 16
12 45 16
12 46 16
12 47 16
12 48 16
12 49 16
13 4 7
13 5 7
13 6 7
13 7 7
13 8 7
13 9 7
13 10 7
13 11 7
13 12 7
13 13 7
13 14 7
13 15 7
13 16 7
13 17 15
13 18 15
13 19 15
13 20 15
13 21 15
13 22 15
13 23 15
13 24 15
13 25 18
13 26 18
13 27 18
13 28 18
13 29 18
13 30 18
13 31 18
13 32 17
13 33 17
13 34 17
13 35 17
13 36 17
13 37 17
13 38 17
13 39 17
13 40 17
13 41 17
13 42 16
13 43 16
13 44 16
13 45 16
13 46 16
13 47 16
13 48 16
13 49 16
13 50 16
14 4 7
14 5 7
14 6 7
14 7 7
14 8 7
14 9 7
14 10 7
14 11 7
14 12 7
14 13 7
14 14 7
14 15 7
14 16 7
14 17 15
14 18 15
14 19 15
14 20 15
14 21 15
14 22 15
14 23 15
14 24 15
14 25 18
14 26 18
14 27 18
14 28 18
14 29 18
14 30 18
14 31 18
14 32 18
14 33 18
14 34 17
14 35 17
14 36 17
14 37 17
14 38 17
14 39 17
14 40 17
14 41 17
14 42 16
14 43 16
14 44 16
14 45 16
14 46 16
14 47 16
14 48 16
14 49 16
14 50 16
15 4 12
15 5 12
15 6 12
15 7 12
15 8 12
15 9 12
15 10 12
15 11 12
15 12 7
15 13 7
15 14 7
15 15 7
15 16 7
15 17 15
15 18 15
15 19 15
15 20 15
15 21 15
15 22 15
15 23 15
15 24 15
15 25 18
15 26 18
15 27 18
15 28 18
15 29 18
15 30 18
15 31 18
15 32 18
15 33 18
15 34 17
15 35 17
15 36 17
15 37 17
15 38 17
15 39 17
15 40 17
15 41 17
15 42 16
15 43 16
15 44 16
15 45 16
15 46 16
15 47 16
15 48 16
15 49 16
15 50 16
16 3 12
16 4 12
16 5 12
16 6 12
16 7 12
16 8 12
16 9 12
16 10 12
16 11 12
16 12 12
16 13 12
16 14 12
16 15 12
16 16 12
16 17 15
16 18 15
16 19 15
16 20 15
16 21 15
16 22 15
16 23 15
16 24 15
16 25 18
16 26 18
16 27 18
16 28 18
16 29 18
16 30 18
16 31 18
16 32 18
16 33 18
16 34 17
16 35 17
16 36 17
16 37 17
16 38 17
16 39 17
16 40 17
16 41 17
16 42 16
16 43 16
16 44 16
16 45 16
16 46 16
16 47 16
16 48 16
16 49 16
16 50 16
16 51 16
17 3 12
17 4 12
17 5 12
17 6 12
17 7 12
17 8 12
17 9 12
17 10 12
17 11 12
17 12 12
17 13 12
17 14 12
17 15 12
17 16 12
17 17 15
17 18 15
17 19 15
17 20 15
17 21 15
17 22 15
17 23 15
17 24 15
17 25 18
17 26 18
17 27 18
17 28 18
17 29 18
17 30 18
17 31 18
17 32 18
17 33 18
17 34 17
17 35 17
17 36 17
17 37 17
17 38 17
17 39 17
17 40 17
17 41 17
17 42 16
17 43 16
17 44 16
17 45 16
17 46 16
17 47 16
17 48 16
17 49 16
17 50 16
17 51 16
18 3 12
18 4 12
18 5 12
18 6 12
18 7 12
18 8 12
18 9 12
18 10 12
18 11 12
18 12 12
18 13 12
18 14 12
18 15 12
18 16 12
18 17 15
18 18 15
18 19 15
18 20 15
18 21 15
18 22 15
18 23 15
18 24 15
18 25 18
18 26 18
18 27 18
18 28 18
18 29 18
18 30 18
18 31 18
18 32 18
18 33 18
18 34 17
18 35 17
18 36 17
18 37 17
18 38 17
18 39 17
18 40 17
18 41 17
18 42 16
18 43 16
18 44 16
18 45 16
18 46 16
18 47 16
18 48 16
18 49 16
18 50 16
18 51 16
19 3 12
19 4 12
19 5 12
19 6 12
19 7 12
19 8 12
19 9 12
19 10 12
19 11 12
19 12 12
19 13 12
19 14 12
19 15 12
19 16 12
19 17 15
19 18 15
19 19 15
19 20 15
19 21 15
19 22 15
19 23 15
19 24 15
19 25 18
19 26 18
19 27 18
19 28 18
19 29 18
19 30 18
19 31 18
19 32 18
19 33 18
19 34 17
19 35 17
19 36 17
19 37 17
19 38 17
19 39 17
19 40 17
19 41 17
19 42 16
19 43 16
19 44 16
19 45 16
19 46 16
19 47 16
19 48 16
19 49 6
19 50 6
19 51 6
19 52 6
20 3 12
20 4 12
20 5 12
20 6 12
20 7 12
20 8 12
20 9 12
20 10 12
20 11 12
20 12 12
20 13 12
20 14 12
20 15 12
20 16 12
20 17 15
20 18 15
20 19 15
20 20 15
20 21 15
20 22 15
20 23 15
20 24 18
20 25 18
20 26 18
20 27 18
20 28 18
20 29 18
20 30 18
20 31 18
20 32 18
20 33 18
20 34 17
20 35 17
20 36 17
20 37 17
20 38 17
20 39 17
20 40 17
20 41 17
20 42 16
20 43 16
20 44 16
20 45 16
20 46 16
20 47 16
20 48 6
20 49 6
20 50 6
20 51 6
20 52 6
21 3 12
21 4 12
21 5 12
21 6 12
21 7 12
21 8 12
21 9 12
21 10 12
21 11 12
21 12 12
21 13 12
21 14 12
21 15 12
21 16 12
21 17 15
21 18 15
21 19 15
21 20 15
21 21 15
21 22 15
21 23 15
21 24 18
21 25 18
21 26 18
21 27 18
21 28 18
21 29 18
21 30 18
21 31 18
21 32 18
21 33 18
21 34 4
21 35 4
21 36 4
21 37 4
21 38 4
21 39 4
21 40 4
21 41 4
21 42 6
21 43 6
21 44 6
21 45 6
21 46 6
21 47 6
21 48 6
21 49 6
21 50 6
21 51 6
21 52 6
22 2 22
22 3 12
22 4 12
22 5 12
22 6 12
22 7 12
22 8 12
22 9 12
22 10 12
22 11 12
22 12 12
22 13 12
22 14 12
22 15 12
22 16 12
22 17 15
22 18 15
22 19 15
22 20 15
22 21 15
22 22 15
22 23 15
22 24 2
22 25 2
22 26 2
22 27 2
22 28 2
22 29 2
22 30 2
22 31 2
22 32 4
22 33 4
22 34 4
22 35 4
22 36 4
22 37 4
22 38 4
22 39 4
22 40 4
22 41 4
22 42 6
22 43 6
22 44 6
22 45 6
22 46 6
22 47 6
22 48 6
22 49 6
22 50 6
22 51 6
22 52 6
22 53 6
23 2 22
23 3 22
23 4 22
23 5 22
23 6 22
23 7 22
23 8 22
23 9 22
23 10 12
23 11 12
23 12 12
23 13 13
23 14 13
23 15 13
23 16 13
23 17 13
23 18 13
23 19 13
23 20 13
23 21 13
23 22 13
23 23 13
23 24 2
23 25 2
23 26 2
23 27 2
23 28 2
23 29 2
23 30 2
23 31 2
23 32 4
23 33 4
23 34 4
23 35 4
23 36 4
23 37 4
23 38 4
23 39 4
23 40 4
23 41 4
23 42 6
23 43 6
23 44 6
23 45 6
23 46 6
23 47 6
23 48 6
23 49 6
23 50 6
23 51 6
23 52 6
23 53 6
24 2 22
24 3 22
24 4 22
24 5 22
24 6 22
24 7 22
24 8 22
24 9 22
24 10 22
24 11 22
24 12 22
24 13 13
24 14 13
24 15 13
24 16 13
24 17 13
24 18 13
24 19 13
24 20 13
24 21 13
24 22 13
24 23 13
24 24 2
24 25 2
24 26 2
24 27 2
24 28 2
24 29 2
24 30 2
24 31 2
24 32 4
24 33 4
24 34 4
24 35 4
24 36 4
24 37 4
24 38 4
24 39 4
24 40 4
24 41 4
24 42 6
24 43 6
24 44 6
24 45 6
24 46 6
24 47 6
24 48 6
24 49 6
24 50 6
24 51 6
24 52 6
24 53 6
25 2 22
25 3 22
25 4 22
25 5 22
25 6 22
25 7 22
25 8 22
25 9 22
25 10 22
25 11 22
25 12 22
25 13 13
25 14 13
25 15 13
25 16 13
25 17 13
25 18 13
25 19 13
25 20 13
25 21 13
25 22 13
25 23 13
25 24 2
25 25 2
25 26 2
25 27 2
25 28 2
25 29 2
25 30 2
25 31 2
25 32 2
25 33 4
25 34 4
25 35 4
25 36 4
25 37 4
25 38 4
25 39 4
25 40 4
25 41 4
25 42 6
25 43 6
25 44 6
25 45 6
25 46 6
25 47 6
25 48 6
25 49 6
25 50 6
25 51 6
25 52 6
25 53 6
25 54 6
26 2 22
26 3 22
26 4 22
26 5 22
26 6 22
26 7 22
26 8 22
26 9 22
26 10 22
26 11 22
26 12 22
26 13 13
26 14 13
26 15 13
26 16 13
26 17 13
26 18 13
26 19 13
26 20 13
26 21 13
26 22 13
26 23 13
26 24 2
26 25 2
26 26 2
26 27 2
26 28 2
26 29 2
26 30 2
26 31 2
26 32 2
26 33 4
26 34 4
26 35 4
26 36 4
26 37 4
26 38 4
26 39 4
26 40 4
26 41 4
26 42 6
26 43 6
26 44 6
26 45 6
26 46 6
26 47 6
26 48 6
26 49 6
26 50 6
26 51 6
26 52 6
26 53 6
26 54 6
27 2 22
27 3 22
27 4 22
27 5 22
27 6 22
27 7 22
27 8 22
27 9 22
27 10 22
27 11 22
27 12 22
27 13 13
27 14 13
27 15 13
27 16 13
27 17 13
27 18 13
27 19 13
27 20 13
27 21 13
27 22 13
27 23 13
27 24 2
27 25 2
27 26 2
27 27 2
27 28 2
27 29 2
27 30 2
27 31 2
27 32 2
27 33 4
27 34 4
27 35 4
27 36 4
27 37 4
27 38 4
27 39 4
27 40 4
27 41 4
27 42 6
27 43 6
27 44 6
27 45 6
27 46 6
27 47 6
27 48 6
27 49 6
27 50 6
27 51 6
27 52 6
27 53 6
27 54 6
28 1 22
28 2 22
28 3 22
28 4 22
28 5 22
28 6 22
28 7 22
28 8 22
28 9 22
28 10 22
28 11 22
28 12 22
28 13 13
28 14 13
28 15 13
28 16 13
28 17 13
28 18 13
28 19 13
28 20 13
28 21 13
28 22 13
28 23 2
28 24 2
28 25 2
28 26 2
28 27 2
28 28 2
28 29 2
28 30 2
28 31 2
28 32 2
28 33 4
28 34 4
28 35 4
28 36 4
28 37 4
28 38 4
28 39 4
28 40 4
28 41 4
28 42 6
28 43 6
28 44 6
28 45 6
28 46 6
28 47 6
28 48 6
28 49 6
28 50 6
28 51 6
28 52 6
28 53 6
28 54 6
28 55 6
29 2 22
29 3 22
29 4 22
29 5 22
29 6 22
29 7 22
29 8 22
29 9 22
29 10 22
29 11 22
29 12 22
29 13 13
29 14 13
29 15 13
29 16 13
29 17 13
29 18 13
29 19 13
29 20 13
29 21 13
29 22 13
29 23 2
29 24 2
29 25 2
29 26 2
29 27 2
29 28 2
29 29 2
29 30 2
29 31 2
29 32 2
29 33 4
29 34 4
29 35 4
29 36 4
29 37 4
29 38 4
29 39 4
29 40 4
29 41 4
29 42 4
29 43 20
29 44 20
29 45 20
29 46 20
29 47 20
29 48 20
29 49 20
29 50 20
29 51 20
29 52 20
29 53 20
29 54 20
29 55 20
30 2 22
30 3 22
30 4 22
30 5 22
30 6 22
30 7 22
30 8 22
30 9 22
30 10 22
30 11 22
30 12 22
30 13 13
30 14 13
30 15 13
30 16 13
30 17 13
30 18 13
30 19 13
30 20 13
30 21 13
30 22 13
30 23 2
30 24 2
30 25 2
30 26 2
30 27 2
30 28 2
30 29 2
30 30 2
30 31 2
30 32 2
30 33 4
30 34 4
30 35 4
30 36 4
30 37 4
30 38 4
30 39 4
30 40 4
30 41 4
30 42 4
30 43 20
30 44 20
30 45 20
30 46 20
30 47 20
30 48 20
30 49 20
30 50 20
30 51 20
30 52 20
30 53 20
30 54 20
30 55 20
31 2 22
31 3 22
31 4 22
31 5 22
31 6 22
31 7 22
31 8 22
31 9 22
31 10 22
31 11 22
31 12 22
31 13 13
31 14 13
31 15 13
31 16 13
31 17 13
31 18 13
31 19 13
31 20 13
31 21 13
31 22 13
31 23 2
31 24 2
31 25 2
31 26 2
31 27 2
31 28 2
31 29 2
31 30 2
31 31 2
31 32 2
31 33 4
31 34 4
31 35 4
31 36 4
31 37 4
31 38 4
31 39 4
31 40 4
31 41 4
31 42 4
31 43 20
31 44 20
31 45 20
31 46 20
31 47 20
31 48 20
31 49 20
31 50 20
31 51 20
31 52 20
31 53 20
31 54 20
31 55 20
31 56 20
32 2 22
32 3 22
32 4 22
32 5 22
32 6 22
32 7 22
32 8 22
32 9 22
32 10 22
32 11 22
32 12 22
32 13 13
32 14 13
32 15 13
32 16 13
32 17 13
32 18 13
32 19 13
32 20 13
32 21 13
32 22 13
32 23 2
32 24 2
32 25 2
32 26 2
32 27 2
32 28 2
32 29 2
32 30 2
32 31 2
32 32 2
32 33 4
32 34 4
32 35 4
32 36 4
32 37 4
32 38 5
32 39 5
32 40 5
32 41 5
32 42 5
32 43 20
32 44 20
32 45 20
32 46 20
32 47 20
32 48 20
32 49 20
32 50 20
32 51 20
32 52 20
32 53 20
32 54 20
32 55 20
32 56 20
33 2 10
33 3 10
33 4 10
33 5 10
33 6 10
33 7 10
33 8 10
33 9 10
33 10 10
33 11 10
33 12 8
33 13 8
33 14 8
33 15 8
33 16 8
33 17 8
33 18 8
33 19 13
33 20 13
33 21 13
33 22 13
33 23 2
33 24 2
33 25 2
33 26 2
33 27 2
33 28 2
33 29 2
33 30 2
33 31 1
33 32 1
33 33 1
33 34 5
33 35 5
33 36 5
33 37 5
33 38 5
33 39 5
33 40 5
33 41 5
33 42 5
33 43 20
33 44 20
33 45 20
33 46 20
33 47 20
33 48 20
33 49 20
33 50 20
33 51 20
33 52 20
33 53 20
33 54 20
33 55 20
33 56 20
33 57 20
34 2 10
34 3 10
34 4 10
34 5 10
34 6 10
34 7 10
34 8 10
34 9 10
34 10 10
34 11 10
34 12 8
34 13 8
34 14 8
34 15 8
34 16 8
34 17 8
34 18 8
34 19 8
34 20 8
34 21 8
34 22 8
34 23 1
34 24 1
34 25 1
34 26 1
34 27 1
34 28 1
34 29 1
34 30 1
34 31 1
34 32 1
34 33 1
34 34 5
34 35 5
34 36 5
34 37 5
34 38 5
34 39 5
34 40 5
34 41 5
34 42 5
34 43 20
34 44 20
34 45 20
34 46 20
34 47 20
34 48 20
34 49 20
34 50 20
34 51 20
34 52 20
34 53 20
34 54 20
34 55 20
34 56 20
35 2 10
35 3 10
35 4 10
35 5 10
35 6 10
35 7 10
35 8 10
35 9 10
35 10 10
35 11 10
35 12 8
35 13 8
35 14 8
35 15 8
35 16 8
35 17 8
35 18 8
35 19 8
35 20 8
35 21 8
35 22 8
35 23 1
35 24 1
35 25 1
35 26 1
35 27 1
35 28 1
35 29 1
35 30 1
35 31 1
35 32 1
35 33 1
35 34 5
35 35 5
35 36 5
35 37 5
35 38 5
35 39 5
35 40 5
35 41 5
35 42 5
35 43 5
35 44 20
35 45 20
35 46 20
35 47 20
35 48 20
35 49 20
35 50 20
35 51 20
35 52 20
35 53 20
35 54 20
35 55 20
35 56 20
36 3 10
36 4 10
36 5 10
36 6 10
36 7 10
36 8 10
36 9 10
36 10 10
36 11 10
36 12 8
36 13 8
36 14 8
36 15 8
36 16 8
36 17 8
36 18 8
36 19 8
36 20 8
36 21 8
36 22 8
36 23 1
36 24 1
36 25 1
36 26 1
36 27 1
36 28 1
36 29 1
36 30 1
36 31 1
36 32 1
36 33 1
36 34 5
36 35 5
36 36 5
36 37 5
36 38 5
36 39 5
36 40 5
36 41 5
36 42 5
36 43 5
36 44 20
36 45 20
36 46 20
36 47 20
36 48 20
36 49 20
36 50 20
36 51 20
36 52 20
36 53 20
36 54 20
36 55 20
36 56 20
37 3 10
37 4 10
37 5 10
37 6 10
37 7 10
37 8 10
37 9 10
37 10 10
37 11 10
37 12 8
37 13 8
37 14 8
37 15 8
37 16 8
37 17 8
37 18 8
37 19 8
37 20 8
37 21 8
37 22 8
37 23 1
37 24 1
37 25 1
37 26 1
37 27 1
37 28 1
37 29 1
37 30 1
37 31 1
37 32 1
37 33 1
37 34 5
37 35 5
37 36 5
37 37 5
37 38 5
37 39 5
37 40 5
37 41 5
37 42 5
37 43 5
37 44 5
37 45 9
37 46 9
37 47 9
37 48 9
37 49 9
37 50 9
37 51 9
37 52 9
37 53 9
37 54 9
37 55 9
37 56 9
38 3 10
38 4 10
38 5 10
38 6 10
38 7 10
38 8 10
38 9 10
38 10 10
38 11 10
38 12 8
38 13 8
38 14 8
38 15 8
38 16 8
38 17 8
38 18 8
38 19 8
38 20 8
38 21 8
38 22 8
38 23 1
38 24 1
38 25 1
38 26 1
38 27 1
38 28 1
38 29 1
38 30 1
38 31 1
38 32 1
38 33 1
38 34 5
38 35 5
38 36 5
38 37 5
38 38 5
38 39 5
38 40 5
38 41 5
38 42 5
38 43 5
38 44 5
38 45 9
38 46 9
38 47 9
38 48 9
38 49 9
38 50 9
38 51 9
38 52 9
38 53 9
38 54 9
38 55 9
38 56 9
39 3 10
39 4 10
39 5 10
39 6 10
39 7 10
39 8 10
39 9 10
39 10 10
39 11 10
39 12 8
39 13 8
39 14 8
39 15 8
39 16 8
39 17 8
39 18 8
39 19 8
39 20 8
39 21 8
39 22 8
39 23 1
39 24 1
39 25 1
39 26 1
39 27 1
39 28 1
39 29 1
39 30 1
39 31 1
39 32 1
39 33 1
39 34 5
39 35 5
39 36 5
39 37 5
39 38 5
39 39 5
39 40 5
39 41 5
39 42 5
39 43 5
39 44 5
39 45 9
39 46 9
39 47 9
39 48 9
39 49 9
39 50 9
39 51 9
39 52 9
39 53 9
39 54 9
39 55 9
39 56 9
40 3 10
40 4 10
40 5 10
40 6 10
40 7 10
40 8 10
40 9 10
40 10 10
40 11 10
40 12 8
40 13 8
40 14 8
40 15 8
40 16 8
40 17 8
40 18 8
40 19 8
40 20 8
40 21 8
40 22 8
40 23 8
40 24 1
40 25 1
40 26 1
40 27 1
40 28 1
40 29 1
40 30 1
40 31 1
40 32 1
40 33 1
40 34 5
40 35 5
40 36 5
40 37 5
40 38 5
40 39 5
40 40 5
40 41 5
40 42 5
40 43 5
40 44 5
40 45 9
40 46 9
40 47 9
40 48 9
40 49 9
40 50 9
40 51 9
40 52 9
40 53 9
40 54 9
40 55 9
40 56 9
41 3 10
41 4 10
41 5 10
41 6 10
41 7 10
41 8 10
41 9 10
41 10 10
41 11 10
41 12 8
41 13 8
41 14 8
41 15 8
41 16 8
41 17 8
41 18 8
41 19 8
41 20 8
41 21 8
41 22 8
41 23 8
41 24 1
41 25 1
41 26 1
41 27 1
41 28 1
41 29 1
41 30 1
41 31 1
41 32 1
41 33 1
41 34 5
41 35 5
41 36 5
41 37 5
41 38 5
41 39 5
41 40 5
41 41 5
41 42 5
41 43 5
41 44 5
41 45 9
41 46 9
41 47 9
41 48 9
41 49 9
41 50 9
41 51 9
41 52 9
41 53 9
41 54 9
41 55 9
41 56 9
42 3 10
42 4 10
42 5 10
42 6 10
42 7 10
42 8 10
42 9 10
42 10 10
42 11 10
42 12 8
42 13 8
42 14 8
42 15 8
42 16 8
42 17 8
42 18 8
42 19 8
42 20 8
42 21 8
42 22 8
42 23 8
42 24 1
42 25 1
42 26 1
42 27 1
42 28 1
42 29 1
42 30 1
42 31 1
42 32 1
42 33 1
42 34 5
42 35 5
42 36 5
42 37 5
42 38 5
42 39 5
42 40 5
42 41 5
42 42 5
42 43 5
42 44 5
42 45 9
42 46 9
42 47 9
42 48 9
42 49 9
42 50 9
42 51 9
42 52 9
42 53 9
42 54 9
42 55 9
42 56 9
43 5 10
43 6 10
43 7 10
43 8 10
43 9 10
43 10 10
43 11 14
43 12 14
43 13 14
43 14 14
43 15 14
43 16 14
43 17 14
43 18 14
43 19 14
43 20 14
43 21 14
43 22 14
43 23 14
43 24 1
43 25 1
43 26 1
43 27 1
43 28 1
43 29 1
43 30 1
43 31 1
43 32 1
43 33 1
43 34 23
43 35 23
43 36 23
43 37 23
43 38 23
43 39 23
43 40 23
43 41 23
43 42 23
43 43 23
43 44 23
43 45 9
43 46 9
43 47 9
43 48 9
43 49 9
43 50 9
43 51 9
43 52 9
43 53 9
43 54 9
43 55 9
43 56 9
44 6 10
44 7 10
44 8 10
44 9 10
44 10 10
44 11 14
44 12 14
44 13 14
44 14 14
44 15 14
44 16 14
44 17 14
44 18 14
44 19 14
44 20 14
44 21 14
44 22 14
44 23 14
44 24 14
44 25 11
44 26 11
44 27 11
44 28 11
44 29 11
44 30 11
44 31 11
44 32 11
44 33 11
44 34 23
44 35 23
44 36 23
44 37 23
44 38 23
44 39 23
44 40 23
44 41 23
44 42 23
44 43 23
44 44 23
44 45 23
44 46 23
44 47 23
44 48 9
44 49 9
44 50 9
44 51 9
44 52 9
44 53 9
44 54 9
44 55 9
45 8 10
45 9 10
45 10 10
45 11 14
45 12 14
45 13 14
45 14 14
45 15 14
45 16 14
45 17 14
45 18 14
45 19 14
45 20 14
45 21 14
45 22 14
45 23 14
45 24 14
45 25 11
45 26 11
45 27 11
45 28 11
45 29 11
45 30 11
45 31 11
45 32 11
45 33 11
45 34 23
45 35 23
45 36 23
45 37 23
45 38 23
45 39 23
45 40 23
45 41 23
45 42 23
45 43 23
45 44 23
45 45 23
45 46 23
45 47 23
45 48 9
45 49 9
45 50 9
45 51 9
45 52 9
45 53 9
45 54 9
45 55 9
46 9 10
46 10 10
46 11 14
46 12 14
46 13 14
46 14 14
46 15 14
46 16 14
46 17 14
46 18 14
46 19 14
46 20 14
46 21 14
46 22 14
46 23 14
46 24 14
46 25 11
46 26 11
46 27 11
46 28 11
46 29 11
46 30 11
46 31 11
46 32 11
46 33 11
46 34 23
46 35 23
46 36 23
46 37 23
46 38 23
46 39 23
46 40 23
46 41 23
46 42 23
46 43 23
46 44 23
46 45 23
46 46 23
46 47 23
46 48 9
46 49 9
46 50 9
46 51 9
46 52 9
46 53 9
46 54 9
46 55 9
47 11 14
47 12 14
47 13 14
47 14 14
47 15 14
47 16 14
47 17 14
47 18 14
47 19 14
47 20 14
47 21 14
47 22 14
47 23 14
47 24 14
47 25 11
47 26 11
47 27 11
47 28 11
47 29 11
47 30 11
47 31 11
47 32 11
47 33 11
47 34 23
47 35 23
47 36 23
47 37 23
47 38 23
47 39 23
47 40 23
47 41 23
47 42 23
47 43 23
47 44 23
47 45 23
47 46 23
47 47 23
47 48 9
47 49 3
47 50 3
47 51 3
47 52 3
47 53 3
47 54 3
47 55 3
48 12 14
48 13 14
48 14 14
48 15 14
48 16 14
48 17 14
48 18 14
48 19 14
48 20 14
48 21 14
48 22 14
48 23 14
48 24 14
48 25 11
48 26 11
48 27 11
48 28 11
48 29 11
48 30 11
48 31 11
48 32 11
48 33 11
48 34 23
48 35 23
48 36 23
48 37 23
48 38 23
48 39 23
48 40 23
48 41 23
48 42 23
48 43 23
48 44 23
48 45 23
48 46 23
48 47 23
48 48 3
48 49 3
48 50 3
48 51 3
48 52 3
48 53 3
48 54 3
48 55 3
49 15 14
49 16 14
49 17 14
49 18 14
49 19 14
49 20 14
49 21 14
49 22 14
49 23 14
49 24 14
49 25 11
49 26 11
49 27 11
49 28 11
49 29 11
49 30 11
49 31 11
49 32 11
49 33 11
49 34 23
49 35 23
49 36 23
49 37 23
49 38 23
49 39 23
49 40 23
49 41 23
49 42 23
49 43 23
49 44 23
49 45 23
49 46 23
49 47 23
49 48 3
49 49 3
49 50 3
49 51 3
49 52 3
49 53 3
49 54 3
49 55 3
50 17 14
50 18 14
50 19 14
50 20 14
50 21 14
50 22 14
50 23 14
50 24 14
50 25 11
50 26 11
50 27 11
50 28 11
50 29 11
50 30 11
50 31 11
50 32 11
50 33 11
50 34 23
50 35 23
50 36 23
50 37 23
50 38 23
50 39 23
50 40 23
50 41 23
50 42 23
50 43 23
50 44 23
50 45 23
50 46 23
50 47 23
50 48 3
50 49 3
50 50 3
50 51 3
50 52 3
50 53 3
50 54 3
50 55 3
51 20 14
51 21 14
51 22 14
51 23 14
51 24 14
51 25 11
51 26 11
51 27 11
51 28 11
51 29 11
51 30 11
51 31 11
51 32 11
51 33 11
51 34 11
51 35 24
51 36 24
51 37 24
51 38 24
51 39 24
51 40 24
51 41 24
51 42 24
51 43 24
51 44 24
51 45 24
51 46 24
51 47 24
51 48 3
51 49 3
51 50 3
51 51 3
51 52 3
51 53 3
51 54 3
51 55 3
52 22 14
52 23 14
52 24 14
52 25 11
52 26 11
52 27 11
52 28 11
52 29 11
52 30 11
52 31 11
52 32 11
52 33 11
52 34 11
52 35 24
52 36 24
52 37 24
52 38 24
52 39 24
52 40 24
52 41 24
52 42 24
52 43 24
52 44 24
52 45 24
52 46 24
52 47 24
52 48 3
52 49 3
52 50 3
52 51 3
52 52 3
52 53 3
52 54 3
52 55 3
53 24 14
53 25 11
53 26 11
53 27 11
53 28 11
53 29 11
53 30 11
53 31 11
53 32 11
53 33 11
53 34 11
53 35 24
53 36 24
53 37 24
53 38 24
53 39 24
53 40 24
53 41 24
53 42 24
53 43 24
53 44 24
53 45 24
53 46 24
53 47 3
53 48 3
53 49 3
53 50 3
53 51 3
53 52 3
53 53 3
53 54 3
53 55 3
54 27 11
54 28 11
54 29 11
54 30 11
54 31 11
54 32 11
54 33 11
54 34 11
54 35 24
54 36 24
54 37 24
54 38 24
54 39 24
54 40 24
54 41 24
54 42 24
54 43 24
54 44 24
54 45 24
54 46 24
54 47 3
54 48 3
54 49 3
54 50 3
54 51 3
54 52 3
54 53 3
54 54 3
54 55 3
55 29 11
55 30 11
55 31 11
55 32 11
55 33 11
55 34 24
55 35 24
55 36 24
55 37 24
55 38 24
55 39 24
55 40 24
55 41 24
55 42 24
55 43 24
55 44 24
55 45 24
55 46 24
55 47 3
55 48 3
55 49 3
55 50 3
55 51 3
55 52 3
55 53 3
55 54 3
56 31 11
56 32 11
56 33 11
56 34 24
56 35 24
56 36 24
56 37 24
56 38 24
56 39 24
56 40 24
56 41 24
56 42 24
56 43 24
56 44 24
56 45 24
56 46 24
56 47 3
56 48 3
56 49 3
56 50 3
56 51 3
56 52 3
56 53 3
56 54 3
57 34 24
57 35 24
57 36 24
57 37 24
57 38 24
57 39 24
57 40 24
57 41 24
57 42 24
57 43 24
57 44 24
57 45 24
57 46 24
57 47 3
57 48 3
57 49 3
57 50 3
57 51 3
57 52 3
57 53 3
57 54 3
58 36 24
58 37 24
58 38 24
58 39 24
58 40 24
58 41 24
58 42 24
58 43 24
58 44 24
58 45 24
58 46 24
58 47 3
58 48 3
58 49 3
58 50 3
58 51 3
58 52 3
58 53 3
59 38 24
59 39 24
59 40 24
59 41 24
59 42 24
59 43 24
59 44 24
59 45 24
59 46 24
59 47 3
59 48 3
59 49 3
59 50 3
59 51 3
59 52 3
59 53 3
60 47 3
60 48 3
60 49 3
60 50 3
60 51 3
60 52 3
