45 41 1199
16 1 6
17 1 6
18 1 6
19 1 6
20 1 6
21 1 2
22 1 2
23 1 2
24 1 2
13 2 6
14 2 6
15 2 6
16 2 6
17 2 6
18 2 6
19 2 6
20 2 6
21 2 2
22 2 2
23 2 2
24 2 2
25 2 2
26 2 2
27 2 2
28 2 2
29 2 2
9 3 6
10 3 6
11 3 6
12 3 6
13 3 6
14 3 6
15 3 6
16 3 6
17 3 6
18 3 6
19 3 6
20 3 6
21 3 2
22 3 2
23 3 2
24 3 2
25 3 2
26 3 2
27 3 2
28 3 2
29 3 2
30 3 2
31 3 2
32 3 11
33 3 11
34 3 11
8 4 6
9 4 6
10 4 6
11 4 6
12 4 6
13 4 6
14 4 6
15 4 6
16 4 6
17 4 6
18 4 6
19 4 6
20 4 6
21 4 2
22 4 2
23 4 2
24 4 2
25 4 2
26 4 2
27 4 2
28 4 2
29 4 2
30 4 2
31 4 2
32 4 11
33 4 11
34 4 11
35 4 11
36 4 11
37 4 11
38 4 11
39 4 11
7 5 6
8 5 6
9 5 6
10 5 6
11 5 6
12 5 6
13 5 6
14 5 6
15 5 6
16 5 6
17 5 6
18 5 6
19 5 6
20 5 6
21 5 2
22 5 2
23 5 2
24 5 2
25 5 2
26 5 2
27 5 2
28 5 2
29 5 2
30 5 2
31 5 2
32 5 11
33 5 11
34 5 11
35 5 11
36 5 11
37 5 11
38 5 11
39 5 11
40 5 11
41 5 11
42 5 11
43 5 11
44 5 11
6 6 6
7 6 6
8 6 6
9 6 6
10 6 6
11 6 6
12 6 6
13 6 6
14 6 6
15 6 6
16 6 6
17 6 6
18 6 6
19 6 6
20 6 6
21 6 2
22 6 2
23 6 2
24 6 2
25 6 2
26 6 2
27 6 2
28 6 2
29 6 2
30 6 2
31 6 2
32 6 11
33 6 11
34 6 11
35 6 11
36 6 11
37 6 11
38 6 11
39 6 11
40 6 11
41 6 11
42 6 11
43 6 11
5 7 6
6 7 6
7 7 6
8 7 6
9 7 6
10 7 6
11 7 6
12 7 6
13 7 6
14 7 6
15 7 6
16 7 6
17 7 6
18 7 6
19 7 6
20 7 6
21 7 2
22 7 2
23 7 2
24 7 2
25 7 2
26 7 2
27 7 2
28 7 2
29 7 2
30 7 2
31 7 2
32 7 11
33 7 11
34 7 11
35 7 11
36 7 11
37 7 11
38 7 11
39 7 11
40 7 11
41 7 11
42 7 11
43 7 11
4 8 6
5 8 6
6 8 6
7 8 6
8 8 6
9 8 6
10 8 6
11 8 6
12 8 6
13 8 6
14 8 6
15 8 6
16 8 6
17 8 6
18 8 6
19 8 6
20 8 6
21 8 2
22 8 2
23 8 2
24 8 2
25 8 2
26 8 2
27 8 2
28 8 2
29 8 2
30 8 2
31 8 2
32 8 11
33 8 11
34 8 11
35 8 11
36 8 11
37 8 11
38 8 11
39 8 11
40 8 11
41 8 11
42 8 11
43 8 11
3 9 10
4 9 10
5 9 10
6 9 10
7 9 10
8 9 10
9 9 10
10 9 10
11 9 10
12 9 6
13 9 6
14 9 6
15 9 6
16 9 6
17 9 6
18 9 6
19 9 6
20 9 6
21 9 2
22 9 2
23 9 2
24 9 2
25 9 2
26 9 2
27 9 2
28 9 2
29 9 2
30 9 2
31 9 2
32 9 11
33 9 11
34 9 11
35 9 11
36 9 11
37 9 11
38 9 11
39 9 11
40 9 11
41 9 11
42 9 11
43 9 11
1 10 10
2 10 10
3 10 10
4 10 10
5 10 10
6 10 10
7 10 10
8 10 10
9 10 10
10 10 10
11 10 10
12 10 10
13 10 3
14 10 3
15 10 3
16 10 3
17 10 3
18 10 3
19 10 3
20 10 3
21 10 3
22 10 2
23 10 2
24 10 2
25 10 2
26 10 2
27 10 2
28 10 2
29 10 2
30 10 2
31 10 2
32 10 11
33 10 11
34 10 11
35 10 11
36 10 11
37 10 11
38 10 11
39 10 11
40 10 11
41 10 11
42 10 11
43 10 11
2 11 10
3 11 10
4 11 10
5 11 10
6 11 10
7 11 10
8 11 10
9 11 10
10 11 10
11 11 10
12 11 10
13 11 3
14 11 3
15 11 3
16 11 3
17 11 3
18 11 3
19 11 3
20 11 3
21 11 3
22 11 3
23 11 2
24 11 2
25 11 2
26 11 2
27 11 2
28 11 2
29 11 2
30 11 2
31 11 2
32 11 11
33 11 11
34 11 11
35 11 11
36 11 11
37 11 11
38 11 11
39 11 11
40 11 11
41 11 11
42 11 11
43 11 11
3 12 10
4 12 10
5 12 10
6 12 10
7 12 10
8 12 10
9 12 10
10 12 10
11 12 10
12 12 10
13 12 3
14 12 3
15 12 3
16 12 3
17 12 3
18 12 3
19 12 3
20 12 3
21 12 3
22 12 3
23 12 9
24 12 9
25 12 9
26 12 9
27 12 9
28 12 9
29 12 9
30 12 9
31 12 9
32 12 1
33 12 1
34 12 1
35 12 1
36 12 1
37 12 11
38 12 11
39 12 11
40 12 11
41 12 11
42 12 11
43 12 11
3 13 10
4 13 10
5 13 10
6 13 10
7 13 10
8 13 10
9 13 10
10 13 10
11 13 10
12 13 10
13 13 3
14 13 3
15 13 3
16 13 3
17 13 3
18 13 3
19 13 3
20 13 3
21 13 3
22 13 3
23 13 9
24 13 9
25 13 9
26 13 9
27 13 9
28 13 9
29 13 9
30 13 9
31 13 9
32 13 1
33 13 1
34 13 1
35 13 1
36 13 1
37 13 1
38 13 11
39 13 11
40 13 11
41 13 11
42 13 11
43 13 11
4 14 10
5 14 10
6 14 10
7 14 10
8 14 10
9 14 10
10 14 10
11 14 10
12 14 10
13 14 3
14 14 3
15 14 3
16 14 3
17 14 3
18 14 3
19 14 3
20 14 3
21 14 3
22 14 3
23 14 9
24 14 9
25 14 9
26 14 9
27 14 9
28 14 9
29 14 9
30 14 9
31 14 9
32 14 1
33 14 1
34 14 1
35 14 1
36 14 1
37 14 1
38 14 1
39 14 1
40 14 1
41 14 1
42 14 1
4 15 10
5 15 10
6 15 10
7 15 10
8 15 10
9 15 10
10 15 10
11 15 10
12 15 10
13 15 3
14 15 3
15 15 3
16 15 3
17 15 3
18 15 3
19 15 3
20 15 3
21 15 3
22 15 3
23 15 9
24 15 9
25 15 9
26 15 9
27 15 9
28 15 9
29 15 9
30 15 9
31 15 9
32 15 1
33 15 1
34 15 1
35 15 1
36 15 1
37 15 1
38 15 1
39 15 1
40 15 1
41 15 1
42 15 1
5 16 10
6 16 10
7 16 10
8 16 10
9 16 10
10 16 10
11 16 10
12 16 10
13 16 3
14 16 3
15 16 3
16 16 3
17 16 3
18 16 3
19 16 3
20 16 3
21 16 3
22 16 3
23 16 9
24 16 9
25 16 9
26 16 9
27 16 9
28 16 9
29 16 9
30 16 9
31 16 9
32 16 1
33 16 1
34 16 1
35 16 1
36 16 1
37 16 1
38 16 1
39 16 1
40 16 1
41 16 1
42 16 1
5 17 10
6 17 10
7 17 10
8 17 10
9 17 10
10 17 10
11 17 10
12 17 10
13 17 3
14 17 3
15 17 3
16 17 3
17 17 3
18 17 3
19 17 3
20 17 3
21 17 3
22 17 3
23 17 9
24 17 9
25 17 9
26 17 9
27 17 9
28 17 9
29 17 9
30 17 9
31 17 9
32 17 1
33 17 1
34 17 1
35 17 1
36 17 1
37 17 1
38 17 1
39 17 1
40 17 1
41 17 1
42 17 1
6 18 10
7 18 10
8 18 10
9 18 10
10 18 10
11 18 10
12 18 10
13 18 3
14 18 3
15 18 3
16 18 3
17 18 3
18 18 3
19 18 3
20 18 3
21 18 3
22 18 9
23 18 9
24 18 9
25 18 9
26 18 9
27 18 9
28 18 9
29 18 9
30 18 9
31 18 9
32 18 1
33 18 1
34 18 1
35 18 1
36 18 1
37 18 1
38 18 1
39 18 1
40 18 1
41 18 1
42 18 1
6 19 10
7 19 10
8 19 10
9 19 10
10 19 10
11 19 10
12 19 10
13 19 3
14 19 3
15 19 3
16 19 3
17 19 3
18 19 3
19 19 3
20 19 3
21 19 3
22 19 9
23 19 9
24 19 9
25 19 9
26 19 9
27 19 9
28 19 9
29 19 9
30 19 9
31 19 9
32 19 1
33 19 1
34 19 1
35 19 1
36 19 1
37 19 1
38 19 1
39 19 1
40 19 1
41 19 1
42 19 1
7 20 10
8 20 10
9 20 10
10 20 10
11 20 10
12 20 10
13 20 3
14 20 3
15 20 3
16 20 3
17 20 3
18 20 3
19 20 3
20 20 3
21 20 3
22 20 9
23 20 9
24 20 9
25 20 9
26 20 9
27 20 9
28 20 9
29 20 9
30 20 9
31 20 9
32 20 1
33 20 1
34 20 1
35 20 1
36 20 1
37 20 1
38 20 1
39 20 1
40 20 1
41 20 1
42 20 1
7 21 10
8 21 10
9 21 10
10 21 5
11 21 5
12 21 5
13 21 5
14 21 5
15 21 5
16 21 5
17 21 5
18 21 5
19 21 3
20 21 3
21 21 3
22 21 9
23 21 9
24 21 9
25 21 9
26 21 9
27 21 9
28 21 9
29 21 9
30 21 9
31 21 9
32 21 1
33 21 1
34 21 1
35 21 1
36 21 1
37 21 1
38 21 1
39 21 1
40 21 1
41 21 1
42 21 1
8 22 5
9 22 5
10 22 5
11 22 5
12 22 5
13 22 5
14 22 5
15 22 5
16 22 5
17 22 5
18 22 5
19 22 5
20 22 5
21 22 5
22 22 9
23 22 9
24 22 9
25 22 9
26 22 9
27 22 9
28 22 9
29 22 9
30 22 9
31 22 9
32 22 1
33 22 1
34 22 1
35 22 1
36 22 1
37 22 1
38 22 1
39 22 1
40 22 1
41 22 1
8 23 5
9 23 5
10 23 5
11 23 5
12 23 5
13 23 5
14 23 5
15 23 5
16 23 5
17 23 5
18 23 5
19 23 5
20 23 5
21 23 5
22 23 9
23 23 9
24 23 9
25 23 9
26 23 9
27 23 8
28 23 8
29 23 8
30 23 8
31 23 4
32 23 4
33 23 4
34 23 4
35 23 4
36 23 4
37 23 4
38 23 4
39 23 4
40 23 4
41 23 4
9 24 5
10 24 5
11 24 5
12 24 5
13 24 5
14 24 5
15 24 5
16 24 5
17 24 5
18 24 5
19 24 5
20 24 5
21 24 5
22 24 8
23 24 8
24 24 8
25 24 8
26 24 8
27 24 8
28 24 8
29 24 8
30 24 8
31 24 4
32 24 4
33 24 4
34 24 4
35 24 4
36 24 4
37 24 4
38 24 4
39 24 4
40 24 4
41 24 4
9 25 5
10 25 5
11 25 5
12 25 5
13 25 5
14 25 5
15 25 5
16 25 5
17 25 5
18 25 5
19 25 5
20 25 5
21 25 5
22 25 8
23 25 8
24 25 8
25 25 8
26 25 8
27 25 8
28 25 8
29 25 8
30 25 8
31 25 4
32 25 4
33 25 4
34 25 4
35 25 4
36 25 4
37 25 4
38 25 4
39 25 4
40 25 4
41 25 4
10 26 5
11 26 5
12 26 5
13 26 5
14 26 5
15 26 5
16 26 5
17 26 5
18 26 5
19 26 5
20 26 5
21 26 5
22 26 8
23 26 8
24 26 8
25 26 8
26 26 8
27 26 8
28 26 8
29 26 8
30 26 8
31 26 4
32 26 4
33 26 4
34 26 4
35 26 4
36 26 4
37 26 4
38 26 4
39 26 4
40 26 4
41 26 4
10 27 5
11 27 5
12 27 5
13 27 5
14 27 5
15 27 5
16 27 5
17 27 5
18 27 5
19 27 5
20 27 5
21 27 5
22 27 8
23 27 8
24 27 8
25 27 8
26 27 8
27 27 8
28 27 8
29 27 8
30 27 8
31 27 4
32 27 4
33 27 4
34 27 4
35 27 4
36 27 4
37 27 4
38 27 4
39 27 4
40 27 4
41 27 4
11 28 5
12 28 5
13 28 5
14 28 5
15 28 5
16 28 5
17 28 5
18 28 5
19 28 5
20 28 5
21 28 5
22 28 8
23 28 8
24 28 8
25 28 8
26 28 8
27 28 8
28 28 8
29 28 8
30 28 8
31 28 4
32 28 4
33 28 4
34 28 4
35 28 4
36 28 4
37 28 4
38 28 4
39 28 4
40 28 4
41 28 4
11 29 5
12 29 5
13 29 5
14 29 5
15 29 5
16 29 5
17 29 5
18 29 5
19 29 5
20 29 5
21 29 5
22 29 8
23 29 8
24 29 8
25 29 8
26 29 8
27 29 8
28 29 8
29 29 8
30 29 8
31 29 8
32 29 4
33 29 4
34 29 4
35 29 4
36 29 4
37 29 4
38 29 4
39 29 4
40 29 4
41 29 4
12 30 7
13 30 7
14 30 7
15 30 7
16 30 7
17 30 7
18 30 7
19 30 7
20 30 7
21 30 7
22 30 7
23 30 7
24 30 8
25 30 8
26 30 8
27 30 8
28 30 8
29 30 8
30 30 8
31 30 8
32 30 4
33 30 4
34 30 4
35 30 4
36 30 4
37 30 4
38 30 4
39 30 4
40 30 4
12 31 7
13 31 7
14 31 7
15 31 7
16 31 7
17 31 7
18 31 7
19 31 7
20 31 7
21 31 7
22 31 7
23 31 7
24 31 7
25 31 8
26 31 8
27 31 8
28 31 8
29 31 8
30 31 8
31 31 8
32 31 4
33 31 4
34 31 4
35 31 4
36 31 4
37 31 4
38 31 4
39 31 4
13 32 7
14 32 7
15 32 7
16 32 7
17 32 7
18 32 7
19 32 7
20 32 7
21 32 7
22 32 7
23 32 7
24 32 7
25 32 8
26 32 8
27 32 8
28 32 8
29 32 8
30 32 8
31 32 8
32 32 4
33 32 4
34 32 4
35 32 4
36 32 4
37 32 4
38 32 4
39 32 4
13 33 7
14 33 7
15 33 7
16 33 7
17 33 7
18 33 7
19 33 7
20 33 7
21 33 7
22 33 7
23 33 7
24 33 7
25 33 8
26 33 8
27 33 8
28 33 8
29 33 8
30 33 8
31 33 8
32 33 4
33 33 4
34 33 4
35 33 4
36 33 4
14 34 7
15 34 7
16 34 7
17 34 7
18 34 7
19 34 7
20 34 7
21 34 7
22 34 7
23 34 7
24 34 7
25 34 8
26 34 8
27 34 8
28 34 8
29 34 8
30 34 8
31 34 8
32 34 4
33 34 4
34 34 4
14 35 7
15 35 7
16 35 7
17 35 7
18 35 7
19 35 7
20 35 7
21 35 7
22 35 7
23 35 7
24 35 7
25 35 8
26 35 8
27 35 8
28 35 8
29 35 8
30 35 8
31 35 8
15 36 7
16 36 7
17 36 7
18 36 7
19 36 7
20 36 7
21 36 7
22 36 7
23 36 7
24 36 7
25 36 8
26 36 8
27 36 8
28 36 8
29 36 8
15 37 7
16 37 7
17 37 7
18 37 7
19 37 7
20 37 7
21 37 7
22 37 7
23 37 7
24 37 7
25 37 8
26 37 8
16 38 7
17 38 7
18 38 7
19 38 7
20 38 7
21 38 7
22 38 7
23 38 7
24 38 7
16 39 7
17 39 7
18 39 7
19 39 7
20 39 7
21 39 7
17 40 7
18 40 7
19 40 7
