49 48 1635
14 1 3
15 1 3
16 1 3
17 1 3
18 1 3
19 1 3
20 1 3
21 1 3
14 2 3
15 2 3
16 2 3
17 2 3
18 2 3
19 2 3
20 2 3
21 2 3
22 2 3
14 3 3
15 3 3
16 3 3
17 3 3
18 3 3
19 3 3
20 3 3
21 3 3
22 3 3
23 3 3
13 4 3
14 4 3
15 4 3
16 4 3
17 4 3
18 4 3
19 4 3
20 4 3
21 4 3
22 4 3
23 4 3
24 4 3
13 5 3
14 5 3
15 5 3
16 5 3
17 5 3
18 5 3
19 5 3
20 5 3
21 5 3
22 5 3
23 5 3
24 5 3
25 5 3
12 6 3
13 6 3
14 6 3
15 6 3
16 6 3
17 6 3
18 6 3
19 6 3
20 6 3
21 6 3
22 6 3
23 6 3
24 6 3
25 6 3
26 6 15
27 6 15
12 7 3
13 7 3
14 7 3
15 7 3
16 7 3
17 7 3
18 7 3
19 7 3
20 7 3
21 7 3
22 7 3
23 7 3
24 7 3
25 7 3
26 7 15
27 7 15
28 7 15
12 8 3
13 8 3
14 8 3
15 8 3
16 8 3
17 8 3
18 8 3
19 8 3
20 8 3
21 8 3
22 8 3
23 8 3
24 8 3
25 8 3
26 8 15
27 8 15
28 8 15
29 8 15
30 8 15
10 9 12
11 9 12
12 9 12
13 9 12
14 9 12
15 9 3
16 9 3
17 9 3
18 9 3
19 9 3
20 9 3
21 9 3
22 9 3
23 9 3
24 9 3
25 9 3
26 9 15
27 9 15
28 9 15
29 9 15
30 9 15
31 9 15
10 10 12
11 10 12
12 10 12
13 10 12
14 10 12
15 10 12
16 10 3
17 10 3
18 10 3
19 10 3
20 10 15
21 10 15
22 10 15
23 10 15
24 10 15
25 10 15
26 10 15
27 10 15
28 10 15
29 10 15
30 10 15
31 10 15
32 10 1
9 11 12
10 11 12
11 11 12
12 11 12
13 11 12
14 11 12
15 11 12
16 11 12
17 11 12
18 11 12
19 11 15
20 11 15
21 11 15
22 11 15
23 11 15
24 11 15
25 11 15
26 11 15
27 11 15
28 11 15
29 11 15
30 11 15
31 11 15
32 11 1
33 11 1
34 11 1
9 12 12
10 12 12
11 12 12
12 12 12
13 12 12
14 12 12
15 12 12
16 12 12
17 12 12
18 12 12
19 12 15
20 12 15
21 12 15
22 12 15
23 12 15
24 12 15
25 12 15
26 12 15
27 12 15
28 12 15
29 12 15
30 12 1
31 12 1
32 12 1
33 12 1
34 12 1
35 12 1
9 13 12
10 13 12
11 13 12
12 13 12
13 13 12
14 13 12
15 13 12
16 13 12
17 13 12
18 13 12
19 13 15
20 13 15
21 13 15
22 13 15
23 13 15
24 13 15
25 13 15
26 13 15
27 13 15
28 13 15
29 13 15
30 13 1
31 13 1
32 13 1
33 13 1
34 13 1
35 13 1
36 13 1
8 14 12
9 14 12
10 14 12
11 14 12
12 14 12
13 14 12
14 14 12
15 14 12
16 14 12
17 14 12
18 14 12
19 14 15
20 14 15
21 14 15
22 14 15
23 14 15
24 14 15
25 14 15
26 14 15
27 14 15
28 14 15
29 14 15
30 14 1
31 14 1
32 14 1
33 14 1
34 14 1
35 14 1
36 14 1
37 14 1
8 15 12
9 15 12
10 15 12
11 15 12
12 15 12
13 15 12
14 15 12
15 15 12
16 15 12
17 15 12
18 15 12
19 15 15
20 15 15
21 15 15
22 15 15
23 15 15
24 15 15
25 15 15
26 15 15
27 15 15
28 15 15
29 15 15
30 15 1
31 15 1
32 15 1
33 15 1
34 15 1
35 15 1
36 15 1
37 15 1
38 15 1
7 16 12
8 16 12
9 16 12
10 16 12
11 16 12
12 16 12
13 16 12
14 16 12
15 16 12
16 16 12
17 16 12
18 16 12
19 16 15
20 16 15
21 16 15
22 16 15
23 16 15
24 16 15
25 16 15
26 16 15
27 16 15
28 16 15
29 16 15
30 16 1
31 16 1
32 16 1
33 16 1
34 16 1
35 16 1
36 16 1
37 16 1
38 16 1
39 16 1
40 16 1
7 17 12
8 17 12
9 17 12
10 17 12
11 17 12
12 17 12
13 17 12
14 17 12
15 17 12
16 17 12
17 17 12
18 17 12
19 17 15
20 17 15
21 17 15
22 17 15
23 17 15
24 17 15
25 17 15
26 17 15
27 17 15
28 17 15
29 17 15
30 17 1
31 17 1
32 17 1
33 17 1
34 17 1
35 17 1
36 17 1
37 17 1
38 17 1
39 17 1
40 17 1
7 18 12
8 18 12
9 18 12
10 18 12
11 18 12
12 18 12
13 18 12
14 18 12
15 18 12
16 18 12
17 18 12
18 18 12
19 18 15
20 18 15
21 18 4
22 18 4
23 18 4
24 18 4
25 18 4
26 18 4
27 18 4
28 18 1
29 18 1
30 18 1
31 18 1
32 18 1
33 18 1
34 18 1
35 18 1
36 18 1
37 18 1
38 18 1
39 18 1
40 18 1
6 19 7
7 19 7
8 19 7
9 19 12
10 19 12
11 19 12
12 19 12
13 19 12
14 19 12
15 19 12
16 19 12
17 19 12
18 19 12
19 19 4
20 19 4
21 19 4
22 19 4
23 19 4
24 19 4
25 19 4
26 19 4
27 19 4
28 19 1
29 19 1
30 19 1
31 19 1
32 19 1
33 19 1
34 19 1
35 19 1
36 19 1
37 19 1
38 19 1
39 19 1
40 19 1
41 19 1
6 20 7
7 20 7
8 20 7
9 20 7
10 20 7
11 20 7
12 20 7
13 20 7
14 20 7
15 20 7
16 20 4
17 20 4
18 20 4
19 20 4
20 20 4
21 20 4
22 20 4
23 20 4
24 20 4
25 20 4
26 20 4
27 20 4
28 20 4
29 20 1
30 20 1
31 20 1
32 20 1
33 20 1
34 20 1
35 20 1
36 20 1
37 20 1
38 20 1
39 20 1
40 20 1
41 20 1
5 21 7
6 21 7
7 21 7
8 21 7
9 21 7
10 21 7
11 21 7
12 21 7
13 21 7
14 21 7
15 21 7
16 21 4
17 21 4
18 21 4
19 21 4
20 21 4
21 21 4
22 21 4
23 21 4
24 21 4
25 21 4
26 21 4
27 21 4
28 21 4
29 21 1
30 21 1
31 21 1
32 21 1
33 21 1
34 21 1
35 21 1
36 21 1
37 21 1
38 21 1
39 21 1
40 21 1
41 21 1
42 21 11
5 22 7
6 22 7
7 22 7
8 22 7
9 22 7
10 22 7
11 22 7
12 22 7
13 22 7
14 22 7
15 22 7
16 22 4
17 22 4
18 22 4
19 22 4
20 22 4
21 22 4
22 22 4
23 22 4
24 22 4
25 22 4
26 22 4
27 22 4
28 22 4
29 22 11
30 22 11
31 22 11
32 22 11
33 22 11
34 22 11
35 22 11
36 22 11
37 22 11
38 22 11
39 22 11
40 22 11
41 22 11
42 22 11
5 23 7
6 23 7
7 23 7
8 23 7
9 23 7
10 23 7
11 23 7
12 23 7
13 23 7
14 23 7
15 23 7
16 23 4
17 23 4
18 23 4
19 23 4
20 23 4
21 23 4
22 23 4
23 23 4
24 23 4
25 23 4
26 23 4
27 23 4
28 23 4
29 23 11
30 23 11
31 23 11
32 23 11
33 23 11
34 23 11
35 23 11
36 23 11
37 23 11
38 23 11
39 23 11
40 23 11
41 23 11
42 23 11
4 24 7
5 24 7
6 24 7
7 24 7
8 24 7
9 24 7
10 24 7
11 24 7
12 24 7
13 24 7
14 24 7
15 24 7
16 24 4
17 24 4
18 24 4
19 24 4
20 24 4
21 24 4
22 24 4
23 24 4
24 24 4
25 24 4
26 24 4
27 24 4
28 24 4
29 24 11
30 24 11
31 24 11
32 24 11
33 24 11
34 24 11
35 24 11
36 24 11
37 24 11
38 24 11
39 24 11
40 24 11
41 24 11
42 24 11
43 24 11
4 25 7
5 25 7
6 25 7
7 25 7
8 25 7
9 25 7
10 25 7
11 25 7
12 25 7
13 25 7
14 25 7
15 25 7
16 25 4
17 25 4
18 25 4
19 25 4
20 25 4
21 25 4
22 25 4
23 25 4
24 25 4
25 25 4
26 25 4
27 25 4
28 25 4
29 25 11
30 25 11
31 25 11
32 25 11
33 25 11
34 25 11
35 25 11
36 25 11
37 25 11
38 25 11
39 25 11
40 25 11
41 25 11
42 25 11
43 25 11
3 26 7
4 26 7
5 26 7
6 26 7
7 26 7
8 26 7
9 26 7
10 26 7
11 26 7
12 26 7
13 26 7
14 26 7
15 26 7
16 26 4
17 26 4
18 26 4
19 26 4
20 26 4
21 26 4
22 26 4
23 26 4
24 26 4
25 26 4
26 26 4
27 26 4
28 26 11
29 26 11
30 26 11
31 26 11
32 26 11
33 26 11
34 26 11
35 26 11
36 26 11
37 26 11
38 26 11
39 26 11
40 26 11
41 26 11
42 26 11
43 26 11
44 26 11
3 27 7
4 27 7
5 27 7
6 27 7
7 27 7
8 27 7
9 27 7
10 27 7
11 27 7
12 27 7
13 27 7
14 27 7
15 27 8
16 27 8
17 27 8
18 27 8
19 27 8
20 27 8
21 27 8
22 27 8
23 27 8
24 27 8
25 27 4
26 27 4
27 27 4
28 27 11
29 27 11
30 27 11
31 27 11
32 27 11
33 27 11
34 27 11
35 27 11
36 27 11
37 27 11
38 27 11
39 27 11
40 27 11
41 27 11
42 27 11
43 27 11
44 27 11
3 28 7
4 28 7
5 28 7
6 28 7
7 28 7
8 28 7
9 28 7
10 28 7
11 28 7
12 28 7
13 28 7
14 28 8
15 28 8
16 28 8
17 28 8
18 28 8
19 28 8
20 28 8
21 28 8
22 28 8
23 28 8
24 28 8
25 28 6
26 28 6
27 28 6
28 28 6
29 28 11
30 28 11
31 28 11
32 28 11
33 28 11
34 28 11
35 28 11
36 28 11
37 28 11
38 28 11
39 28 11
40 28 11
41 28 11
42 28 11
43 28 11
44 28 11
2 29 2
3 29 2
4 29 2
5 29 2
6 29 2
7 29 2
8 29 2
9 29 2
10 29 2
11 29 7
12 29 7
13 29 7
14 29 8
15 29 8
16 29 8
17 29 8
18 29 8
19 29 8
20 29 8
21 29 8
22 29 8
23 29 8
24 29 8
25 29 6
26 29 6
27 29 6
28 29 6
29 29 6
30 29 6
31 29 6
32 29 6
33 29 6
34 29 6
35 29 10
36 29 10
37 29 10
38 29 10
39 29 10
40 29 10
41 29 10
42 29 10
43 29 10
44 29 10
45 29 10
2 30 2
3 30 2
4 30 2
5 30 2
6 30 2
7 30 2
8 30 2
9 30 2
10 30 2
11 30 2
12 30 2
13 30 2
14 30 8
15 30 8
16 30 8
17 30 8
18 30 8
19 30 8
20 30 8
21 30 8
22 30 8
23 30 8
24 30 8
25 30 6
26 30 6
27 30 6
28 30 6
29 30 6
30 30 6
31 30 6
32 30 6
33 30 6
34 30 6
35 30 10
36 30 10
37 30 10
38 30 10
39 30 10
40 30 10
41 30 10
42 30 10
43 30 10
44 30 10
45 30 10
1 31 2
2 31 2
3 31 2
4 31 2
5 31 2
6 31 2
7 31 2
8 31 2
9 31 2
10 31 2
11 31 2
12 31 2
13 31 2
14 31 8
15 31 8
16 31 8
17 31 8
18 31 8
19 31 8
20 31 8
21 31 8
22 31 8
23 31 8
24 31 8
25 31 6
26 31 6
27 31 6
28 31 6
29 31 6
30 31 6
31 31 6
32 31 6
33 31 6
34 31 6
35 31 10
36 31 10
37 31 10
38 31 10
39 31 10
40 31 10
41 31 10
42 31 10
43 31 10
44 31 10
45 31 10
46 31 10
1 32 2
2 32 2
3 32 2
4 32 2
5 32 2
6 32 2
7 32 2
8 32 2
9 32 2
10 32 2
11 32 2
12 32 2
13 32 2
14 32 8
15 32 8
16 32 8
17 32 8
18 32 8
19 32 8
20 32 8
21 32 8
22 32 8
23 32 8
24 32 8
25 32 6
26 32 6
27 32 6
28 32 6
29 32 6
30 32 6
31 32 6
32 32 6
33 32 6
34 32 6
35 32 10
36 32 10
37 32 10
38 32 10
39 32 10
40 32 10
41 32 10
42 32 10
43 32 10
44 32 10
45 32 10
46 32 10
1 33 2
2 33 2
3 33 2
4 33 2
5 33 2
6 33 2
7 33 2
8 33 2
9 33 2
10 33 2
11 33 2
12 33 2
13 33 2
14 33 8
15 33 8
16 33 8
17 33 8
18 33 8
19 33 8
20 33 8
21 33 8
22 33 8
23 33 8
24 33 8
25 33 6
26 33 6
27 33 6
28 33 6
29 33 6
30 33 6
31 33 6
32 33 6
33 33 6
34 33 6
35 33 6
36 33 10
37 33 10
38 33 10
39 33 10
40 33 10
41 33 10
42 33 10
43 33 10
44 33 10
45 33 10
46 33 10
1 34 2
2 34 2
3 34 2
4 34 2
5 34 2
6 34 2
7 34 2
8 34 2
9 34 2
10 34 2
11 34 2
12 34 2
13 34 2
14 34 8
15 34 8
16 34 8
17 34 8
18 34 8
19 34 8
20 34 8
21 34 8
22 34 8
23 34 8
24 34 8
25 34 6
26 34 6
27 34 6
28 34 6
29 34 6
30 34 6
31 34 6
32 34 6
33 34 6
34 34 6
35 34 6
36 34 10
37 34 10
38 34 10
39 34 10
40 34 10
41 34 10
42 34 10
43 34 10
44 34 10
45 34 10
46 34 10
47 34 10
1 35 2
2 35 2
3 35 2
4 35 2
5 35 2
6 35 2
7 35 2
8 35 2
9 35 2
10 35 2
11 35 2
12 35 2
13 35 2
14 35 8
15 35 8
16 35 8
17 35 8
18 35 8
19 35 8
20 35 8
21 35 8
22 35 8
23 35 8
24 35 8
25 35 6
26 35 6
27 35 6
28 35 6
29 35 6
30 35 6
31 35 6
32 35 6
33 35 6
34 35 6
35 35 6
36 35 10
37 35 10
38 35 10
39 35 10
40 35 10
41 35 10
42 35 10
43 35 10
44 35 10
45 35 10
46 35 10
47 35 10
1 36 2
2 36 2
3 36 2
4 36 2
5 36 2
6 36 2
7 36 2
8 36 2
9 36 2
10 36 2
11 36 2
12 36 2
13 36 2
14 36 8
15 36 8
16 36 8
17 36 8
18 36 8
19 36 8
20 36 8
21 36 8
22 36 8
23 36 8
24 36 8
25 36 6
26 36 6
27 36 6
28 36 6
29 36 6
30 36 6
31 36 6
32 36 6
33 36 6
34 36 6
35 36 6
36 36 10
37 36 10
38 36 10
39 36 10
40 36 10
41 36 10
42 36 10
43 36 10
44 36 10
45 36 10
46 36 10
47 36 10
48 36 10
1 37 2
2 37 2
3 37 2
4 37 2
5 37 2
6 37 2
7 37 2
8 37 2
9 37 2
10 37 2
11 37 14
12 37 14
13 37 14
14 37 14
15 37 13
16 37 13
17 37 13
18 37 13
19 37 13
20 37 13
21 37 13
22 37 13
23 37 13
24 37 13
25 37 6
26 37 6
27 37 6
28 37 6
29 37 6
30 37 6
31 37 6
32 37 6
33 37 6
34 37 6
35 37 6
36 37 10
37 37 10
38 37 10
39 37 10
40 37 10
41 37 10
42 37 10
43 37 10
44 37 10
45 37 10
46 37 10
47 37 10
48 37 10
1 38 14
2 38 14
3 38 14
4 38 14
5 38 14
6 38 14
7 38 14
8 38 14
9 38 14
10 38 14
11 38 14
12 38 14
13 38 14
14 38 14
15 38 13
16 38 13
17 38 13
18 38 13
19 38 13
20 38 13
21 38 13
22 38 13
23 38 13
24 38 13
25 38 13
26 38 6
27 38 6
28 38 6
29 38 6
30 38 6
31 38 6
32 38 6
33 38 6
34 38 6
35 38 6
36 38 10
37 38 10
38 38 9
39 38 9
40 38 9
41 38 9
42 38 9
43 38 9
44 38 9
45 38 9
46 38 9
47 38 9
48 38 9
1 39 14
2 39 14
3 39 14
4 39 14
5 39 14
6 39 14
7 39 14
8 39 14
9 39 14
10 39 14
11 39 14
12 39 14
13 39 14
14 39 14
15 39 13
16 39 13
17 39 13
18 39 13
19 39 13
20 39 13
21 39 13
22 39 13
23 39 13
24 39 13
25 39 13
26 39 5
27 39 5
28 39 5
29 39 5
30 39 5
31 39 5
32 39 5
33 39 5
34 39 5
35 39 5
36 39 5
37 39 5
38 39 9
39 39 9
40 39 9
41 39 9
42 39 9
43 39 9
44 39 9
45 39 9
46 39 9
47 39 9
48 39 9
1 40 14
2 40 14
3 40 14
4 40 14
5 40 14
6 40 14
7 40 14
8 40 14
9 40 14
10 40 14
11 40 14
12 40 14
13 40 14
14 40 14
15 40 13
16 40 13
17 40 13
18 40 13
19 40 13
20 40 13
21 40 13
22 40 13
23 40 13
24 40 13
25 40 13
26 40 5
27 40 5
28 40 5
29 40 5
30 40 5
31 40 5
32 40 5
33 40 5
34 40 5
35 40 5
36 40 5
37 40 5
38 40 9
39 40 9
40 40 9
41 40 9
42 40 9
43 40 9
44 40 9
45 40 9
46 40 9
47 40 9
48 40 9
1 41 14
2 41 14
3 41 14
4 41 14
5 41 14
6 41 14
7 41 14
8 41 14
9 41 14
10 41 14
11 41 14
12 41 14
13 41 14
14 41 14
15 41 13
16 41 13
17 41 13
18 41 13
19 41 13
20 41 13
21 41 13
22 41 13
23 41 13
24 41 13
25 41 13
26 41 5
27 41 5
28 41 5
29 41 5
30 41 5
31 41 5
32 41 5
33 41 5
34 41 5
35 41 5
36 41 5
37 41 5
38 41 9
39 41 9
40 41 9
41 41 9
42 41 9
43 41 9
44 41 9
45 41 9
46 41 9
47 41 9
48 41 9
2 42 14
3 42 14
4 42 14
5 42 14
6 42 14
7 42 14
8 42 14
9 42 14
10 42 14
11 42 14
12 42 14
13 42 14
14 42 14
15 42 13
16 42 13
17 42 13
18 42 13
19 42 13
20 42 13
21 42 13
22 42 13
23 42 13
24 42 13
25 42 13
26 42 5
27 42 5
28 42 5
29 42 5
30 42 5
31 42 5
32 42 5
33 42 5
34 42 5
35 42 5
36 42 5
37 42 5
38 42 9
39 42 9
40 42 9
41 42 9
42 42 9
43 42 9
44 42 9
45 42 9
46 42 9
47 42 9
48 42 9
3 43 14
4 43 14
5 43 14
6 43 14
7 43 14
8 43 14
9 43 14
10 43 14
11 43 14
12 43 14
13 43 14
14 43 14
15 43 13
16 43 13
17 43 13
18 43 13
19 43 13
20 43 13
21 43 13
22 43 13
23 43 13
24 43 13
25 43 13
26 43 5
27 43 5
28 43 5
29 43 5
30 43 5
31 43 5
32 43 5
33 43 5
34 43 5
35 43 5
36 43 5
37 43 5
38 43 9
39 43 9
40 43 9
41 43 9
42 43 9
43 43 9
44 43 9
45 43 9
46 43 9
47 43 9
48 43 9
4 44 14
5 44 14
6 44 14
7 44 14
8 44 14
9 44 14
10 44 14
11 44 14
12 44 14
13 44 14
14 44 14
15 44 13
16 44 13
17 44 13
18 44 13
19 44 13
20 44 13
21 44 13
22 44 13
23 44 13
24 44 13
25 44 13
26 44 5
27 44 5
28 44 5
29 44 5
30 44 5
31 44 5
32 44 5
33 44 5
34 44 5
35 44 5
36 44 5
37 44 5
38 44 9
39 44 9
40 44 9
41 44 9
42 44 9
43 44 9
44 44 9
45 44 9
46 44 9
47 44 9
48 44 9
4 45 14
5 45 14
6 45 14
7 45 14
8 45 14
9 45 14
10 45 14
11 45 14
12 45 14
13 45 14
14 45 14
15 45 13
16 45 13
17 45 13
18 45 13
19 45 13
20 45 13
21 45 13
22 45 13
23 45 13
24 45 13
25 45 13
26 45 5
27 45 5
28 45 5
29 45 5
30 45 5
31 45 5
32 45 5
33 45 5
34 45 5
35 45 5
36 45 5
37 45 5
38 45 9
39 45 9
40 45 9
41 45 9
42 45 9
43 45 9
44 45 9
45 45 9
46 45 9
47 45 9
48 45 9
13 46 14
14 46 14
15 46 13
16 46 13
17 46 13
18 46 13
19 46 13
20 46 13
21 46 13
22 46 13
23 46 13
24 46 13
25 46 13
26 46 5
27 46 5
28 46 5
29 46 5
30 46 5
31 46 5
32 46 5
33 46 5
34 46 5
35 46 5
36 46 5
37 46 5
38 46 9
39 46 9
40 46 9
41 46 9
42 46 9
43 46 9
44 46 9
45 46 9
46 46 9
47 46 9
48 46 9
26 47 5
27 47 5
28 47 5
29 47 5
30 47 5
31 47 5
32 47 5
33 47 5
34 47 5
35 47 5
36 47 5
37 47 5
38 47 5
39 47 9
40 47 9
41 47 9
42 47 9
43 47 9
44 47 9
45 47 9
46 47 9
47 47 9
48 47 9
