62 53 2289
1 21 6
1 22 6
1 23 6
1 24 6
1 25 6
1 26 6
1 27 6
1 28 6
1 29 12
1 30 12
1 31 12
1 32 12
1 33 12
2 19 6
2 20 6
2 21 6
2 22 6
2 23 6
2 24 6
2 25 6
2 26 6
2 27 6
2 28 6
2 29 12
2 30 12
2 31 12
2 32 12
2 33 12
2 34 12
2 35 12
2 36 12
2 37 12
2 38 12
3 17 17
3 18 17
3 19 6
3 20 6
3 21 6
3 22 6
3 23 6
3 24 6
3 25 6
3 26 6
3 27 6
3 28 6
3 29 12
3 30 12
3 31 12
3 32 12
3 33 12
3 34 12
3 35 12
3 36 12
3 37 12
3 38 12
4 16 17
4 17 17
4 18 17
4 19 6
4 20 6
4 21 6
4 22 6
4 23 6
4 24 6
4 25 6
4 26 6
4 27 6
4 28 6
4 29 12
4 30 12
4 31 12
4 32 12
4 33 12
4 34 12
4 35 12
4 36 12
4 37 12
4 38 12
4 39 12
5 14 17
5 15 17
5 16 17
5 17 17
5 18 17
5 19 17
5 20 6
5 21 6
5 22 6
5 23 6
5 24 6
5 25 6
5 26 6
5 27 6
5 28 6
5 29 12
5 30 12
5 31 12
5 32 12
5 33 12
5 34 12
5 35 12
5 36 12
5 37 12
5 38 12
5 39 12
5 40 12
6 14 17
6 15 17
6 16 17
6 17 17
6 18 17
6 19 17
6 20 6
6 21 6
6 22 6
6 23 6
6 24 6
6 25 6
6 26 6
6 27 6
6 28 6
6 29 12
6 30 12
6 31 12
6 32 12
6 33 12
6 34 12
6 35 12
6 36 12
6 37 12
6 38 12
6 39 12
6 40 12
7 13 17
7 14 17
7 15 17
7 16 17
7 17 17
7 18 17
7 19 17
7 20 6
7 21 6
7 22 6
7 23 6
7 24 6
7 25 6
7 26 6
7 27 6
7 28 6
7 29 12
7 30 12
7 31 12
7 32 12
7 33 12
7 34 12
7 35 12
7 36 12
7 37 12
7 38 12
7 39 12
7 40 12
7 41 12
8 13 17
8 14 17
8 15 17
8 16 17
8 17 17
8 18 17
8 19 17
8 20 6
8 21 6
8 22 6
8 23 6
8 24 6
8 25 6
8 26 6
8 27 6
8 28 6
8 29 12
8 30 12
8 31 12
8 32 12
8 33 12
8 34 12
8 35 12
8 36 12
8 37 12
8 38 12
8 39 12
8 40 12
8 41 12
8 42 12
9 12 17
9 13 17
9 14 17
9 15 17
9 16 17
9 17 17
9 18 17
9 19 17
9 20 6
9 21 6
9 22 6
9 23 6
9 24 6
9 25 6
9 26 6
9 27 6
9 28 6
9 29 12
9 30 12
9 31 12
9 32 12
9 33 12
9 34 12
9 35 12
9 36 12
9 37 12
9 38 12
9 39 12
9 40 12
9 41 12
9 42 12
10 12 17
10 13 17
10 14 17
10 15 17
10 16 17
10 17 17
10 18 17
10 19 17
10 20 6
10 21 6
10 22 6
10 23 6
10 24 6
10 25 6
10 26 6
10 27 6
10 28 6
10 29 12
10 30 12
10 31 12
10 32 12
10 33 12
10 34 12
10 35 12
10 36 12
10 37 8
10 38 8
10 39 8
10 40 8
10 41 8
10 42 8
10 43 8
11 11 17
11 12 17
11 13 17
11 14 17
11 15 17
11 16 17
11 17 17
11 18 17
11 19 17
11 20 6
11 21 6
11 22 6
11 23 6
11 24 6
11 25 6
11 26 6
11 27 6
11 28 6
11 29 9
11 30 9
11 31 9
11 32 9
11 33 9
11 34 9
11 35 9
11 36 9
11 37 8
11 38 8
11 39 8
11 40 8
11 41 8
11 42 8
11 43 8
11 44 8
12 11 17
12 12 17
12 13 17
12 14 17
12 15 17
12 16 17
12 17 17
12 18 17
12 19 17
12 20 6
12 21 6
12 22 6
12 23 6
12 24 6
12 25 6
12 26 6
12 27 6
12 28 9
12 29 9
12 30 9
12 31 9
12 32 9
12 33 9
12 34 9
12 35 9
12 36 9
12 37 8
12 38 8
12 39 8
12 40 8
12 41 8
12 42 8
12 43 8
12 44 8
13 10 17
13 11 17
13 12 17
13 13 17
13 14 17
13 15 17
13 16 17
13 17 17
13 18 17
13 19 17
13 20 20
13 21 20
13 22 20
13 23 20
13 24 20
13 25 20
13 26 20
13 27 9
13 28 9
13 29 9
13 30 9
13 31 9
13 32 9
13 33 9
13 34 9
13 35 9
13 36 9
13 37 8
13 38 8
13 39 8
13 40 8
13 41 8
13 42 8
13 43 8
13 44 8
13 45 8
14 10 17
14 11 17
14 12 17
14 13 17
14 14 17
14 15 17
14 16 17
14 17 17
14 18 17
14 19 17
14 20 20
14 21 20
14 22 20
14 23 20
14 24 20
14 25 20
14 26 20
14 27 9
14 28 9
14 29 9
14 30 9
14 31 9
14 32 9
14 33 9
14 34 9
14 35 9
14 36 9
14 37 8
14 38 8
14 39 8
14 40 8
14 41 8
14 42 8
14 43 8
14 44 8
14 45 8
14 46 8
15 9 17
15 10 17
15 11 17
15 12 17
15 13 17
15 14 17
15 15 17
15 16 17
15 17 17
15 18 17
15 19 20
15 20 20
15 21 20
15 22 20
15 23 20
15 24 20
15 25 20
15 26 20
15 27 9
15 28 9
15 29 9
15 30 9
15 31 9
15 32 9
15 33 9
15 34 9
15 35 9
15 36 9
15 37 8
15 38 8
15 39 8
15 40 8
15 41 8
15 42 8
15 43 8
15 44 8
15 45 8
15 46 8
16 9 17
16 10 17
16 11 17
16 12 17
16 13 17
16 14 17
16 15 17
16 16 17
16 17 17
16 18 20
16 19 20
16 20 20
16 21 20
16 22 20
16 23 20
16 24 20
16 25 20
16 26 20
16 27 9
16 28 9
16 29 9
16 30 9
16 31 9
16 32 9
16 33 9
16 34 9
16 35 9
16 36 9
16 37 8
16 38 8
16 39 8
16 40 8
16 41 8
16 42 8
16 43 8
16 44 8
16 45 8
16 46 8
16 47 8
17 8 19
17 9 19
17 10 19
17 11 19
17 12 19
17 13 17
17 14 17
17 15 17
17 16 17
17 17 17
17 18 20
17 19 20
17 20 20
17 21 20
17 22 20
17 23 20
17 24 20
17 25 20
17 26 20
17 27 9
17 28 9
17 29 9
17 30 9
17 31 9
17 32 9
17 33 9
17 34 9
17 35 9
17 36 9
17 37 8
17 38 8
17 39 8
17 40 8
17 41 8
17 42 8
17 43 8
17 44 8
17 45 8
17 46 8
17 47 8
17 48 8
18 8 19
18 9 19
18 10 19
18 11 19
18 12 19
18 13 19
18 14 19
18 15 19
18 16 19
18 17 20
18 18 20
18 19 20
18 20 20
18 21 20
18 22 20
18 23 20
18 24 20
18 25 20
18 26 20
18 27 9
18 28 9
18 29 9
18 30 9
18 31 9
18 32 9
18 33 9
18 34 9
18 35 9
18 36 9
18 37 8
18 38 8
18 39 8
18 40 8
18 41 8
18 42 8
18 43 8
18 44 8
18 45 8
18 46 8
18 47 8
18 48 8
18 49 8
19 7 19
19 8 19
19 9 19
19 10 19
19 11 19
19 12 19
19 13 19
19 14 19
19 15 19
19 16 19
19 17 20
19 18 20
19 19 20
19 20 20
19 21 20
19 22 20
19 23 20
19 24 20
19 25 20
19 26 20
19 27 9
19 28 9
19 29 9
19 30 9
19 31 9
19 32 9
19 33 9
19 34 9
19 35 9
19 36 9
19 37 8
19 38 8
19 39 8
19 40 8
19 41 8
19 42 8
19 43 8
19 44 8
19 45 8
19 46 8
19 47 8
19 48 8
19 49 8
20 7 19
20 8 19
20 9 19
20 10 19
20 11 19
20 12 19
20 13 19
20 14 19
20 15 19
20 16 19
20 17 20
20 18 20
20 19 20
20 20 20
20 21 20
20 22 20
20 23 20
20 24 20
20 25 20
20 26 20
20 27 9
20 28 9
20 29 9
20 30 9
20 31 9
20 32 9
20 33 9
20 34 9
20 35 9
20 36 9
20 37 3
20 38 3
20 39 3
20 40 3
20 41 3
20 42 8
20 43 8
20 44 8
20 45 8
20 46 8
20 47 8
20 48 8
20 49 8
21 7 19
21 8 19
21 9 19
21 10 19
21 11 19
21 12 19
21 13 19
21 14 19
21 15 19
21 16 19
21 17 20
21 18 20
21 19 20
21 20 20
21 21 20
21 22 20
21 23 20
21 24 20
21 25 20
21 26 20
21 27 9
21 28 9
21 29 9
21 30 9
21 31 9
21 32 9
21 33 3
21 34 3
21 35 3
21 36 3
21 37 3
21 38 3
21 39 3
21 40 3
21 41 3
21 42 21
21 43 21
21 44 21
21 45 21
21 46 21
21 47 21
21 48 21
21 49 21
22 6 19
22 7 19
22 8 19
22 9 19
22 10 19
22 11 19
22 12 19
22 13 19
22 14 19
22 15 19
22 16 19
22 17 20
22 18 20
22 19 20
22 20 20
22 21 20
22 22 20
22 23 20
22 24 20
22 25 20
22 26 20
22 27 9
22 28 9
22 29 9
22 30 9
22 31 9
22 32 9
22 33 3
22 34 3
22 35 3
22 36 3
22 37 3
22 38 3
22 39 3
22 40 3
22 41 3
22 42 21
22 43 21
22 44 21
22 45 21
22 46 21
22 47 21
22 48 21
22 49 21
23 6 19
23 7 19
23 8 19
23 9 19
23 10 19
23 11 19
23 12 19
23 13 19
23 14 19
23 15 19
23 16 19
23 17 20
23 18 20
23 19 20
23 20 20
23 21 20
23 22 20
23 23 20
23 24 14
23 25 14
23 26 14
23 27 14
23 28 14
23 29 14
23 30 14
23 31 14
23 32 3
23 33 3
23 34 3
23 35 3
23 36 3
23 37 3
23 38 3
23 39 3
23 40 3
23 41 3
23 42 21
23 43 21
23 44 21
23 45 21
23 46 21
23 47 21
23 48 21
23 49 21
23 50 21
24 6 19
24 7 19
24 8 19
24 9 19
24 10 19
24 11 19
24 12 19
24 13 19
24 14 19
24 15 19
24 16 19
24 17 20
24 18 20
24 19 20
24 20 20
24 21 20
24 22 20
24 23 20
24 24 14
24 25 14
24 26 14
24 27 14
24 28 14
24 29 14
24 30 14
24 31 14
24 32 3
24 33 3
24 34 3
24 35 3
24 36 3
24 37 3
24 38 3
24 39 3
24 40 3
24 41 3
24 42 21
24 43 21
24 44 21
24 45 21
24 46 21
24 47 21
24 48 21
24 49 21
24 50 21
25 5 19
25 6 19
25 7 19
25 8 19
25 9 19
25 10 19
25 11 19
25 12 19
25 13 19
25 14 19
25 15 19
25 16 19
25 17 20
25 18 20
25 19 20
25 20 20
25 21 20
25 22 14
25 23 14
25 24 14
25 25 14
25 26 14
25 27 14
25 28 14
25 29 14
25 30 14
25 31 14
25 32 3
25 33 3
25 34 3
25 35 3
25 36 3
25 37 3
25 38 3
25 39 3
25 40 3
25 41 3
25 42 21
25 43 21
25 44 21
25 45 21
25 46 21
25 47 21
25 48 21
25 49 21
25 50 21
26 5 19
26 6 19
26 7 19
26 8 19
26 9 19
26 10 19
26 11 19
26 12 19
26 13 19
26 14 19
26 15 19
26 16 4
26 17 4
26 18 4
26 19 4
26 20 4
26 21 14
26 22 14
26 23 14
26 24 14
26 25 14
26 26 14
26 27 14
26 28 14
26 29 14
26 30 14
26 31 14
26 32 3
26 33 3
26 34 3
26 35 3
26 36 3
26 37 3
26 38 3
26 39 3
26 40 3
26 41 3
26 42 21
26 43 21
26 44 21
26 45 21
26 46 21
26 47 21
26 48 21
26 49 21
26 50 21
27 5 19
27 6 19
27 7 19
27 8 19
27 9 19
27 10 19
27 11 19
27 12 19
27 13 19
27 14 4
27 15 4
27 16 4
27 17 4
27 18 4
27 19 4
27 20 4
27 21 14
27 22 14
27 23 14
27 24 14
27 25 14
27 26 14
27 27 14
27 28 14
27 29 14
27 30 14
27 31 14
27 32 3
27 33 3
27 34 3
27 35 3
27 36 3
27 37 3
27 38 3
27 39 3
27 40 3
27 41 3
27 42 21
27 43 21
27 44 21
27 45 21
27 46 21
27 47 21
27 48 21
27 49 21
27 50 21
28 4 13
28 5 13
28 6 13
28 7 13
28 8 13
28 9 13
28 10 13
28 11 13
28 12 13
28 13 13
28 14 4
28 15 4
28 16 4
28 17 4
28 18 4
28 19 4
28 20 4
28 21 14
28 22 14
28 23 14
28 24 14
28 25 14
28 26 14
28 27 14
28 28 14
28 29 14
28 30 14
28 31 14
28 32 3
28 33 3
28 34 3
28 35 3
28 36 3
28 37 3
28 38 3
28 39 3
28 40 3
28 41 3
28 42 21
28 43 21
28 44 21
28 45 21
28 46 21
28 47 21
28 48 21
28 49 21
28 50 21
28 51 21
29 4 13
29 5 13
29 6 13
29 7 13
29 8 13
29 9 13
29 10 13
29 11 13
29 12 13
29 13 13
29 14 4
29 15 4
29 16 4
29 17 4
29 18 4
29 19 4
29 20 4
29 21 14
29 22 14
29 23 14
29 24 14
29 25 14
29 26 14
29 27 14
29 28 14
29 29 14
29 30 14
29 31 14
29 32 3
29 33 3
29 34 3
29 35 3
29 36 3
29 37 3
29 38 3
29 39 3
29 40 3
29 41 3
29 42 21
29 43 21
29 44 21
29 45 21
29 46 21
29 47 21
29 48 21
29 49 21
29 50 21
29 51 21
30 4 13
30 5 13
30 6 13
30 7 13
30 8 13
30 9 13
30 10 13
30 11 13
30 12 13
30 13 13
30 14 4
30 15 4
30 16 4
30 17 4
30 18 4
30 19 4
30 20 4
30 21 14
30 22 14
30 23 14
30 24 14
30 25 14
30 26 14
30 27 14
30 28 14
30 29 14
30 30 14
30 31 14
30 32 3
30 33 3
30 34 3
30 35 3
30 36 3
30 37 3
30 38 3
30 39 3
30 40 3
30 41 3
30 42 21
30 43 21
30 44 21
30 45 21
30 46 21
30 47 21
30 48 21
30 49 21
30 50 21
30 51 21
31 3 13
31 4 13
31 5 13
31 6 13
31 7 13
31 8 13
31 9 13
31 10 13
31 11 13
31 12 13
31 13 13
31 14 4
31 15 4
31 16 4
31 17 4
31 18 4
31 19 4
31 20 4
31 21 14
31 22 14
31 23 14
31 24 14
31 25 14
31 26 14
31 27 14
31 28 14
31 29 14
31 30 14
31 31 15
31 32 15
31 33 15
31 34 15
31 35 15
31 36 3
31 37 3
31 38 3
31 39 3
31 40 3
31 41 3
31 42 21
31 43 21
31 44 21
31 45 21
31 46 21
31 47 21
31 48 21
31 49 21
31 50 21
31 51 21
32 2 13
32 3 13
32 4 13
32 5 13
32 6 13
32 7 13
32 8 13
32 9 13
32 10 13
32 11 13
32 12 13
32 13 13
32 14 4
32 15 4
32 16 4
32 17 4
32 18 4
32 19 4
32 20 4
32 21 14
32 22 14
32 23 14
32 24 14
32 25 14
32 26 14
32 27 14
32 28 14
32 29 14
32 30 15
32 31 15
32 32 15
32 33 15
32 34 15
32 35 15
32 36 15
32 37 15
32 38 15
32 39 15
32 40 15
32 41 15
32 42 15
32 43 21
32 44 21
32 45 21
32 46 21
32 47 21
32 48 21
32 49 21
32 50 21
32 51 18
32 52 18
33 2 13
33 3 13
33 4 13
33 5 13
33 6 13
33 7 13
33 8 13
33 9 13
33 10 13
33 11 13
33 12 13
33 13 13
33 14 4
33 15 4
33 16 4
33 17 4
33 18 4
33 19 4
33 20 4
33 21 14
33 22 14
33 23 14
33 24 14
33 25 14
33 26 14
33 27 14
33 28 14
33 29 14
33 30 15
33 31 15
33 32 15
33 33 15
33 34 15
33 35 15
33 36 15
33 37 15
33 38 15
33 39 15
33 40 15
33 41 15
33 42 15
33 43 18
33 44 18
33 45 18
33 46 18
33 47 18
33 48 18
33 49 18
33 50 18
33 51 18
33 52 18
34 1 13
34 2 13
34 3 13
34 4 13
34 5 13
34 6 13
34 7 13
34 8 13
34 9 13
34 10 13
34 11 13
34 12 13
34 13 13
34 14 4
34 15 4
34 16 4
34 17 4
34 18 4
34 19 4
34 20 4
34 21 16
34 22 16
34 23 16
34 24 16
34 25 16
34 26 16
34 27 16
34 28 16
34 29 16
34 30 15
34 31 15
34 32 15
34 33 15
34 34 15
34 35 15
34 36 15
34 37 15
34 38 15
34 39 15
34 40 15
34 41 15
34 42 15
34 43 18
34 44 18
34 45 18
34 46 18
34 47 18
34 48 18
34 49 18
34 50 18
34 51 18
34 52 18
35 2 13
35 3 13
35 4 13
35 5 13
35 6 13
35 7 13
35 8 13
35 9 13
35 10 13
35 11 13
35 12 13
35 13 13
35 14 4
35 15 4
35 16 4
35 17 4
35 18 4
35 19 4
35 20 4
35 21 16
35 22 16
35 23 16
35 24 16
35 25 16
35 26 16
35 27 16
35 28 16
35 29 16
35 30 15
35 31 15
35 32 15
35 33 15
35 34 15
35 35 15
35 36 15
35 37 15
35 38 15
35 39 15
35 40 15
35 41 15
35 42 15
35 43 18
35 44 18
35 45 18
35 46 18
35 47 18
35 48 18
35 49 18
35 50 18
35 51 18
35 52 18
36 2 13
36 3 13
36 4 13
36 5 13
36 6 13
36 7 13
36 8 13
36 9 13
36 10 13
36 11 13
36 12 13
36 13 13
36 14 4
36 15 4
36 16 4
36 17 4
36 18 4
36 19 4
36 20 4
36 21 16
36 22 16
36 23 16
36 24 16
36 25 16
36 26 16
36 27 16
36 28 16
36 29 16
36 30 16
36 31 15
36 32 15
36 33 15
36 34 15
36 35 15
36 36 15
36 37 15
36 38 15
36 39 15
36 40 15
36 41 15
36 42 18
36 43 18
36 44 18
36 45 18
36 46 18
36 47 18
36 48 18
36 49 18
36 50 18
36 51 18
36 52 18
37 3 13
37 4 13
37 5 13
37 6 13
37 7 13
37 8 13
37 9 13
37 10 10
37 11 10
37 12 10
37 13 10
37 14 4
37 15 4
37 16 4
37 17 4
37 18 4
37 19 4
37 20 4
37 21 16
37 22 16
37 23 16
37 24 16
37 25 16
37 26 16
37 27 16
37 28 16
37 29 16
37 30 16
37 31 15
37 32 15
37 33 15
37 34 15
37 35 15
37 36 15
37 37 15
37 38 15
37 39 15
37 40 15
37 41 15
37 42 18
37 43 18
37 44 18
37 45 18
37 46 18
37 47 18
37 48 18
37 49 18
37 50 18
37 51 18
37 52 18
38 3 10
38 4 10
38 5 10
38 6 10
38 7 10
38 8 10
38 9 10
38 10 10
38 11 10
38 12 10
38 13 10
38 14 4
38 15 4
38 16 4
38 17 4
38 18 4
38 19 4
38 20 4
38 21 16
38 22 16
38 23 16
38 24 16
38 25 16
38 26 16
38 27 16
38 28 16
38 29 16
38 30 16
38 31 15
38 32 15
38 33 15
38 34 15
38 35 15
38 36 15
38 37 15
38 38 15
38 39 15
38 40 15
38 41 15
38 42 18
38 43 18
38 44 18
38 45 18
38 46 18
38 47 18
38 48 18
38 49 18
38 50 18
38 51 18
38 52 18
39 3 10
39 4 10
39 5 10
39 6 10
39 7 10
39 8 10
39 9 10
39 10 10
39 11 10
39 12 10
39 13 10
39 14 4
39 15 4
39 16 4
39 17 4
39 18 4
39 19 4
39 20 4
39 21 16
39 22 16
39 23 16
39 24 16
39 25 16
39 26 16
39 27 16
39 28 16
39 29 16
39 30 16
39 31 15
39 32 15
39 33 15
39 34 15
39 35 15
39 36 15
39 37 15
39 38 15
39 39 15
39 40 15
39 41 15
39 42 18
39 43 18
39 44 18
39 45 18
39 46 18
39 47 18
39 48 18
39 49 18
39 50 18
39 51 18
39 52 18
40 4 10
40 5 10
40 6 10
40 7 10
40 8 10
40 9 10
40 10 10
40 11 10
40 12 10
40 13 10
40 14 4
40 15 4
40 16 4
40 17 4
40 18 4
40 19 4
40 20 4
40 21 16
40 22 16
40 23 16
40 24 16
40 25 16
40 26 16
40 27 16
40 28 16
40 29 16
40 30 16
40 31 15
40 32 15
40 33 15
40 34 15
40 35 15
40 36 15
40 37 15
40 38 15
40 39 2
40 40 2
40 41 2
40 42 18
40 43 18
40 44 18
40 45 18
40 46 18
40 47 18
40 48 18
40 49 18
40 50 18
40 51 18
40 52 18
41 4 10
41 5 10
41 6 10
41 7 10
41 8 10
41 9 10
41 10 10
41 11 10
41 12 10
41 13 10
41 14 4
41 15 4
41 16 4
41 17 4
41 18 4
41 19 4
41 20 5
41 21 5
41 22 16
41 23 16
41 24 16
41 25 16
41 26 16
41 27 16
41 28 16
41 29 16
41 30 16
41 31 2
41 32 2
41 33 2
41 34 2
41 35 2
41 36 2
41 37 2
41 38 2
41 39 2
41 40 2
41 41 2
41 42 18
41 43 18
41 44 18
41 45 18
41 46 18
41 47 18
41 48 18
41 49 18
41 50 18
41 51 18
41 52 18
42 5 10
42 6 10
42 7 10
42 8 10
42 9 10
42 10 10
42 11 10
42 12 10
42 13 10
42 14 5
42 15 5
42 16 5
42 17 5
42 18 5
42 19 5
42 20 5
42 21 5
42 22 5
42 23 16
42 24 16
42 25 16
42 26 16
42 27 16
42 28 16
42 29 16
42 30 16
42 31 2
42 32 2
42 33 2
42 34 2
42 35 2
42 36 2
42 37 2
42 38 2
42 39 2
42 40 2
42 41 2
42 42 18
42 43 18
42 44 18
42 45 18
42 46 18
42 47 18
42 48 18
42 49 18
42 50 18
42 51 18
42 52 18
43 5 10
43 6 10
43 7 10
43 8 10
43 9 10
43 10 10
43 11 10
43 12 10
43 13 10
43 14 5
43 15 5
43 16 5
43 17 5
43 18 5
43 19 5
43 20 5
43 21 5
43 22 5
43 23 16
43 24 16
43 25 16
43 26 16
43 27 16
43 28 16
43 29 16
43 30 16
43 31 2
43 32 2
43 33 2
43 34 2
43 35 2
43 36 2
43 37 2
43 38 2
43 39 2
43 40 2
43 41 11
43 42 11
43 43 11
43 44 11
43 45 11
43 46 11
43 47 11
43 48 11
43 49 11
43 50 11
43 51 11
44 5 10
44 6 10
44 7 10
44 8 10
44 9 10
44 10 10
44 11 10
44 12 10
44 13 10
44 14 5
44 15 5
44 16 5
44 17 5
44 18 5
44 19 5
44 20 5
44 21 5
44 22 5
44 23 16
44 24 16
44 25 16
44 26 16
44 27 16
44 28 16
44 29 16
44 30 16
44 31 2
44 32 2
44 33 2
44 34 2
44 35 2
44 36 2
44 37 2
44 38 2
44 39 2
44 40 2
44 41 11
44 42 11
44 43 11
44 44 11
44 45 11
44 46 11
44 47 11
44 48 11
44 49 11
44 50 11
44 51 11
45 6 10
45 7 10
45 8 10
45 9 10
45 10 10
45 11 10
45 12 10
45 13 10
45 14 5
45 15 5
45 16 5
45 17 5
45 18 5
45 19 5
45 20 5
45 21 5
45 22 5
45 23 16
45 24 16
45 25 16
45 26 16
45 27 16
45 28 16
45 29 16
45 30 16
45 31 2
45 32 2
45 33 2
45 34 2
45 35 2
45 36 2
45 37 2
45 38 2
45 39 2
45 40 2
45 41 11
45 42 11
45 43 11
45 44 11
45 45 11
45 46 11
45 47 11
45 48 11
45 49 11
45 50 11
45 51 11
46 6 10
46 7 10
46 8 10
46 9 10
46 10 10
46 11 10
46 12 10
46 13 5
46 14 5
46 15 5
46 16 5
46 17 5
46 18 5
46 19 5
46 20 5
46 21 5
46 22 5
46 23 1
46 24 1
46 25 1
46 26 1
46 27 1
46 28 1
46 29 1
46 30 1
46 31 2
46 32 2
46 33 2
46 34 2
46 35 2
46 36 2
46 37 2
46 38 2
46 39 2
46 40 2
46 41 11
46 42 11
46 43 11
46 44 11
46 45 11
46 46 11
46 47 11
46 48 11
46 49 11
46 50 11
46 51 11
47 6 10
47 7 10
47 8 10
47 9 10
47 10 10
47 11 10
47 12 10
47 13 5
47 14 5
47 15 5
47 16 5
47 17 5
47 18 5
47 19 5
47 20 5
47 21 5
47 22 1
47 23 1
47 24 1
47 25 1
47 26 1
47 27 1
47 28 1
47 29 1
47 30 1
47 31 2
47 32 2
47 33 2
47 34 2
47 35 2
47 36 2
47 37 2
47 38 2
47 39 2
47 40 2
47 41 11
47 42 11
47 43 11
47 44 11
47 45 11
47 46 11
47 47 11
47 48 11
47 49 11
47 50 11
47 51 11
48 8 10
48 9 10
48 10 10
48 11 10
48 12 10
48 13 5
48 14 5
48 15 5
48 16 5
48 17 5
48 18 5
48 19 5
48 20 5
48 21 5
48 22 1
48 23 1
48 24 1
48 25 1
48 26 1
48 27 1
48 28 1
48 29 1
48 30 1
48 31 2
48 32 2
48 33 2
48 34 2
48 35 2
48 36 2
48 37 2
48 38 2
48 39 2
48 40 2
48 41 11
48 42 11
48 43 11
48 44 11
48 45 11
48 46 11
48 47 11
48 48 11
48 49 11
48 50 11
48 51 11
49 9 10
49 10 10
49 11 10
49 12 10
49 13 5
49 14 5
49 15 5
49 16 5
49 17 5
49 18 5
49 19 5
49 20 5
49 21 5
49 22 1
49 23 1
49 24 1
49 25 1
49 26 1
49 27 1
49 28 1
49 29 1
49 30 1
49 31 2
49 32 2
49 33 2
49 34 2
49 35 2
49 36 2
49 37 2
49 38 2
49 39 2
49 40 2
49 41 11
49 42 11
49 43 11
49 44 11
49 45 11
49 46 11
49 47 11
49 48 11
49 49 11
49 50 11
50 10 10
50 11 10
50 12 10
50 13 5
50 14 5
50 15 5
50 16 5
50 17 5
50 18 5
50 19 5
50 20 5
50 21 5
50 22 1
50 23 1
50 24 1
50 25 1
50 26 1
50 27 1
50 28 1
50 29 1
50 30 1
50 31 2
50 32 2
50 33 2
50 34 2
50 35 2
50 36 2
50 37 2
50 38 2
50 39 2
50 40 2
50 41 11
50 42 11
50 43 11
50 44 11
50 45 11
50 46 11
50 47 11
50 48 11
50 49 11
50 50 11
51 11 10
51 12 10
51 13 5
51 14 5
51 15 5
51 16 5
51 17 5
51 18 5
51 19 5
51 20 5
51 21 5
51 22 1
51 23 1
51 24 1
51 25 1
51 26 1
51 27 1
51 28 1
51 29 1
51 30 1
51 31 1
51 32 2
51 33 2
51 34 2
51 35 2
51 36 7
51 37 7
51 38 7
51 39 7
51 40 7
51 41 11
51 42 11
51 43 11
51 44 11
51 45 11
51 46 11
51 47 11
51 48 11
51 49 11
51 50 11
52 14 5
52 15 5
52 16 5
52 17 5
52 18 5
52 19 5
52 20 5
52 21 5
52 22 1
52 23 1
52 24 1
52 25 1
52 26 1
52 27 1
52 28 1
52 29 1
52 30 1
52 31 1
52 32 7
52 33 7
52 34 7
52 35 7
52 36 7
52 37 7
52 38 7
52 39 7
52 40 7
52 41 11
52 42 11
52 43 11
52 44 11
52 45 11
52 46 11
52 47 11
52 48 11
53 17 5
53 18 5
53 19 5
53 20 5
53 21 5
53 22 1
53 23 1
53 24 1
53 25 1
53 26 1
53 27 1
53 28 1
53 29 1
53 30 1
53 31 1
53 32 7
53 33 7
53 34 7
53 35 7
53 36 7
53 37 7
53 38 7
53 39 7
53 40 7
53 41 7
53 42 7
53 43 7
53 44 11
53 45 11
53 46 11
53 47 11
54 19 5
54 20 5
54 21 5
54 22 1
54 23 1
54 24 1
54 25 1
54 26 1
54 27 1
54 28 1
54 29 1
54 30 1
54 31 1
54 32 7
54 33 7
54 34 7
54 35 7
54 36 7
54 37 7
54 38 7
54 39 7
54 40 7
54 41 7
54 42 7
54 43 7
54 44 7
54 45 7
54 46 11
55 22 1
55 23 1
55 24 1
55 25 1
55 26 1
55 27 1
55 28 1
55 29 1
55 30 1
55 31 1
55 32 7
55 33 7
55 34 7
55 35 7
55 36 7
55 37 7
55 38 7
55 39 7
55 40 7
55 41 7
55 42 7
55 43 7
55 44 7
55 45 7
56 24 1
56 25 1
56 26 1
56 27 1
56 28 1
56 29 1
56 30 1
56 31 1
56 32 7
56 33 7
56 34 7
56 35 7
56 36 7
56 37 7
56 38 7
56 39 7
56 40 7
56 41 7
56 42 7
56 43 7
56 44 7
57 27 1
57 28 1
57 29 1
57 30 1
57 31 1
57 32 7
57 33 7
57 34 7
57 35 7
57 36 7
57 37 7
57 38 7
57 39 7
57 40 7
57 41 7
57 42 7
57 43 7
58 30 1
58 31 1
58 32 7
58 33 7
58 34 7
58 35 7
58 36 7
58 37 7
58 38 7
58 39 7
58 40 7
58 41 7
58 42 7
59 32 7
59 33 7
59 34 7
59 35 7
59 36 7
59 37 7
59 38 7
59 39 7
59 40 7
59 41 7
60 35 7
60 36 7
60 37 7
60 38 7
60 39 7
60 40 7
61 37 7
61 38 7
61 39 7
