31 32 763
15 1 6
16 1 6
17 1 6
18 1 6
19 1 3
20 1 3
21 1 3
22 1 3
23 1 3
12 2 6
13 2 6
14 2 6
15 2 6
16 2 6
17 2 6
18 2 6
19 2 3
20 2 3
21 2 3
22 2 3
23 2 3
24 2 3
25 2 3
9 3 6
10 3 6
11 3 6
12 3 6
13 3 6
14 3 6
15 3 6
16 3 6
17 3 6
18 3 6
19 3 3
20 3 3
21 3 3
22 3 3
23 3 3
24 3 3
25 3 3
26 3 3
27 3 3
6 4 6
7 4 6
8 4 6
9 4 6
10 4 6
11 4 6
12 4 6
13 4 6
14 4 6
15 4 6
16 4 6
17 4 6
18 4 6
19 4 3
20 4 3
21 4 3
22 4 3
23 4 3
24 4 3
25 4 3
26 4 3
27 4 3
28 4 3
29 4 3
6 5 6
7 5 6
8 5 6
9 5 6
10 5 6
11 5 6
12 5 6
13 5 6
14 5 6
15 5 6
16 5 6
17 5 6
18 5 6
19 5 3
20 5 3
21 5 3
22 5 3
23 5 3
24 5 3
25 5 3
26 5 3
27 5 3
28 5 3
29 5 3
5 6 6
6 6 6
7 6 6
8 6 6
9 6 6
10 6 6
11 6 6
12 6 6
13 6 6
14 6 6
15 6 6
16 6 6
17 6 6
18 6 6
19 6 3
20 6 3
21 6 3
22 6 3
23 6 3
24 6 3
25 6 3
26 6 3
27 6 3
28 6 3
29 6 3
30 6 3
4 7 2
5 7 2
6 7 2
7 7 2
8 7 6
9 7 6
10 7 6
11 7 6
12 7 6
13 7 6
14 7 6
15 7 6
16 7 6
17 7 6
18 7 6
19 7 3
20 7 3
21 7 3
22 7 3
23 7 3
24 7 3
25 7 3
26 7 3
27 7 3
28 7 3
29 7 3
30 7 3
3 8 2
4 8 2
5 8 2
6 8 2
7 8 2
8 8 6
9 8 6
10 8 6
11 8 6
12 8 6
13 8 6
14 8 6
15 8 6
16 8 6
17 8 6
18 8 6
19 8 3
20 8 3
21 8 3
22 8 3
23 8 3
24 8 3
25 8 3
26 8 3
27 8 3
28 8 3
29 8 3
30 8 3
2 9 2
3 9 2
4 9 2
5 9 2
6 9 2
7 9 2
8 9 6
9 9 6
10 9 6
11 9 6
12 9 6
13 9 6
14 9 6
15 9 6
16 9 6
17 9 6
18 9 6
19 9 3
20 9 3
21 9 3
22 9 3
23 9 3
24 9 3
25 9 3
26 9 3
27 9 3
28 9 3
29 9 3
30 9 3
2 10 2
3 10 2
4 10 2
5 10 2
6 10 2
7 10 2
8 10 6
9 10 6
10 10 6
11 10 6
12 10 6
13 10 6
14 10 6
15 10 6
16 10 6
17 10 6
18 10 6
19 10 3
20 10 3
21 10 3
22 10 3
23 10 3
24 10 3
25 10 3
26 10 3
27 10 3
28 10 3
29 10 5
30 10 5
1 11 2
2 11 2
3 11 2
4 11 2
5 11 2
6 11 2
7 11 2
8 11 2
9 11 2
10 11 6
11 11 6
12 11 6
13 11 6
14 11 7
15 11 7
16 11 7
17 11 7
18 11 7
19 11 7
20 11 3
21 11 3
22 11 3
23 11 3
24 11 3
25 11 3
26 11 3
27 11 3
28 11 5
29 11 5
30 11 5
1 12 2
2 12 2
3 12 2
4 12 2
5 12 2
6 12 2
7 12 2
8 12 2
9 12 2
10 12 7
11 12 7
12 12 7
13 12 7
14 12 7
15 12 7
16 12 7
17 12 7
18 12 7
19 12 7
20 12 5
21 12 5
22 12 5
23 12 5
24 12 5
25 12 5
26 12 5
27 12 5
28 12 5
29 12 5
30 12 5
1 13 2
2 13 2
3 13 2
4 13 2
5 13 2
6 13 2
7 13 2
8 13 2
9 13 2
10 13 7
11 13 7
12 13 7
13 13 7
14 13 7
15 13 7
16 13 7
17 13 7
18 13 7
19 13 7
20 13 5
21 13 5
22 13 5
23 13 5
24 13 5
25 13 5
26 13 5
27 13 5
28 13 5
29 13 5
30 13 5
1 14 2
2 14 2
3 14 2
4 14 2
5 14 2
6 14 2
7 14 2
8 14 2
9 14 2
10 14 7
11 14 7
12 14 7
13 14 7
14 14 7
15 14 7
16 14 7
17 14 7
18 14 7
19 14 7
20 14 5
21 14 5
22 14 5
23 14 5
24 14 5
25 14 5
26 14 5
27 14 5
28 14 5
29 14 5
30 14 5
1 15 2
2 15 2
3 15 2
4 15 2
5 15 2
6 15 2
7 15 2
8 15 2
9 15 2
10 15 7
11 15 7
12 15 7
13 15 7
14 15 7
15 15 7
16 15 7
17 15 7
18 15 7
19 15 7
20 15 5
21 15 5
22 15 5
23 15 5
24 15 5
25 15 5
26 15 5
27 15 5
28 15 5
29 15 5
30 15 5
1 16 2
2 16 2
3 16 2
4 16 2
5 16 2
6 16 2
7 16 2
8 16 2
9 16 2
10 16 7
11 16 7
12 16 7
13 16 7
14 16 7
15 16 7
16 16 7
17 16 7
18 16 7
19 16 7
20 16 5
21 16 5
22 16 5
23 16 5
24 16 5
25 16 5
26 16 5
27 16 5
28 16 5
29 16 5
30 16 5
1 17 2
2 17 2
3 17 2
4 17 2
5 17 2
6 17 2
7 17 2
8 17 2
9 17 2
10 17 7
11 17 7
12 17 7
13 17 7
14 17 7
15 17 7
16 17 7
17 17 7
18 17 7
19 17 7
20 17 5
21 17 5
22 17 5
23 17 5
24 17 5
25 17 5
26 17 5
27 17 5
28 17 5
29 17 5
1 18 2
2 18 2
3 18 2
4 18 2
5 18 2
6 18 2
7 18 2
8 18 2
9 18 2
10 18 7
11 18 7
12 18 7
13 18 7
14 18 7
15 18 7
16 18 7
17 18 7
18 18 7
19 18 7
20 18 5
21 18 5
22 18 5
23 18 5
24 18 5
25 18 5
26 18 5
27 18 5
28 18 5
29 18 5
2 19 2
3 19 2
4 19 2
5 19 2
6 19 2
7 19 2
8 19 2
9 19 2
10 19 7
11 19 7
12 19 7
13 19 7
14 19 7
15 19 7
16 19 7
17 19 7
18 19 7
19 19 7
20 19 5
21 19 5
22 19 5
23 19 5
24 19 5
25 19 5
26 19 5
27 19 5
28 19 5
29 19 5
2 20 2
3 20 2
4 20 2
5 20 2
6 20 2
7 20 2
8 20 2
9 20 2
10 20 7
11 20 7
12 20 7
13 20 7
14 20 7
15 20 7
16 20 7
17 20 7
18 20 7
19 20 7
20 20 5
21 20 5
22 20 5
23 20 5
24 20 5
25 20 5
26 20 5
27 20 5
28 20 5
3 21 4
4 21 4
5 21 4
6 21 4
7 21 4
8 21 4
9 21 4
10 21 4
11 21 4
12 21 4
13 21 7
14 21 7
15 21 7
16 21 7
17 21 7
18 21 7
19 21 7
20 21 5
21 21 5
22 21 5
23 21 5
24 21 5
25 21 5
26 21 5
27 21 5
28 21 5
3 22 4
4 22 4
5 22 4
6 22 4
7 22 4
8 22 4
9 22 4
10 22 4
11 22 4
12 22 4
13 22 4
14 22 7
15 22 7
16 22 7
17 22 7
18 22 7
19 22 7
20 22 1
21 22 1
22 22 1
23 22 1
24 22 1
25 22 1
26 22 1
27 22 1
28 22 5
4 23 4
5 23 4
6 23 4
7 23 4
8 23 4
9 23 4
10 23 4
11 23 4
12 23 4
13 23 4
14 23 4
15 23 4
16 23 4
17 23 1
18 23 1
19 23 1
20 23 1
21 23 1
22 23 1
23 23 1
24 23 1
25 23 1
26 23 1
27 23 1
4 24 4
5 24 4
6 24 4
7 24 4
8 24 4
9 24 4
10 24 4
11 24 4
12 24 4
13 24 4
14 24 4
15 24 4
16 24 4
17 24 1
18 24 1
19 24 1
20 24 1
21 24 1
22 24 1
23 24 1
24 24 1
25 24 1
26 24 1
27 24 1
5 25 4
6 25 4
7 25 4
8 25 4
9 25 4
10 25 4
11 25 4
12 25 4
13 25 4
14 25 4
15 25 4
16 25 4
17 25 1
18 25 1
19 25 1
20 25 1
21 25 1
22 25 1
23 25 1
24 25 1
25 25 1
26 25 1
27 25 1
5 26 4
6 26 4
7 26 4
8 26 4
9 26 4
10 26 4
11 26 4
12 26 4
13 26 4
14 26 4
15 26 4
16 26 4
17 26 1
18 26 1
19 26 1
20 26 1
21 26 1
22 26 1
23 26 1
24 26 1
25 26 1
26 26 1
4 27 4
5 27 4
6 27 4
7 27 4
8 27 4
9 27 4
10 27 4
11 27 4
12 27 4
13 27 4
14 27 4
15 27 4
16 27 1
17 27 1
18 27 1
19 27 1
20 27 1
21 27 1
22 27 1
23 27 1
24 27 1
25 27 1
26 27 1
6 28 4
7 28 4
8 28 4
9 28 4
10 28 4
11 28 4
12 28 4
13 28 4
14 28 4
15 28 4
16 28 1
17 28 1
18 28 1
19 28 1
20 28 1
21 28 1
22 28 1
23 28 1
24 28 1
25 28 1
26 28 1
27 28 1
7 29 4
8 29 4
9 29 4
10 29 4
11 29 4
12 29 4
13 29 4
14 29 4
15 29 4
16 29 1
17 29 1
18 29 1
19 29 1
20 29 1
21 29 1
22 29 1
23 29 1
24 29 1
25 29 1
26 29 1
8 30 4
9 30 4
10 30 4
11 30 4
12 30 4
13 30 4
14 30 4
15 30 1
16 30 1
17 30 1
18 30 1
19 30 1
20 30 1
21 30 1
22 30 1
23 30 1
24 30 1
25 30 1
26 30 1
15 31 1
16 31 1
17 31 1
18 31 1
19 31 1
20 31 1
21 31 1
22 31 1
23 31 1
24 31 1
25 31 1
26 31 1
