26 35 436
20 1 2
21 1 2
22 1 2
23 1 2
18 2 2
19 2 2
20 2 2
21 2 2
22 2 2
23 2 2
17 3 2
18 3 2
19 3 2
20 3 2
21 3 2
22 3 2
23 3 2
15 4 2
16 4 2
17 4 2
18 4 2
19 4 2
20 4 2
21 4 2
22 4 2
23 4 2
14 5 2
15 5 2
16 5 2
17 5 2
18 5 2
19 5 2
20 5 2
21 5 2
22 5 2
23 5 2
24 5 2
12 6 2
13 6 2
14 6 2
15 6 2
16 6 2
17 6 2
18 6 2
19 6 2
20 6 2
21 6 2
22 6 2
23 6 2
24 6 2
10 7 1
11 7 1
12 7 2
13 7 2
14 7 2
15 7 2
16 7 2
17 7 2
18 7 2
19 7 2
20 7 2
21 7 2
22 7 2
23 7 2
24 7 2
9 8 1
10 8 1
11 8 1
12 8 2
13 8 2
14 8 2
15 8 2
16 8 2
17 8 2
18 8 2
19 8 2
20 8 2
21 8 2
22 8 2
23 8 2
24 8 2
8 9 1
9 9 1
10 9 1
11 9 1
12 9 2
13 9 2
14 9 2
15 9 2
16 9 2
17 9 2
18 9 2
19 9 2
20 9 2
21 9 2
22 9 2
23 9 2
24 9 2
25 9 2
7 10 1
8 10 1
9 10 1
10 10 1
11 10 1
12 10 2
13 10 2
14 10 2
15 10 2
16 10 2
17 10 2
18 10 2
19 10 2
20 10 2
21 10 2
22 10 2
23 10 2
24 10 2
7 11 1
8 11 1
9 11 1
10 11 1
11 11 1
12 11 4
13 11 4
14 11 4
15 11 4
16 11 4
17 11 4
18 11 4
19 11 2
20 11 2
21 11 2
22 11 2
23 11 2
24 11 2
6 12 1
7 12 1
8 12 1
9 12 1
10 12 1
11 12 1
12 12 4
13 12 4
14 12 4
15 12 4
16 12 4
17 12 4
18 12 4
19 12 4
20 12 4
21 12 4
22 12 4
23 12 4
6 13 1
7 13 1
8 13 1
9 13 1
10 13 1
11 13 1
12 13 4
13 13 4
14 13 4
15 13 4
16 13 4
17 13 4
18 13 4
19 13 4
20 13 4
21 13 4
22 13 4
23 13 4
5 14 1
6 14 1
7 14 1
8 14 1
9 14 1
10 14 1
11 14 1
12 14 4
13 14 4
14 14 4
15 14 4
16 14 4
17 14 4
18 14 4
19 14 4
20 14 4
21 14 4
22 14 4
4 15 1
5 15 1
6 15 1
7 15 1
8 15 1
9 15 1
10 15 1
11 15 1
12 15 4
13 15 4
14 15 4
15 15 4
16 15 4
17 15 4
18 15 4
19 15 4
20 15 4
21 15 4
22 15 4
4 16 1
5 16 1
6 16 1
7 16 1
8 16 1
9 16 1
10 16 1
11 16 1
12 16 4
13 16 4
14 16 4
15 16 4
16 16 4
17 16 4
18 16 4
19 16 4
20 16 4
21 16 4
22 16 4
3 17 1
4 17 1
5 17 1
6 17 1
7 17 1
8 17 1
9 17 1
10 17 1
11 17 1
12 17 4
13 17 4
14 17 4
15 17 4
16 17 4
17 17 4
18 17 4
19 17 4
20 17 4
21 17 4
3 18 1
4 18 1
5 18 1
6 18 1
7 18 1
8 18 1
9 18 1
10 18 1
11 18 1
12 18 4
13 18 4
14 18 4
15 18 4
16 18 4
17 18 4
18 18 4
19 18 4
20 18 4
21 18 4
2 19 1
3 19 1
4 19 1
5 19 1
6 19 1
7 19 1
8 19 1
9 19 1
10 19 1
11 19 1
12 19 4
13 19 4
14 19 4
15 19 4
16 19 4
17 19 4
18 19 4
19 19 4
20 19 4
1 20 1
2 20 1
3 20 1
4 20 1
5 20 1
6 20 1
7 20 1
8 20 1
9 20 1
10 20 1
11 20 1
12 20 4
13 20 4
14 20 4
15 20 4
16 20 4
17 20 4
18 20 4
19 20 4
20 20 4
2 21 1
3 21 1
4 21 1
5 21 1
6 21 1
7 21 1
8 21 1
9 21 1
10 21 1
11 21 3
12 21 3
13 21 3
14 21 3
15 21 3
16 21 4
17 21 4
18 21 4
19 21 4
20 21 4
2 22 1
3 22 1
4 22 1
5 22 1
6 22 1
7 22 1
8 22 1
9 22 3
10 22 3
11 22 3
12 22 3
13 22 3
14 22 3
15 22 3
16 22 3
17 22 4
18 22 4
3 23 3
4 23 3
5 23 3
6 23 3
7 23 3
8 23 3
9 23 3
10 23 3
11 23 3
12 23 3
13 23 3
14 23 3
15 23 3
16 23 3
17 23 3
3 24 3
4 24 3
5 24 3
6 24 3
7 24 3
8 24 3
9 24 3
10 24 3
11 24 3
12 24 3
13 24 3
14 24 3
15 24 3
16 24 3
3 25 3
4 25 3
5 25 3
6 25 3
7 25 3
8 25 3
9 25 3
10 25 3
11 25 3
12 25 3
13 25 3
14 25 3
15 25 3
4 26 3
5 26 3
6 26 3
7 26 3
8 26 3
9 26 3
10 26 3
11 26 3
12 26 3
13 26 3
14 26 3
4 27 3
5 27 3
6 27 3
7 27 3
8 27 3
9 27 3
10 27 3
11 27 3
12 27 3
13 27 3
4 28 3
5 28 3
6 28 3
7 28 3
8 28 3
9 28 3
10 28 3
11 28 3
12 28 3
5 29 3
6 29 3
7 29 3
8 29 3
9 29 3
10 29 3
11 29 3
5 30 3
6 30 3
7 30 3
8 30 3
9 30 3
10 30 3
5 31 3
6 31 3
7 31 3
8 31 3
9 31 3
6 32 3
7 32 3
8 32 3
6 33 3
7 33 3
6 34 3
