35 30 545
25 1 5
26 1 5
23 2 5
24 2 5
25 2 5
26 2 5
21 3 5
22 3 5
23 3 5
24 3 5
25 3 5
26 3 5
27 3 5
19 4 5
20 4 5
21 4 5
22 4 5
23 4 5
24 4 5
25 4 5
26 4 5
27 4 5
17 5 3
18 5 3
19 5 5
20 5 5
21 5 5
22 5 5
23 5 5
24 5 5
25 5 5
26 5 5
27 5 5
28 5 5
15 6 3
16 6 3
17 6 3
18 6 3
19 6 5
20 6 5
21 6 5
22 6 5
23 6 5
24 6 5
25 6 5
26 6 5
27 6 5
28 6 5
13 7 3
14 7 3
15 7 3
16 7 3
17 7 3
18 7 3
19 7 5
20 7 5
21 7 5
22 7 5
23 7 5
24 7 5
25 7 5
26 7 5
27 7 5
28 7 5
29 7 5
11 8 3
12 8 3
13 8 3
14 8 3
15 8 3
16 8 3
17 8 3
18 8 3
19 8 5
20 8 5
21 8 5
22 8 5
23 8 5
24 8 5
25 8 5
26 8 5
27 8 5
28 8 5
29 8 5
9 9 3
10 9 3
11 9 3
12 9 3
13 9 3
14 9 3
15 9 3
16 9 3
17 9 3
18 9 3
19 9 5
20 9 5
21 9 5
22 9 5
23 9 5
24 9 5
25 9 5
26 9 5
27 9 5
28 9 5
29 9 5
9 10 3
10 10 3
11 10 3
12 10 3
13 10 3
14 10 3
15 10 3
16 10 3
17 10 3
18 10 3
19 10 5
20 10 5
21 10 5
22 10 5
23 10 5
24 10 5
25 10 5
26 10 5
27 10 5
28 10 5
29 10 5
30 10 5
9 11 3
10 11 3
11 11 3
12 11 3
13 11 3
14 11 3
15 11 3
16 11 3
17 11 3
18 11 3
19 11 5
20 11 5
21 11 5
22 11 5
23 11 5
24 11 5
25 11 5
26 11 5
27 11 5
28 11 5
29 11 5
30 11 5
8 12 3
9 12 3
10 12 3
11 12 3
12 12 3
13 12 3
14 12 3
15 12 3
16 12 3
17 12 3
18 12 3
19 12 5
20 12 5
21 12 5
22 12 5
23 12 5
24 12 1
25 12 1
26 12 1
27 12 1
28 12 1
29 12 1
30 12 1
31 12 1
8 13 3
9 13 3
10 13 3
11 13 3
12 13 3
13 13 3
14 13 3
15 13 3
16 13 3
17 13 3
18 13 3
19 13 5
20 13 5
21 13 5
22 13 5
23 13 5
24 13 1
25 13 1
26 13 1
27 13 1
28 13 1
29 13 1
30 13 1
31 13 1
7 14 3
8 14 3
9 14 3
10 14 3
11 14 3
12 14 3
13 14 3
14 14 3
15 14 3
16 14 3
17 14 3
18 14 2
19 14 2
20 14 2
21 14 2
22 14 1
23 14 1
24 14 1
25 14 1
26 14 1
27 14 1
28 14 1
29 14 1
30 14 1
31 14 1
32 14 1
7 15 3
8 15 3
9 15 3
10 15 3
11 15 3
12 15 3
13 15 3
14 15 3
15 15 2
16 15 2
17 15 2
18 15 2
19 15 2
20 15 2
21 15 2
22 15 1
23 15 1
24 15 1
25 15 1
26 15 1
27 15 1
28 15 1
29 15 1
30 15 1
31 15 1
32 15 1
6 16 3
7 16 3
8 16 3
9 16 3
10 16 3
11 16 3
12 16 3
13 16 3
14 16 3
15 16 2
16 16 2
17 16 2
18 16 2
19 16 2
20 16 2
21 16 2
22 16 1
23 16 1
24 16 1
25 16 1
26 16 1
27 16 1
28 16 1
29 16 1
30 16 1
31 16 1
32 16 1
6 17 3
7 17 3
8 17 3
9 17 3
10 17 3
11 17 3
12 17 3
13 17 3
14 17 3
15 17 2
16 17 2
17 17 2
18 17 2
19 17 2
20 17 2
21 17 2
22 17 1
23 17 1
24 17 1
25 17 1
26 17 1
27 17 1
28 17 1
29 17 1
30 17 1
31 17 1
32 17 1
33 17 1
5 18 4
6 18 4
7 18 4
8 18 4
9 18 4
10 18 4
11 18 4
12 18 4
13 18 2
14 18 2
15 18 2
16 18 2
17 18 2
18 18 2
19 18 2
20 18 2
21 18 2
22 18 1
23 18 1
24 18 1
25 18 1
26 18 1
27 18 1
28 18 1
29 18 1
30 18 1
31 18 1
32 18 1
33 18 1
5 19 4
6 19 4
7 19 4
8 19 4
9 19 4
10 19 4
11 19 4
12 19 4
13 19 2
14 19 2
15 19 2
16 19 2
17 19 2
18 19 2
19 19 2
20 19 2
21 19 2
22 19 1
23 19 1
24 19 1
25 19 1
26 19 1
27 19 1
28 19 1
29 19 1
30 19 1
31 19 1
32 19 1
33 19 1
34 19 1
5 20 4
6 20 4
7 20 4
8 20 4
9 20 4
10 20 4
11 20 4
12 20 4
13 20 2
14 20 2
15 20 2
16 20 2
17 20 2
18 20 2
19 20 2
20 20 2
21 20 2
22 20 2
23 20 1
24 20 1
25 20 1
26 20 1
27 20 1
28 20 1
29 20 1
30 20 1
31 20 1
4 21 4
5 21 4
6 21 4
7 21 4
8 21 4
9 21 4
10 21 4
11 21 4
12 21 4
13 21 2
14 21 2
15 21 2
16 21 2
17 21 2
18 21 2
19 21 2
20 21 2
21 21 2
22 21 2
23 21 1
24 21 1
25 21 1
26 21 1
27 21 1
28 21 1
29 21 1
4 22 4
5 22 4
6 22 4
7 22 4
8 22 4
9 22 4
10 22 4
11 22 4
12 22 4
13 22 2
14 22 2
15 22 2
16 22 2
17 22 2
18 22 2
19 22 2
20 22 2
21 22 2
22 22 2
23 22 1
24 22 1
25 22 1
26 22 1
27 22 1
3 23 4
4 23 4
5 23 4
6 23 4
7 23 4
8 23 4
9 23 4
10 23 4
11 23 4
12 23 4
13 23 2
14 23 2
15 23 2
16 23 2
17 23 2
18 23 2
19 23 2
20 23 2
21 23 2
22 23 2
23 23 1
24 23 1
3 24 4
4 24 4
5 24 4
6 24 4
7 24 4
8 24 4
9 24 4
10 24 4
11 24 4
12 24 4
13 24 2
14 24 2
15 24 2
16 24 2
17 24 2
18 24 2
19 24 2
20 24 2
21 24 2
22 24 2
2 25 4
3 25 4
4 25 4
5 25 4
6 25 4
7 25 4
8 25 4
9 25 4
10 25 4
11 25 4
12 25 4
13 25 2
14 25 2
15 25 2
16 25 2
17 25 2
18 25 2
19 25 2
20 25 2
2 26 4
3 26 4
4 26 4
5 26 4
6 26 4
7 26 4
8 26 4
9 26 4
10 26 4
11 26 4
12 26 4
13 26 2
14 26 2
15 26 2
16 26 2
17 26 2
18 26 2
1 27 4
2 27 4
3 27 4
4 27 4
5 27 4
6 27 4
7 27 4
8 27 4
9 27 4
10 27 4
11 27 4
12 27 4
13 27 4
14 27 2
15 27 2
5 28 4
6 28 4
7 28 4
8 28 4
9 28 4
10 28 4
11 28 4
12 28 4
13 28 4
8 29 4
9 29 4
10 29 4
