47 51 1526
5 1 12
6 1 12
7 1 12
8 1 12
9 1 12
10 1 12
11 1 12
5 2 12
6 2 12
7 2 12
8 2 12
9 2 12
10 2 12
11 2 12
12 2 12
13 2 12
14 2 12
15 2 5
16 2 5
17 2 5
18 2 5
5 3 12
6 3 12
7 3 12
8 3 12
9 3 12
10 3 12
11 3 12
12 3 12
13 3 12
14 3 12
15 3 5
16 3 5
17 3 5
18 3 5
19 3 5
20 3 5
21 3 5
22 3 5
23 3 5
24 3 5
25 3 5
4 4 12
5 4 12
6 4 12
7 4 12
8 4 12
9 4 12
10 4 12
11 4 12
12 4 12
13 4 12
14 4 12
15 4 5
16 4 5
17 4 5
18 4 5
19 4 5
20 4 5
21 4 5
22 4 5
23 4 5
24 4 5
25 4 5
26 4 5
4 5 12
5 5 12
6 5 12
7 5 12
8 5 12
9 5 12
10 5 12
11 5 12
12 5 12
13 5 12
14 5 12
15 5 5
16 5 5
17 5 5
18 5 5
19 5 5
20 5 5
21 5 5
22 5 5
23 5 5
24 5 5
25 5 5
26 5 5
27 5 14
28 5 14
4 6 12
5 6 12
6 6 12
7 6 12
8 6 12
9 6 12
10 6 12
11 6 12
12 6 12
13 6 12
14 6 12
15 6 12
16 6 5
17 6 5
18 6 5
19 6 5
20 6 5
21 6 5
22 6 5
23 6 5
24 6 5
25 6 5
26 6 5
27 6 14
28 6 14
29 6 14
30 6 14
3 7 12
4 7 12
5 7 12
6 7 12
7 7 12
8 7 12
9 7 12
10 7 12
11 7 12
12 7 12
13 7 12
14 7 12
15 7 12
16 7 5
17 7 5
18 7 5
19 7 5
20 7 5
21 7 5
22 7 5
23 7 5
24 7 5
25 7 5
26 7 5
27 7 14
28 7 14
29 7 14
30 7 14
31 7 14
32 7 14
3 8 12
4 8 12
5 8 12
6 8 12
7 8 12
8 8 12
9 8 12
10 8 12
11 8 12
12 8 12
13 8 12
14 8 12
15 8 12
16 8 5
17 8 5
18 8 5
19 8 5
20 8 5
21 8 5
22 8 5
23 8 5
24 8 5
25 8 5
26 8 5
27 8 14
28 8 14
29 8 14
30 8 14
31 8 14
32 8 14
33 8 14
3 9 12
4 9 12
5 9 12
6 9 12
7 9 12
8 9 12
9 9 12
10 9 12
11 9 12
12 9 12
13 9 12
14 9 12
15 9 12
16 9 5
17 9 5
18 9 5
19 9 5
20 9 5
21 9 5
22 9 5
23 9 5
24 9 5
25 9 14
26 9 14
27 9 14
28 9 14
29 9 14
30 9 14
31 9 14
32 9 14
33 9 14
34 9 14
35 9 14
2 10 10
3 10 10
4 10 10
5 10 10
6 10 10
7 10 12
8 10 12
9 10 12
10 10 12
11 10 12
12 10 12
13 10 12
14 10 12
15 10 12
16 10 5
17 10 5
18 10 5
19 10 5
20 10 5
21 10 5
22 10 5
23 10 14
24 10 14
25 10 14
26 10 14
27 10 14
28 10 14
29 10 14
30 10 14
31 10 14
32 10 14
33 10 14
34 10 14
35 10 14
36 10 14
2 11 10
3 11 10
4 11 10
5 11 10
6 11 10
7 11 10
8 11 10
9 11 10
10 11 10
11 11 10
12 11 10
13 11 10
14 11 10
15 11 10
16 11 5
17 11 5
18 11 5
19 11 5
20 11 5
21 11 5
22 11 5
23 11 14
24 11 14
25 11 14
26 11 14
27 11 14
28 11 14
29 11 14
30 11 14
31 11 14
32 11 14
33 11 14
34 11 14
35 11 14
36 11 14
37 11 9
38 11 9
2 12 10
3 12 10
4 12 10
5 12 10
6 12 10
7 12 10
8 12 10
9 12 10
10 12 10
11 12 10
12 12 10
13 12 10
14 12 10
15 12 10
16 12 5
17 12 5
18 12 5
19 12 5
20 12 5
21 12 5
22 12 5
23 12 14
24 12 14
25 12 14
26 12 14
27 12 14
28 12 14
29 12 14
30 12 14
31 12 14
32 12 14
33 12 14
34 12 14
35 12 14
36 12 14
37 12 9
38 12 9
39 12 9
1 13 10
2 13 10
3 13 10
4 13 10
5 13 10
6 13 10
7 13 10
8 13 10
9 13 10
10 13 10
11 13 10
12 13 10
13 13 10
14 13 10
15 13 10
16 13 5
17 13 5
18 13 5
19 13 5
20 13 5
21 13 5
22 13 5
23 13 14
24 13 14
25 13 14
26 13 14
27 13 14
28 13 14
29 13 14
30 13 14
31 13 14
32 13 14
33 13 14
34 13 14
35 13 14
36 13 14
37 13 9
38 13 9
39 13 9
40 13 9
41 13 9
2 14 10
3 14 10
4 14 10
5 14 10
6 14 10
7 14 10
8 14 10
9 14 10
10 14 10
11 14 10
12 14 10
13 14 10
14 14 10
15 14 10
16 14 3
17 14 3
18 14 3
19 14 3
20 14 3
21 14 3
22 14 3
23 14 14
24 14 14
25 14 14
26 14 14
27 14 14
28 14 14
29 14 14
30 14 14
31 14 14
32 14 14
33 14 14
34 14 14
35 14 9
36 14 9
37 14 9
38 14 9
39 14 9
40 14 9
41 14 9
42 14 9
43 14 9
2 15 10
3 15 10
4 15 10
5 15 10
6 15 10
7 15 10
8 15 10
9 15 10
10 15 10
11 15 10
12 15 10
13 15 10
14 15 10
15 15 10
16 15 3
17 15 3
18 15 3
19 15 3
20 15 3
21 15 3
22 15 3
23 15 3
24 15 14
25 15 14
26 15 14
27 15 14
28 15 14
29 15 14
30 15 14
31 15 14
32 15 14
33 15 14
34 15 14
35 15 9
36 15 9
37 15 9
38 15 9
39 15 9
40 15 9
41 15 9
42 15 9
43 15 9
2 16 10
3 16 10
4 16 10
5 16 10
6 16 10
7 16 10
8 16 10
9 16 10
10 16 10
11 16 10
12 16 10
13 16 10
14 16 10
15 16 10
16 16 3
17 16 3
18 16 3
19 16 3
20 16 3
21 16 3
22 16 3
23 16 3
24 16 2
25 16 2
26 16 2
27 16 2
28 16 2
29 16 2
30 16 2
31 16 2
32 16 2
33 16 2
34 16 2
35 16 9
36 16 9
37 16 9
38 16 9
39 16 9
40 16 9
41 16 9
42 16 9
43 16 9
44 16 9
2 17 10
3 17 10
4 17 10
5 17 10
6 17 10
7 17 10
8 17 10
9 17 10
10 17 10
11 17 10
12 17 10
13 17 10
14 17 10
15 17 10
16 17 3
17 17 3
18 17 3
19 17 3
20 17 3
21 17 3
22 17 3
23 17 3
24 17 2
25 17 2
26 17 2
27 17 2
28 17 2
29 17 2
30 17 2
31 17 2
32 17 2
33 17 2
34 17 2
35 17 9
36 17 9
37 17 9
38 17 9
39 17 9
40 17 9
41 17 9
42 17 9
43 17 9
44 17 9
45 17 9
3 18 10
4 18 10
5 18 10
6 18 10
7 18 10
8 18 13
9 18 13
10 18 13
11 18 13
12 18 13
13 18 13
14 18 13
15 18 13
16 18 3
17 18 3
18 18 3
19 18 3
20 18 3
21 18 3
22 18 3
23 18 3
24 18 2
25 18 2
26 18 2
27 18 2
28 18 2
29 18 2
30 18 2
31 18 2
32 18 2
33 18 2
34 18 2
35 18 9
36 18 9
37 18 9
38 18 9
39 18 9
40 18 9
41 18 9
42 18 9
43 18 9
44 18 9
45 18 9
46 18 9
3 19 13
4 19 13
5 19 13
6 19 13
7 19 13
8 19 13
9 19 13
10 19 13
11 19 13
12 19 13
13 19 13
14 19 13
15 19 13
16 19 3
17 19 3
18 19 3
19 19 3
20 19 3
21 19 3
22 19 3
23 19 3
24 19 2
25 19 2
26 19 2
27 19 2
28 19 2
29 19 2
30 19 2
31 19 2
32 19 2
33 19 2
34 19 2
35 19 9
36 19 9
37 19 9
38 19 9
39 19 9
40 19 9
41 19 9
42 19 9
43 19 9
44 19 9
45 19 9
3 20 13
4 20 13
5 20 13
6 20 13
7 20 13
8 20 13
9 20 13
10 20 13
11 20 13
12 20 13
13 20 13
14 20 13
15 20 3
16 20 3
17 20 3
18 20 3
19 20 3
20 20 3
21 20 3
22 20 3
23 20 3
24 20 2
25 20 2
26 20 2
27 20 2
28 20 2
29 20 2
30 20 2
31 20 2
32 20 2
33 20 2
34 20 2
35 20 9
36 20 9
37 20 9
38 20 9
39 20 9
40 20 9
41 20 9
42 20 9
43 20 9
44 20 9
45 20 9
3 21 13
4 21 13
5 21 13
6 21 13
7 21 13
8 21 13
9 21 13
10 21 13
11 21 13
12 21 13
13 21 13
14 21 13
15 21 3
16 21 3
17 21 3
18 21 3
19 21 3
20 21 3
21 21 3
22 21 3
23 21 3
24 21 2
25 21 2
26 21 2
27 21 2
28 21 2
29 21 2
30 21 2
31 21 2
32 21 2
33 21 2
34 21 2
35 21 9
36 21 9
37 21 9
38 21 9
39 21 9
40 21 9
41 21 9
42 21 9
43 21 9
44 21 9
45 21 9
3 22 13
4 22 13
5 22 13
6 22 13
7 22 13
8 22 13
9 22 13
10 22 13
11 22 13
12 22 13
13 22 13
14 22 13
15 22 3
16 22 3
17 22 3
18 22 3
19 22 3
20 22 3
21 22 3
22 22 3
23 22 3
24 22 2
25 22 2
26 22 2
27 22 2
28 22 2
29 22 2
30 22 2
31 22 2
32 22 2
33 22 2
34 22 2
35 22 9
36 22 9
37 22 9
38 22 9
39 22 9
40 22 9
41 22 9
42 22 9
43 22 9
44 22 9
4 23 13
5 23 13
6 23 13
7 23 13
8 23 13
9 23 13
10 23 13
11 23 13
12 23 13
13 23 13
14 23 13
15 23 3
16 23 3
17 23 3
18 23 3
19 23 3
20 23 3
21 23 3
22 23 3
23 23 3
24 23 2
25 23 2
26 23 2
27 23 2
28 23 2
29 23 2
30 23 2
31 23 2
32 23 2
33 23 2
34 23 2
35 23 7
36 23 7
37 23 7
38 23 7
39 23 7
40 23 9
41 23 9
42 23 9
43 23 9
44 23 9
4 24 13
5 24 13
6 24 13
7 24 13
8 24 13
9 24 13
10 24 13
11 24 13
12 24 13
13 24 13
14 24 13
15 24 3
16 24 3
17 24 3
18 24 3
19 24 3
20 24 3
21 24 3
22 24 3
23 24 3
24 24 2
25 24 2
26 24 2
27 24 2
28 24 2
29 24 2
30 24 2
31 24 2
32 24 2
33 24 2
34 24 2
35 24 7
36 24 7
37 24 7
38 24 7
39 24 7
40 24 7
41 24 7
42 24 7
43 24 7
44 24 7
5 25 13
6 25 13
7 25 13
8 25 13
9 25 13
10 25 13
11 25 13
12 25 13
13 25 13
14 25 13
15 25 3
16 25 3
17 25 3
18 25 3
19 25 3
20 25 3
21 25 3
22 25 3
23 25 3
24 25 2
25 25 2
26 25 2
27 25 2
28 25 2
29 25 2
30 25 2
31 25 2
32 25 2
33 25 2
34 25 7
35 25 7
36 25 7
37 25 7
38 25 7
39 25 7
40 25 7
41 25 7
42 25 7
43 25 7
5 26 13
6 26 13
7 26 13
8 26 13
9 26 13
10 26 13
11 26 13
12 26 13
13 26 13
14 26 13
15 26 3
16 26 3
17 26 3
18 26 3
19 26 3
20 26 11
21 26 11
22 26 11
23 26 11
24 26 11
25 26 11
26 26 11
27 26 11
28 26 11
29 26 11
30 26 11
31 26 7
32 26 7
33 26 7
34 26 7
35 26 7
36 26 7
37 26 7
38 26 7
39 26 7
40 26 7
41 26 7
42 26 7
43 26 7
5 27 13
6 27 13
7 27 13
8 27 13
9 27 13
10 27 13
11 27 13
12 27 13
13 27 13
14 27 13
15 27 3
16 27 3
17 27 3
18 27 11
19 27 11
20 27 11
21 27 11
22 27 11
23 27 11
24 27 11
25 27 11
26 27 11
27 27 11
28 27 11
29 27 11
30 27 11
31 27 7
32 27 7
33 27 7
34 27 7
35 27 7
36 27 7
37 27 7
38 27 7
39 27 7
40 27 7
41 27 7
42 27 7
43 27 7
6 28 1
7 28 1
8 28 1
9 28 1
10 28 1
11 28 1
12 28 1
13 28 1
14 28 1
15 28 1
16 28 1
17 28 1
18 28 11
19 28 11
20 28 11
21 28 11
22 28 11
23 28 11
24 28 11
25 28 11
26 28 11
27 28 11
28 28 11
29 28 11
30 28 11
31 28 7
32 28 7
33 28 7
34 28 7
35 28 7
36 28 7
37 28 7
38 28 7
39 28 7
40 28 7
41 28 7
42 28 7
6 29 1
7 29 1
8 29 1
9 29 1
10 29 1
11 29 1
12 29 1
13 29 1
14 29 1
15 29 1
16 29 1
17 29 1
18 29 11
19 29 11
20 29 11
21 29 11
22 29 11
23 29 11
24 29 11
25 29 11
26 29 11
27 29 11
28 29 11
29 29 11
30 29 11
31 29 7
32 29 7
33 29 7
34 29 7
35 29 7
36 29 7
37 29 7
38 29 7
39 29 7
40 29 7
41 29 7
42 29 7
6 30 1
7 30 1
8 30 1
9 30 1
10 30 1
11 30 1
12 30 1
13 30 1
14 30 1
15 30 1
16 30 1
17 30 1
18 30 11
19 30 11
20 30 11
21 30 11
22 30 11
23 30 11
24 30 11
25 30 11
26 30 11
27 30 11
28 30 11
29 30 11
30 30 11
31 30 7
32 30 7
33 30 7
34 30 7
35 30 7
36 30 7
37 30 7
38 30 7
39 30 7
40 30 7
41 30 7
42 30 7
7 31 1
8 31 1
9 31 1
10 31 1
11 31 1
12 31 1
13 31 1
14 31 1
15 31 1
16 31 1
17 31 1
18 31 11
19 31 11
20 31 11
21 31 11
22 31 11
23 31 11
24 31 11
25 31 11
26 31 11
27 31 11
28 31 11
29 31 11
30 31 11
31 31 7
32 31 7
33 31 7
34 31 7
35 31 7
36 31 7
37 31 7
38 31 7
39 31 7
40 31 7
41 31 7
7 32 1
8 32 1
9 32 1
10 32 1
11 32 1
12 32 1
13 32 1
14 32 1
15 32 1
16 32 1
17 32 1
18 32 11
19 32 11
20 32 11
21 32 11
22 32 11
23 32 11
24 32 11
25 32 11
26 32 11
27 32 11
28 32 11
29 32 11
30 32 11
31 32 7
32 32 7
33 32 7
34 32 7
35 32 7
36 32 7
37 32 7
38 32 7
39 32 7
40 32 7
41 32 7
7 33 1
8 33 1
9 33 1
10 33 1
11 33 1
12 33 1
13 33 1
14 33 1
15 33 1
16 33 1
17 33 1
18 33 11
19 33 11
20 33 11
21 33 11
22 33 11
23 33 11
24 33 11
25 33 11
26 33 11
27 33 11
28 33 4
29 33 4
30 33 4
31 33 4
32 33 4
33 33 4
34 33 4
35 33 4
36 33 4
37 33 4
38 33 4
39 33 4
40 33 4
8 34 1
9 34 1
10 34 1
11 34 1
12 34 1
13 34 1
14 34 1
15 34 1
16 34 1
17 34 1
18 34 11
19 34 11
20 34 11
21 34 11
22 34 11
23 34 11
24 34 11
25 34 11
26 34 11
27 34 11
28 34 4
29 34 4
30 34 4
31 34 4
32 34 4
33 34 4
34 34 4
35 34 4
36 34 4
37 34 4
38 34 4
39 34 4
40 34 4
9 35 1
10 35 1
11 35 1
12 35 1
13 35 1
14 35 1
15 35 1
16 35 8
17 35 8
18 35 8
19 35 8
20 35 8
21 35 8
22 35 8
23 35 8
24 35 8
25 35 8
26 35 4
27 35 4
28 35 4
29 35 4
30 35 4
31 35 4
32 35 4
33 35 4
34 35 4
35 35 4
36 35 4
37 35 4
38 35 4
39 35 4
40 35 4
10 36 1
11 36 1
12 36 1
13 36 1
14 36 1
15 36 1
16 36 8
17 36 8
18 36 8
19 36 8
20 36 8
21 36 8
22 36 8
23 36 8
24 36 8
25 36 8
26 36 4
27 36 4
28 36 4
29 36 4
30 36 4
31 36 4
32 36 4
33 36 4
34 36 4
35 36 4
36 36 4
37 36 4
38 36 4
39 36 4
10 37 1
11 37 1
12 37 1
13 37 1
14 37 1
15 37 1
16 37 8
17 37 8
18 37 8
19 37 8
20 37 8
21 37 8
22 37 8
23 37 8
24 37 8
25 37 8
26 37 4
27 37 4
28 37 4
29 37 4
30 37 4
31 37 4
32 37 4
33 37 4
34 37 4
35 37 4
36 37 4
37 37 4
38 37 4
39 37 4
10 38 1
11 38 1
12 38 1
13 38 1
14 38 1
15 38 1
16 38 8
17 38 8
18 38 8
19 38 8
20 38 8
21 38 8
22 38 8
23 38 8
24 38 8
25 38 8
26 38 4
27 38 4
28 38 4
29 38 4
30 38 4
31 38 4
32 38 4
33 38 4
34 38 4
35 38 4
36 38 4
37 38 4
38 38 4
39 38 4
12 39 1
13 39 1
14 39 1
15 39 8
16 39 8
17 39 8
18 39 8
19 39 8
20 39 8
21 39 8
22 39 8
23 39 8
24 39 8
25 39 8
26 39 4
27 39 4
28 39 4
29 39 4
30 39 4
31 39 4
32 39 4
33 39 4
34 39 4
35 39 4
36 39 4
37 39 4
38 39 4
13 40 1
14 40 1
15 40 8
16 40 8
17 40 8
18 40 8
19 40 8
20 40 8
21 40 8
22 40 8
23 40 8
24 40 8
25 40 8
26 40 4
27 40 4
28 40 4
29 40 4
30 40 4
31 40 4
32 40 4
33 40 4
34 40 4
35 40 4
36 40 4
37 40 4
38 40 4
15 41 8
16 41 8
17 41 8
18 41 8
19 41 8
20 41 8
21 41 8
22 41 8
23 41 8
24 41 8
25 41 8
26 41 6
27 41 6
28 41 6
29 41 6
30 41 6
31 41 6
32 41 6
33 41 6
34 41 6
35 41 6
36 41 6
37 41 6
16 42 8
17 42 8
18 42 8
19 42 8
20 42 8
21 42 8
22 42 8
23 42 8
24 42 8
25 42 8
26 42 6
27 42 6
28 42 6
29 42 6
30 42 6
31 42 6
32 42 6
33 42 6
34 42 6
35 42 6
36 42 6
37 42 6
18 43 8
19 43 8
20 43 8
21 43 8
22 43 8
23 43 8
24 43 8
25 43 8
26 43 6
27 43 6
28 43 6
29 43 6
30 43 6
31 43 6
32 43 6
33 43 6
34 43 6
35 43 6
36 43 6
37 43 6
19 44 8
20 44 8
21 44 8
22 44 8
23 44 8
24 44 8
25 44 8
26 44 6
27 44 6
28 44 6
29 44 6
30 44 6
31 44 6
32 44 6
33 44 6
34 44 6
35 44 6
36 44 6
20 45 8
21 45 8
22 45 8
23 45 8
24 45 8
25 45 8
26 45 6
27 45 6
28 45 6
29 45 6
30 45 6
31 45 6
32 45 6
33 45 6
34 45 6
35 45 6
36 45 6
22 46 8
23 46 8
24 46 8
25 46 6
26 46 6
27 46 6
28 46 6
29 46 6
30 46 6
31 46 6
32 46 6
33 46 6
34 46 6
35 46 6
36 46 6
23 47 8
24 47 8
25 47 6
26 47 6
27 47 6
28 47 6
29 47 6
30 47 6
31 47 6
32 47 6
33 47 6
34 47 6
35 47 6
25 48 6
26 48 6
27 48 6
28 48 6
29 48 6
30 48 6
31 48 6
32 48 6
33 48 6
34 48 6
35 48 6
25 49 6
26 49 6
27 49 6
28 49 6
29 49 6
30 49 6
31 49 6
32 49 6
33 49 6
34 49 6
35 49 6
36 49 6
26 50 6
27 50 6
28 50 6
29 50 6
30 50 6
