46 33 872
11 1 7
12 1 7
13 1 5
14 1 5
10 2 7
11 2 7
12 2 7
13 2 5
14 2 5
15 2 5
16 2 5
8 3 7
9 3 7
10 3 7
11 3 7
12 3 7
13 3 5
14 3 5
15 3 5
16 3 5
17 3 5
18 3 5
7 4 7
8 4 7
9 4 7
10 4 7
11 4 7
12 4 7
13 4 5
14 4 5
15 4 5
16 4 5
17 4 5
18 4 5
19 4 5
20 4 5
6 5 7
7 5 7
8 5 7
9 5 7
10 5 7
11 5 7
12 5 7
13 5 5
14 5 5
15 5 5
16 5 5
17 5 5
18 5 5
19 5 5
20 5 5
21 5 5
22 5 5
4 6 7
5 6 7
6 6 7
7 6 7
8 6 7
9 6 7
10 6 7
11 6 7
12 6 7
13 6 5
14 6 5
15 6 5
16 6 5
17 6 5
18 6 5
19 6 5
20 6 5
21 6 5
22 6 5
23 6 3
24 6 3
3 7 7
4 7 7
5 7 7
6 7 7
7 7 7
8 7 7
9 7 7
10 7 7
11 7 7
12 7 7
13 7 5
14 7 5
15 7 5
16 7 5
17 7 5
18 7 5
19 7 5
20 7 5
21 7 5
22 7 5
23 7 3
24 7 3
25 7 3
26 7 3
1 8 7
2 8 7
3 8 7
4 8 7
5 8 7
6 8 7
7 8 7
8 8 7
9 8 7
10 8 7
11 8 7
12 8 7
13 8 5
14 8 5
15 8 5
16 8 5
17 8 5
18 8 5
19 8 5
20 8 5
21 8 5
22 8 5
23 8 3
24 8 3
25 8 3
26 8 3
27 8 3
28 8 3
2 9 7
3 9 7
4 9 7
5 9 7
6 9 7
7 9 7
8 9 7
9 9 7
10 9 7
11 9 7
12 9 7
13 9 5
14 9 5
15 9 5
16 9 5
17 9 5
18 9 5
19 9 5
20 9 5
21 9 5
22 9 5
23 9 3
24 9 3
25 9 3
26 9 3
27 9 3
28 9 3
29 9 3
30 9 3
31 9 3
3 10 7
4 10 7
5 10 7
6 10 7
7 10 7
8 10 7
9 10 7
10 10 7
11 10 7
12 10 7
13 10 5
14 10 5
15 10 5
16 10 5
17 10 5
18 10 5
19 10 5
20 10 5
21 10 5
22 10 5
23 10 3
24 10 3
25 10 3
26 10 3
27 10 3
28 10 3
29 10 3
30 10 3
31 10 3
32 10 8
3 11 7
4 11 7
5 11 7
6 11 7
7 11 7
8 11 7
9 11 7
10 11 7
11 11 7
12 11 7
13 11 5
14 11 5
15 11 5
16 11 5
17 11 5
18 11 5
19 11 5
20 11 5
21 11 5
22 11 5
23 11 3
24 11 3
25 11 3
26 11 3
27 11 3
28 11 3
29 11 3
30 11 3
31 11 3
32 11 8
33 11 8
34 11 8
4 12 7
5 12 7
6 12 7
7 12 7
8 12 7
9 12 7
10 12 7
11 12 7
12 12 7
13 12 5
14 12 5
15 12 5
16 12 5
17 12 5
18 12 5
19 12 5
20 12 5
21 12 5
22 12 5
23 12 3
24 12 3
25 12 3
26 12 3
27 12 3
28 12 3
29 12 3
30 12 3
31 12 3
32 12 8
33 12 8
34 12 8
35 12 8
36 12 8
4 13 7
5 13 7
6 13 7
7 13 7
8 13 7
9 13 7
10 13 7
11 13 7
12 13 7
13 13 5
14 13 5
15 13 5
16 13 5
17 13 5
18 13 5
19 13 5
20 13 5
21 13 5
22 13 3
23 13 3
24 13 3
25 13 3
26 13 3
27 13 3
28 13 3
29 13 3
30 13 3
31 13 3
32 13 8
33 13 8
34 13 8
35 13 8
36 13 8
37 13 8
38 13 8
5 14 7
6 14 7
7 14 7
8 14 7
9 14 7
10 14 7
11 14 4
12 14 4
13 14 4
14 14 4
15 14 4
16 14 4
17 14 4
18 14 4
19 14 4
20 14 4
21 14 4
22 14 3
23 14 3
24 14 3
25 14 3
26 14 3
27 14 3
28 14 3
29 14 3
30 14 3
31 14 3
32 14 8
33 14 8
34 14 8
35 14 8
36 14 8
37 14 8
38 14 8
39 14 8
6 15 4
7 15 4
8 15 4
9 15 4
10 15 4
11 15 4
12 15 4
13 15 4
14 15 4
15 15 4
16 15 4
17 15 4
18 15 4
19 15 4
20 15 4
21 15 4
22 15 3
23 15 3
24 15 3
25 15 3
26 15 3
27 15 3
28 15 3
29 15 3
30 15 3
31 15 3
32 15 8
33 15 8
34 15 8
35 15 8
36 15 8
37 15 8
38 15 8
39 15 8
40 15 8
41 15 8
6 16 4
7 16 4
8 16 4
9 16 4
10 16 4
11 16 4
12 16 4
13 16 4
14 16 4
15 16 4
16 16 4
17 16 4
18 16 4
19 16 4
20 16 4
21 16 4
22 16 3
23 16 3
24 16 3
25 16 3
26 16 3
27 16 3
28 16 3
29 16 3
30 16 3
31 16 3
32 16 8
33 16 8
34 16 8
35 16 8
36 16 8
37 16 8
38 16 8
39 16 8
40 16 8
41 16 8
42 16 8
43 16 8
7 17 4
8 17 4
9 17 4
10 17 4
11 17 4
12 17 4
13 17 4
14 17 4
15 17 4
16 17 4
17 17 4
18 17 4
19 17 4
20 17 4
21 17 4
22 17 3
23 17 3
24 17 3
25 17 3
26 17 3
27 17 3
28 17 3
29 17 3
30 17 3
31 17 3
32 17 8
33 17 8
34 17 8
35 17 8
36 17 8
37 17 8
38 17 8
39 17 8
40 17 8
41 17 8
42 17 8
43 17 8
44 17 8
45 17 8
7 18 4
8 18 4
9 18 4
10 18 4
11 18 4
12 18 4
13 18 4
14 18 4
15 18 4
16 18 4
17 18 4
18 18 4
19 18 4
20 18 4
21 18 4
22 18 4
23 18 3
24 18 3
25 18 3
26 18 3
27 18 3
28 18 3
29 18 3
30 18 3
31 18 3
32 18 8
33 18 8
34 18 8
35 18 8
36 18 8
37 18 8
38 18 8
39 18 8
40 18 8
41 18 8
42 18 8
43 18 8
44 18 8
8 19 4
9 19 4
10 19 4
11 19 4
12 19 4
13 19 4
14 19 4
15 19 4
16 19 4
17 19 4
18 19 4
19 19 4
20 19 4
21 19 4
22 19 2
23 19 2
24 19 2
25 19 2
26 19 2
27 19 2
28 19 2
29 19 2
30 19 3
31 19 3
32 19 8
33 19 8
34 19 8
35 19 8
36 19 8
37 19 8
38 19 8
39 19 8
40 19 8
41 19 8
42 19 8
43 19 8
44 19 8
8 20 4
9 20 4
10 20 4
11 20 4
12 20 4
13 20 4
14 20 4
15 20 4
16 20 4
17 20 4
18 20 4
19 20 4
20 20 4
21 20 4
22 20 2
23 20 2
24 20 2
25 20 2
26 20 2
27 20 2
28 20 2
29 20 2
30 20 1
31 20 1
32 20 8
33 20 8
34 20 8
35 20 8
36 20 8
37 20 8
38 20 8
39 20 8
40 20 8
41 20 8
42 20 8
43 20 8
9 21 4
10 21 4
11 21 4
12 21 4
13 21 4
14 21 4
15 21 4
16 21 6
17 21 6
18 21 6
19 21 6
20 21 6
21 21 6
22 21 2
23 21 2
24 21 2
25 21 2
26 21 2
27 21 2
28 21 2
29 21 2
30 21 1
31 21 1
32 21 1
33 21 1
34 21 1
35 21 1
36 21 8
37 21 8
38 21 8
39 21 8
40 21 8
41 21 8
42 21 8
43 21 8
10 22 6
11 22 6
12 22 6
13 22 6
14 22 6
15 22 6
16 22 6
17 22 6
18 22 6
19 22 6
20 22 6
21 22 6
22 22 2
23 22 2
24 22 2
25 22 2
26 22 2
27 22 2
28 22 2
29 22 2
30 22 1
31 22 1
32 22 1
33 22 1
34 22 1
35 22 1
36 22 1
37 22 1
38 22 1
39 22 1
40 22 1
41 22 8
42 22 8
43 22 8
10 23 6
11 23 6
12 23 6
13 23 6
14 23 6
15 23 6
16 23 6
17 23 6
18 23 6
19 23 6
20 23 6
21 23 6
22 23 2
23 23 2
24 23 2
25 23 2
26 23 2
27 23 2
28 23 2
29 23 2
30 23 1
31 23 1
32 23 1
33 23 1
34 23 1
35 23 1
36 23 1
37 23 1
38 23 1
39 23 1
40 23 1
41 23 1
42 23 1
11 24 6
12 24 6
13 24 6
14 24 6
15 24 6
16 24 6
17 24 6
18 24 6
19 24 6
20 24 6
21 24 6
22 24 2
23 24 2
24 24 2
25 24 2
26 24 2
27 24 2
28 24 2
29 24 2
30 24 1
31 24 1
32 24 1
33 24 1
34 24 1
35 24 1
36 24 1
37 24 1
38 24 1
39 24 1
40 24 1
41 24 1
42 24 1
11 25 6
12 25 6
13 25 6
14 25 6
15 25 6
16 25 6
17 25 6
18 25 6
19 25 6
20 25 6
21 25 6
22 25 2
23 25 2
24 25 2
25 25 2
26 25 2
27 25 2
28 25 2
29 25 2
30 25 2
31 25 1
32 25 1
33 25 1
34 25 1
35 25 1
36 25 1
37 25 1
38 25 1
39 25 1
40 25 1
41 25 1
12 26 6
13 26 6
14 26 6
15 26 6
16 26 6
17 26 6
18 26 6
19 26 6
20 26 6
21 26 6
22 26 2
23 26 2
24 26 2
25 26 2
26 26 2
27 26 2
28 26 2
29 26 2
30 26 2
31 26 1
32 26 1
33 26 1
34 26 1
35 26 1
36 26 1
37 26 1
38 26 1
39 26 1
40 26 1
41 26 1
13 27 6
14 27 6
15 27 6
16 27 6
17 27 6
18 27 6
19 27 6
20 27 6
21 27 6
22 27 2
23 27 2
24 27 2
25 27 2
26 27 2
27 27 2
28 27 2
29 27 2
30 27 2
31 27 1
32 27 1
33 27 1
34 27 1
35 27 1
36 27 1
37 27 1
38 27 1
39 27 1
40 27 1
41 27 1
13 28 6
14 28 6
15 28 6
16 28 6
17 28 6
18 28 6
19 28 6
20 28 6
21 28 6
22 28 2
23 28 2
24 28 2
25 28 2
26 28 2
27 28 2
28 28 2
29 28 2
30 28 2
31 28 1
32 28 1
33 28 1
34 28 1
35 28 1
36 28 1
37 28 1
38 28 1
39 28 1
40 28 1
13 29 6
14 29 6
15 29 6
16 29 6
17 29 6
18 29 6
19 29 6
20 29 6
21 29 6
22 29 2
23 29 2
24 29 2
25 29 2
26 29 2
27 29 2
28 29 2
29 29 2
30 29 2
31 29 1
32 29 1
33 29 1
34 29 1
35 29 1
36 29 1
37 29 1
38 29 1
39 29 1
40 29 1
13 30 6
14 30 6
15 30 6
16 30 6
17 30 6
18 30 6
19 30 6
20 30 6
21 30 6
22 30 2
23 30 2
24 30 2
25 30 2
26 30 2
27 30 2
28 30 2
29 30 2
30 30 2
31 30 1
32 30 1
33 30 1
34 30 1
35 30 1
36 30 1
37 30 1
38 30 1
39 30 1
40 30 1
41 30 1
14 31 6
15 31 6
16 31 6
17 31 6
18 31 6
19 31 6
20 31 6
21 31 6
22 31 2
23 31 2
24 31 2
25 31 2
26 31 2
27 31 2
28 31 2
14 32 6
15 32 6
16 32 6
