34 32 654
6 1 6
7 1 6
8 1 6
9 1 6
10 1 6
6 2 6
7 2 6
8 2 6
9 2 6
10 2 6
11 2 6
5 3 6
6 3 6
7 3 6
8 3 6
9 3 6
10 3 6
11 3 6
12 3 6
13 3 6
5 4 6
6 4 6
7 4 6
8 4 6
9 4 6
10 4 6
11 4 6
12 4 6
13 4 6
14 4 2
15 4 2
4 5 6
5 5 6
6 5 6
7 5 6
8 5 6
9 5 6
10 5 6
11 5 6
12 5 6
13 5 6
14 5 2
15 5 2
16 5 2
3 6 6
4 6 6
5 6 6
6 6 6
7 6 6
8 6 6
9 6 6
10 6 6
11 6 6
12 6 6
13 6 6
14 6 2
15 6 2
16 6 2
17 6 2
18 6 2
3 7 6
4 7 6
5 7 6
6 7 6
7 7 6
8 7 6
9 7 6
10 7 6
11 7 6
12 7 6
13 7 6
14 7 2
15 7 2
16 7 2
17 7 2
18 7 2
19 7 2
3 8 6
4 8 6
5 8 6
6 8 6
7 8 6
8 8 6
9 8 6
10 8 6
11 8 6
12 8 6
13 8 6
14 8 2
15 8 2
16 8 2
17 8 2
18 8 2
19 8 2
20 8 2
3 9 6
4 9 6
5 9 6
6 9 6
7 9 6
8 9 6
9 9 6
10 9 6
11 9 6
12 9 6
13 9 6
14 9 2
15 9 2
16 9 2
17 9 2
18 9 2
19 9 2
20 9 2
21 9 2
22 9 2
3 10 6
4 10 6
5 10 6
6 10 6
7 10 6
8 10 6
9 10 6
10 10 6
11 10 6
12 10 6
13 10 6
14 10 2
15 10 2
16 10 2
17 10 2
18 10 2
19 10 2
20 10 2
21 10 2
22 10 2
23 10 2
3 11 6
4 11 6
5 11 6
6 11 6
7 11 6
8 11 6
9 11 6
10 11 6
11 11 6
12 11 6
13 11 6
14 11 2
15 11 2
16 11 2
17 11 2
18 11 2
19 11 2
20 11 2
21 11 2
22 11 2
23 11 2
24 11 3
3 12 6
4 12 6
5 12 6
6 12 6
7 12 1
8 12 1
9 12 1
10 12 1
11 12 1
12 12 1
13 12 2
14 12 2
15 12 2
16 12 2
17 12 2
18 12 2
19 12 2
20 12 2
21 12 2
22 12 2
23 12 2
24 12 3
25 12 3
26 12 3
3 13 1
4 13 1
5 13 1
6 13 1
7 13 1
8 13 1
9 13 1
10 13 1
11 13 1
12 13 1
13 13 2
14 13 2
15 13 2
16 13 2
17 13 2
18 13 2
19 13 2
20 13 2
21 13 2
22 13 2
23 13 2
24 13 3
25 13 3
26 13 3
27 13 3
3 14 1
4 14 1
5 14 1
6 14 1
7 14 1
8 14 1
9 14 1
10 14 1
11 14 1
12 14 1
13 14 2
14 14 2
15 14 2
16 14 2
17 14 2
18 14 2
19 14 2
20 14 2
21 14 2
22 14 2
23 14 3
24 14 3
25 14 3
26 14 3
27 14 3
28 14 3
2 15 1
3 15 1
4 15 1
5 15 1
6 15 1
7 15 1
8 15 1
9 15 1
10 15 1
11 15 1
12 15 1
13 15 1
14 15 2
15 15 2
16 15 2
17 15 2
18 15 2
19 15 2
20 15 2
21 15 2
22 15 2
23 15 3
24 15 3
25 15 3
26 15 3
27 15 3
28 15 3
29 15 3
30 15 3
2 16 1
3 16 1
4 16 1
5 16 1
6 16 1
7 16 1
8 16 1
9 16 1
10 16 1
11 16 1
12 16 1
13 16 1
14 16 2
15 16 2
16 16 2
17 16 2
18 16 2
19 16 2
20 16 2
21 16 2
22 16 2
23 16 3
24 16 3
25 16 3
26 16 3
27 16 3
28 16 3
29 16 3
30 16 3
31 16 3
2 17 1
3 17 1
4 17 1
5 17 1
6 17 1
7 17 1
8 17 1
9 17 1
10 17 1
11 17 1
12 17 1
13 17 1
14 17 2
15 17 2
16 17 2
17 17 2
18 17 2
19 17 2
20 17 2
21 17 3
22 17 3
23 17 3
24 17 3
25 17 3
26 17 3
27 17 3
28 17 3
29 17 3
30 17 3
31 17 3
32 17 3
2 18 1
3 18 1
4 18 1
5 18 1
6 18 1
7 18 1
8 18 1
9 18 1
10 18 1
11 18 1
12 18 1
13 18 1
14 18 4
15 18 4
16 18 4
17 18 4
18 18 4
19 18 4
20 18 4
21 18 3
22 18 3
23 18 3
24 18 3
25 18 3
26 18 3
27 18 3
28 18 3
29 18 3
30 18 3
31 18 3
32 18 3
33 18 3
2 19 1
3 19 1
4 19 1
5 19 1
6 19 1
7 19 1
8 19 1
9 19 1
10 19 1
11 19 1
12 19 1
13 19 1
14 19 4
15 19 4
16 19 4
17 19 4
18 19 4
19 19 4
20 19 4
21 19 3
22 19 3
23 19 3
24 19 3
25 19 3
26 19 3
27 19 3
28 19 3
29 19 3
30 19 3
31 19 3
2 20 1
3 20 1
4 20 1
5 20 1
6 20 1
7 20 1
8 20 1
9 20 1
10 20 1
11 20 1
12 20 1
13 20 1
14 20 4
15 20 4
16 20 4
17 20 4
18 20 4
19 20 4
20 20 4
21 20 3
22 20 3
23 20 3
24 20 3
25 20 3
26 20 3
27 20 3
28 20 3
29 20 3
30 20 3
2 21 1
3 21 1
4 21 1
5 21 1
6 21 1
7 21 1
8 21 1
9 21 1
10 21 1
11 21 1
12 21 1
13 21 4
14 21 4
15 21 4
16 21 4
17 21 4
18 21 4
19 21 4
20 21 4
21 21 3
22 21 3
23 21 3
24 21 3
25 21 3
26 21 3
27 21 3
28 21 3
29 21 3
2 22 5
3 22 5
4 22 5
5 22 5
6 22 5
7 22 5
8 22 5
9 22 5
10 22 5
11 22 5
12 22 4
13 22 4
14 22 4
15 22 4
16 22 4
17 22 4
18 22 4
19 22 4
20 22 4
21 22 3
22 22 3
23 22 3
24 22 3
25 22 3
26 22 3
27 22 3
1 23 5
2 23 5
3 23 5
4 23 5
5 23 5
6 23 5
7 23 5
8 23 5
9 23 5
10 23 5
11 23 5
12 23 4
13 23 4
14 23 4
15 23 4
16 23 4
17 23 4
18 23 4
19 23 4
20 23 4
21 23 3
22 23 3
23 23 3
24 23 3
25 23 3
26 23 3
1 24 5
2 24 5
3 24 5
4 24 5
5 24 5
6 24 5
7 24 5
8 24 5
9 24 5
10 24 5
11 24 5
12 24 4
13 24 4
14 24 4
15 24 4
16 24 4
17 24 4
18 24 4
19 24 4
20 24 4
21 24 3
22 24 3
23 24 3
24 24 3
25 24 3
1 25 5
2 25 5
3 25 5
4 25 5
5 25 5
6 25 5
7 25 5
8 25 5
9 25 5
10 25 5
11 25 5
12 25 4
13 25 4
14 25 4
15 25 4
16 25 4
17 25 4
18 25 4
19 25 4
20 25 4
21 25 3
22 25 3
23 25 3
24 25 3
1 26 5
2 26 5
3 26 5
4 26 5
5 26 5
6 26 5
7 26 5
8 26 5
9 26 5
10 26 5
11 26 5
12 26 4
13 26 4
14 26 4
15 26 4
16 26 4
17 26 4
18 26 4
19 26 4
20 26 4
21 26 4
22 26 3
1 27 5
2 27 5
3 27 5
4 27 5
5 27 5
6 27 5
7 27 5
8 27 5
9 27 5
10 27 5
11 27 5
12 27 4
13 27 4
14 27 4
15 27 4
16 27 4
17 27 4
18 27 4
19 27 4
20 27 4
21 27 4
1 28 5
2 28 5
3 28 5
4 28 5
5 28 5
6 28 5
7 28 5
8 28 5
9 28 5
10 28 5
11 28 5
12 28 4
13 28 4
14 28 4
15 28 4
16 28 4
17 28 4
18 28 4
19 28 4
20 28 4
1 29 5
2 29 5
3 29 5
4 29 5
5 29 5
6 29 5
7 29 5
8 29 5
9 29 5
10 29 5
11 29 5
12 29 4
13 29 4
14 29 4
15 29 4
16 29 4
17 29 4
18 29 4
19 29 4
1 30 5
2 30 5
3 30 5
4 30 5
5 30 5
6 30 5
7 30 5
8 30 5
9 30 5
10 30 5
11 30 5
12 30 4
13 30 4
14 30 4
15 30 4
16 30 4
1 31 5
2 31 5
3 31 5
4 31 5
5 31 5
6 31 5
7 31 5
8 31 5
9 31 5
10 31 5
11 31 5
12 31 4
13 31 4
