39 32 981
10 1 4
11 1 4
12 1 4
13 1 4
14 1 4
15 1 4
16 1 4
17 1 4
18 1 4
19 1 4
20 1 4
21 1 4
22 1 1
23 1 1
24 1 1
25 1 1
26 1 1
27 1 1
28 1 1
29 1 1
30 1 1
9 2 4
10 2 4
11 2 4
12 2 4
13 2 4
14 2 4
15 2 4
16 2 4
17 2 4
18 2 4
19 2 4
20 2 4
21 2 4
22 2 1
23 2 1
24 2 1
25 2 1
26 2 1
27 2 1
28 2 1
29 2 1
30 2 1
31 2 1
32 2 1
8 3 4
9 3 4
10 3 4
11 3 4
12 3 4
13 3 4
14 3 4
15 3 4
16 3 4
17 3 4
18 3 4
19 3 4
20 3 4
21 3 4
22 3 1
23 3 1
24 3 1
25 3 1
26 3 1
27 3 1
28 3 1
29 3 1
30 3 1
31 3 1
32 3 1
33 3 1
7 4 4
8 4 4
9 4 4
10 4 4
11 4 4
12 4 4
13 4 4
14 4 4
15 4 4
16 4 4
17 4 4
18 4 4
19 4 4
20 4 4
21 4 4
22 4 1
23 4 1
24 4 1
25 4 1
26 4 1
27 4 1
28 4 1
29 4 1
30 4 1
31 4 1
32 4 1
33 4 1
6 5 8
7 5 8
8 5 8
9 5 8
10 5 8
11 5 4
12 5 4
13 5 4
14 5 4
15 5 4
16 5 4
17 5 4
18 5 4
19 5 4
20 5 4
21 5 4
22 5 1
23 5 1
24 5 1
25 5 1
26 5 1
27 5 1
28 5 1
29 5 1
30 5 1
31 5 1
32 5 1
33 5 1
34 5 1
5 6 8
6 6 8
7 6 8
8 6 8
9 6 8
10 6 8
11 6 4
12 6 4
13 6 4
14 6 4
15 6 4
16 6 4
17 6 4
18 6 4
19 6 4
20 6 4
21 6 4
22 6 1
23 6 1
24 6 1
25 6 1
26 6 1
27 6 1
28 6 1
29 6 1
30 6 1
31 6 1
32 6 1
33 6 1
34 6 1
35 6 1
4 7 8
5 7 8
6 7 8
7 7 8
8 7 8
9 7 8
10 7 8
11 7 4
12 7 4
13 7 4
14 7 4
15 7 4
16 7 4
17 7 4
18 7 4
19 7 4
20 7 4
21 7 4
22 7 1
23 7 1
24 7 1
25 7 1
26 7 1
27 7 1
28 7 1
29 7 1
30 7 1
31 7 1
32 7 1
33 7 1
34 7 1
35 7 1
3 8 8
4 8 8
5 8 8
6 8 8
7 8 8
8 8 8
9 8 8
10 8 8
11 8 4
12 8 4
13 8 4
14 8 4
15 8 4
16 8 4
17 8 4
18 8 4
19 8 4
20 8 4
21 8 4
22 8 1
23 8 1
24 8 1
25 8 1
26 8 1
27 8 1
28 8 1
29 8 1
30 8 1
31 8 1
32 8 1
33 8 1
34 8 1
35 8 1
36 8 1
2 9 8
3 9 8
4 9 8
5 9 8
6 9 8
7 9 8
8 9 8
9 9 8
10 9 8
11 9 4
12 9 4
13 9 4
14 9 4
15 9 4
16 9 4
17 9 4
18 9 4
19 9 4
20 9 4
21 9 4
22 9 5
23 9 5
24 9 5
25 9 1
26 9 1
27 9 1
28 9 1
29 9 1
30 9 1
31 9 1
32 9 1
33 9 1
34 9 2
35 9 2
36 9 2
37 9 2
2 10 8
3 10 8
4 10 8
5 10 8
6 10 8
7 10 8
8 10 8
9 10 8
10 10 8
11 10 8
12 10 5
13 10 5
14 10 5
15 10 5
16 10 5
17 10 5
18 10 5
19 10 5
20 10 5
21 10 5
22 10 5
23 10 5
24 10 5
25 10 2
26 10 2
27 10 2
28 10 2
29 10 2
30 10 2
31 10 2
32 10 2
33 10 2
34 10 2
35 10 2
36 10 2
37 10 2
2 11 8
3 11 8
4 11 8
5 11 8
6 11 8
7 11 8
8 11 8
9 11 8
10 11 8
11 11 8
12 11 5
13 11 5
14 11 5
15 11 5
16 11 5
17 11 5
18 11 5
19 11 5
20 11 5
21 11 5
22 11 5
23 11 5
24 11 5
25 11 2
26 11 2
27 11 2
28 11 2
29 11 2
30 11 2
31 11 2
32 11 2
33 11 2
34 11 2
35 11 2
36 11 2
37 11 2
2 12 8
3 12 8
4 12 8
5 12 8
6 12 8
7 12 8
8 12 8
9 12 8
10 12 8
11 12 8
12 12 5
13 12 5
14 12 5
15 12 5
16 12 5
17 12 5
18 12 5
19 12 5
20 12 5
21 12 5
22 12 5
23 12 5
24 12 5
25 12 2
26 12 2
27 12 2
28 12 2
29 12 2
30 12 2
31 12 2
32 12 2
33 12 2
34 12 2
35 12 2
36 12 2
37 12 2
2 13 8
3 13 8
4 13 8
5 13 8
6 13 8
7 13 8
8 13 8
9 13 8
10 13 8
11 13 8
12 13 5
13 13 5
14 13 5
15 13 5
16 13 5
17 13 5
18 13 5
19 13 5
20 13 5
21 13 5
22 13 5
23 13 5
24 13 5
25 13 2
26 13 2
27 13 2
28 13 2
29 13 2
30 13 2
31 13 2
32 13 2
33 13 2
34 13 2
35 13 2
36 13 2
37 13 2
2 14 8
3 14 8
4 14 8
5 14 8
6 14 8
7 14 8
8 14 8
9 14 8
10 14 8
11 14 8
12 14 5
13 14 5
14 14 5
15 14 5
16 14 5
17 14 5
18 14 5
19 14 5
20 14 5
21 14 5
22 14 5
23 14 5
24 14 5
25 14 2
26 14 2
27 14 2
28 14 2
29 14 2
30 14 2
31 14 2
32 14 2
33 14 2
34 14 2
35 14 2
36 14 2
37 14 2
2 15 8
3 15 8
4 15 8
5 15 8
6 15 8
7 15 8
8 15 8
9 15 8
10 15 8
11 15 8
12 15 5
13 15 5
14 15 5
15 15 5
16 15 5
17 15 5
18 15 5
19 15 5
20 15 5
21 15 5
22 15 5
23 15 5
24 15 5
25 15 2
26 15 2
27 15 2
28 15 2
29 15 2
30 15 2
31 15 2
32 15 2
33 15 2
34 15 2
35 15 2
36 15 2
37 15 2
2 16 8
3 16 8
4 16 8
5 16 8
6 16 8
7 16 8
8 16 8
9 16 8
10 16 8
11 16 5
12 16 5
13 16 5
14 16 5
15 16 5
16 16 5
17 16 5
18 16 5
19 16 5
20 16 5
21 16 5
22 16 5
23 16 5
24 16 5
25 16 2
26 16 2
27 16 2
28 16 2
29 16 2
30 16 2
31 16 2
32 16 2
33 16 2
34 16 2
35 16 2
36 16 2
37 16 2
38 16 2
2 17 7
3 17 7
4 17 7
5 17 7
6 17 8
7 17 8
8 17 8
9 17 8
10 17 8
11 17 5
12 17 5
13 17 5
14 17 5
15 17 5
16 17 5
17 17 5
18 17 5
19 17 5
20 17 5
21 17 5
22 17 5
23 17 5
24 17 5
25 17 2
26 17 2
27 17 2
28 17 2
29 17 2
30 17 2
31 17 2
32 17 2
33 17 2
34 17 2
35 17 2
36 17 2
37 17 2
2 18 7
3 18 7
4 18 7
5 18 7
6 18 7
7 18 7
8 18 7
9 18 7
10 18 7
11 18 7
12 18 9
13 18 9
14 18 9
15 18 9
16 18 9
17 18 9
18 18 9
19 18 9
20 18 6
21 18 6
22 18 6
23 18 6
24 18 6
25 18 6
26 18 6
27 18 6
28 18 3
29 18 3
30 18 3
31 18 3
32 18 3
33 18 3
34 18 3
35 18 3
36 18 3
37 18 3
2 19 7
3 19 7
4 19 7
5 19 7
6 19 7
7 19 7
8 19 7
9 19 7
10 19 7
11 19 7
12 19 9
13 19 9
14 19 9
15 19 9
16 19 9
17 19 9
18 19 9
19 19 9
20 19 6
21 19 6
22 19 6
23 19 6
24 19 6
25 19 6
26 19 6
27 19 6
28 19 3
29 19 3
30 19 3
31 19 3
32 19 3
33 19 3
34 19 3
35 19 3
36 19 3
37 19 3
2 20 7
3 20 7
4 20 7
5 20 7
6 20 7
7 20 7
8 20 7
9 20 7
10 20 7
11 20 7
12 20 9
13 20 9
14 20 9
15 20 9
16 20 9
17 20 9
18 20 9
19 20 9
20 20 6
21 20 6
22 20 6
23 20 6
24 20 6
25 20 6
26 20 6
27 20 6
28 20 3
29 20 3
30 20 3
31 20 3
32 20 3
33 20 3
34 20 3
35 20 3
36 20 3
37 20 3
1 21 7
2 21 7
3 21 7
4 21 7
5 21 7
6 21 7
7 21 7
8 21 7
9 21 7
10 21 7
11 21 7
12 21 9
13 21 9
14 21 9
15 21 9
16 21 9
17 21 9
18 21 9
19 21 9
20 21 6
21 21 6
22 21 6
23 21 6
24 21 6
25 21 6
26 21 6
27 21 6
28 21 3
29 21 3
30 21 3
31 21 3
32 21 3
33 21 3
34 21 3
35 21 3
36 21 3
37 21 3
2 22 7
3 22 7
4 22 7
5 22 7
6 22 7
7 22 7
8 22 7
9 22 7
10 22 7
11 22 7
12 22 9
13 22 9
14 22 9
15 22 9
16 22 9
17 22 9
18 22 9
19 22 9
20 22 6
21 22 6
22 22 6
23 22 6
24 22 6
25 22 6
26 22 6
27 22 6
28 22 3
29 22 3
30 22 3
31 22 3
32 22 3
33 22 3
34 22 3
35 22 3
36 22 3
37 22 3
3 23 7
4 23 7
5 23 7
6 23 7
7 23 7
8 23 7
9 23 7
10 23 7
11 23 7
12 23 9
13 23 9
14 23 9
15 23 9
16 23 9
17 23 9
18 23 9
19 23 9
20 23 6
21 23 6
22 23 6
23 23 6
24 23 6
25 23 6
26 23 6
27 23 6
28 23 3
29 23 3
30 23 3
31 23 3
32 23 3
33 23 3
34 23 3
35 23 3
36 23 3
37 23 3
3 24 7
4 24 7
5 24 7
6 24 7
7 24 7
8 24 7
9 24 7
10 24 7
11 24 9
12 24 9
13 24 9
14 24 9
15 24 9
16 24 9
17 24 9
18 24 9
19 24 9
20 24 6
21 24 6
22 24 6
23 24 6
24 24 6
25 24 6
26 24 6
27 24 6
28 24 3
29 24 3
30 24 3
31 24 3
32 24 3
33 24 3
34 24 3
35 24 3
36 24 3
37 24 3
4 25 7
5 25 7
6 25 7
7 25 7
8 25 7
9 25 7
10 25 7
11 25 9
12 25 9
13 25 9
14 25 9
15 25 9
16 25 9
17 25 9
18 25 9
19 25 9
20 25 6
21 25 6
22 25 6
23 25 6
24 25 6
25 25 6
26 25 6
27 25 6
28 25 3
29 25 3
30 25 3
31 25 3
32 25 3
33 25 3
34 25 3
35 25 3
36 25 3
4 26 7
5 26 7
6 26 7
7 26 7
8 26 7
9 26 7
10 26 7
11 26 9
12 26 9
13 26 9
14 26 9
15 26 9
16 26 9
17 26 9
18 26 9
19 26 9
20 26 6
21 26 6
22 26 6
23 26 6
24 26 6
25 26 6
26 26 6
27 26 6
28 26 3
29 26 3
30 26 3
31 26 3
32 26 3
33 26 3
34 26 3
35 26 3
36 26 3
5 27 7
6 27 7
7 27 7
8 27 7
9 27 7
10 27 7
11 27 9
12 27 9
13 27 9
14 27 9
15 27 9
16 27 9
17 27 9
18 27 9
19 27 9
20 27 6
21 27 6
22 27 6
23 27 6
24 27 6
25 27 6
26 27 6
27 27 6
28 27 6
29 27 3
30 27 3
31 27 3
32 27 3
33 27 3
34 27 3
35 27 3
5 28 7
6 28 7
7 28 7
8 28 7
9 28 7
10 28 7
11 28 9
12 28 9
13 28 9
14 28 9
15 28 9
16 28 9
17 28 9
18 28 9
19 28 9
20 28 6
21 28 6
22 28 6
23 28 6
24 28 6
25 28 6
26 28 6
27 28 6
28 28 6
29 28 3
30 28 3
31 28 3
32 28 3
33 28 3
34 28 3
35 28 3
6 29 7
7 29 7
8 29 7
9 29 7
10 29 7
11 29 9
12 29 9
13 29 9
14 29 9
15 29 9
16 29 9
17 29 9
18 29 9
19 29 6
20 29 6
21 29 6
22 29 6
23 29 6
24 29 6
25 29 6
26 29 6
27 29 6
28 29 6
29 29 3
30 29 3
31 29 3
32 29 3
33 29 3
34 29 3
35 29 3
6 30 7
7 30 7
8 30 7
9 30 7
10 30 7
11 30 9
12 30 9
13 30 9
14 30 9
15 30 9
16 30 9
17 30 9
18 30 9
19 30 6
20 30 6
21 30 6
22 30 6
23 30 6
24 30 6
25 30 6
26 30 6
27 30 6
6 31 7
