34 33 763
21 1 6
22 1 6
20 2 6
21 2 6
22 2 6
23 2 4
24 2 4
25 2 4
18 3 6
19 3 6
20 3 6
21 3 6
22 3 6
23 3 4
24 3 4
25 3 4
26 3 4
27 3 4
17 4 6
18 4 6
19 4 6
20 4 6
21 4 6
22 4 6
23 4 4
24 4 4
25 4 4
26 4 4
27 4 4
28 4 4
29 4 4
30 4 4
16 5 6
17 5 6
18 5 6
19 5 6
20 5 6
21 5 6
22 5 6
23 5 4
24 5 4
25 5 4
26 5 4
27 5 4
28 5 4
29 5 4
30 5 4
15 6 6
16 6 6
17 6 6
18 6 6
19 6 6
20 6 6
21 6 6
22 6 6
23 6 4
24 6 4
25 6 4
26 6 4
27 6 4
28 6 4
29 6 4
30 6 4
31 6 4
14 7 6
15 7 6
16 7 6
17 7 6
18 7 6
19 7 6
20 7 6
21 7 6
22 7 6
23 7 4
24 7 4
25 7 4
26 7 4
27 7 4
28 7 4
29 7 4
30 7 4
31 7 4
13 8 6
14 8 6
15 8 6
16 8 6
17 8 6
18 8 6
19 8 6
20 8 6
21 8 6
22 8 6
23 8 4
24 8 4
25 8 4
26 8 4
27 8 4
28 8 4
29 8 4
30 8 4
31 8 4
32 8 4
12 9 6
13 9 6
14 9 6
15 9 6
16 9 6
17 9 6
18 9 6
19 9 6
20 9 6
21 9 6
22 9 6
23 9 4
24 9 4
25 9 4
26 9 4
27 9 4
28 9 4
29 9 4
30 9 4
31 9 4
32 9 4
12 10 6
13 10 6
14 10 6
15 10 6
16 10 6
17 10 6
18 10 6
19 10 6
20 10 6
21 10 6
22 10 6
23 10 4
24 10 4
25 10 4
26 10 4
27 10 4
28 10 4
29 10 4
30 10 4
31 10 4
32 10 4
11 11 6
12 11 6
13 11 6
14 11 6
15 11 6
16 11 6
17 11 6
18 11 6
19 11 6
20 11 6
21 11 6
22 11 6
23 11 4
24 11 4
25 11 4
26 11 4
27 11 4
28 11 4
29 11 4
30 11 4
31 11 4
32 11 4
10 12 6
11 12 6
12 12 6
13 12 6
14 12 6
15 12 6
16 12 6
17 12 6
18 12 6
19 12 6
20 12 6
21 12 6
22 12 6
23 12 4
24 12 4
25 12 4
26 12 4
27 12 4
28 12 4
29 12 4
30 12 4
31 12 4
32 12 4
10 13 6
11 13 6
12 13 6
13 13 6
14 13 6
15 13 6
16 13 6
17 13 6
18 13 6
19 13 6
20 13 6
21 13 6
22 13 5
23 13 5
24 13 4
25 13 4
26 13 4
27 13 4
28 13 4
29 13 4
30 13 4
31 13 4
32 13 4
9 14 3
10 14 3
11 14 3
12 14 3
13 14 3
14 14 3
15 14 3
16 14 3
17 14 3
18 14 5
19 14 5
20 14 5
21 14 5
22 14 5
23 14 5
24 14 5
25 14 4
26 14 4
27 14 4
28 14 4
29 14 4
30 14 4
31 14 4
32 14 4
8 15 3
9 15 3
10 15 3
11 15 3
12 15 3
13 15 3
14 15 3
15 15 3
16 15 3
17 15 3
18 15 5
19 15 5
20 15 5
21 15 5
22 15 5
23 15 5
24 15 5
25 15 5
26 15 5
27 15 5
28 15 5
29 15 5
30 15 5
31 15 5
32 15 5
7 16 3
8 16 3
9 16 3
10 16 3
11 16 3
12 16 3
13 16 3
14 16 3
15 16 3
16 16 3
17 16 3
18 16 5
19 16 5
20 16 5
21 16 5
22 16 5
23 16 5
24 16 5
25 16 5
26 16 5
27 16 5
28 16 5
29 16 5
30 16 5
31 16 5
32 16 5
7 17 3
8 17 3
9 17 3
10 17 3
11 17 3
12 17 3
13 17 3
14 17 3
15 17 3
16 17 3
17 17 3
18 17 5
19 17 5
20 17 5
21 17 5
22 17 5
23 17 5
24 17 5
25 17 5
26 17 5
27 17 5
28 17 5
29 17 5
30 17 5
31 17 5
32 17 5
33 17 5
6 18 3
7 18 3
8 18 3
9 18 3
10 18 3
11 18 3
12 18 3
13 18 3
14 18 3
15 18 3
16 18 3
17 18 3
18 18 5
19 18 5
20 18 5
21 18 5
22 18 5
23 18 5
24 18 5
25 18 5
26 18 5
27 18 5
28 18 5
29 18 5
30 18 5
31 18 5
32 18 5
33 18 5
5 19 3
6 19 3
7 19 3
8 19 3
9 19 3
10 19 3
11 19 3
12 19 3
13 19 3
14 19 3
15 19 3
16 19 3
17 19 3
18 19 5
19 19 5
20 19 5
21 19 5
22 19 5
23 19 5
24 19 5
25 19 5
26 19 5
27 19 5
28 19 5
29 19 5
30 19 5
31 19 5
32 19 5
33 19 5
4 20 3
5 20 3
6 20 3
7 20 3
8 20 3
9 20 3
10 20 3
11 20 3
12 20 3
13 20 3
14 20 3
15 20 3
16 20 3
17 20 3
18 20 5
19 20 5
20 20 5
21 20 5
22 20 5
23 20 5
24 20 5
25 20 5
26 20 5
27 20 5
28 20 5
29 20 5
30 20 5
31 20 5
32 20 5
33 20 5
4 21 3
5 21 3
6 21 3
7 21 3
8 21 3
9 21 3
10 21 3
11 21 3
12 21 3
13 21 3
14 21 3
15 21 3
16 21 3
17 21 3
18 21 5
19 21 5
20 21 5
21 21 5
22 21 5
23 21 5
24 21 2
25 21 2
26 21 2
27 21 2
28 21 2
29 21 2
30 21 2
31 21 2
32 21 2
33 21 2
3 22 7
4 22 7
5 22 7
6 22 7
7 22 7
8 22 7
9 22 3
10 22 3
11 22 3
12 22 3
13 22 3
14 22 3
15 22 3
16 22 3
17 22 1
18 22 1
19 22 1
20 22 1
21 22 1
22 22 1
23 22 1
24 22 2
25 22 2
26 22 2
27 22 2
28 22 2
29 22 2
30 22 2
31 22 2
32 22 2
33 22 2
2 23 7
3 23 7
4 23 7
5 23 7
6 23 7
7 23 7
8 23 7
9 23 3
10 23 3
11 23 3
12 23 3
13 23 3
14 23 3
15 23 3
16 23 1
17 23 1
18 23 1
19 23 1
20 23 1
21 23 1
22 23 1
23 23 1
24 23 2
25 23 2
26 23 2
27 23 2
28 23 2
29 23 2
30 23 2
31 23 2
32 23 2
33 23 2
1 24 7
2 24 7
3 24 7
4 24 7
5 24 7
6 24 7
7 24 7
8 24 7
9 24 7
10 24 7
11 24 7
12 24 7
13 24 1
14 24 1
15 24 1
16 24 1
17 24 1
18 24 1
19 24 1
20 24 1
21 24 1
22 24 1
23 24 1
24 24 2
25 24 2
26 24 2
27 24 2
28 24 2
29 24 2
30 24 2
31 24 2
32 24 2
33 24 2
2 25 7
3 25 7
4 25 7
5 25 7
6 25 7
7 25 7
8 25 7
9 25 7
10 25 7
11 25 7
12 25 7
13 25 1
14 25 1
15 25 1
16 25 1
17 25 1
18 25 1
19 25 1
20 25 1
21 25 1
22 25 1
23 25 1
24 25 2
25 25 2
26 25 2
27 25 2
28 25 2
29 25 2
30 25 2
31 25 2
32 25 2
33 25 2
2 26 7
3 26 7
4 26 7
5 26 7
6 26 7
7 26 7
8 26 7
9 26 7
10 26 7
11 26 7
12 26 7
13 26 1
14 26 1
15 26 1
16 26 1
17 26 1
18 26 1
19 26 1
20 26 1
21 26 1
22 26 1
23 26 1
24 26 2
25 26 2
26 26 2
27 26 2
28 26 2
29 26 2
30 26 2
31 26 2
32 26 2
33 26 2
2 27 7
3 27 7
4 27 7
5 27 7
6 27 7
7 27 7
8 27 7
9 27 7
10 27 7
11 27 7
12 27 7
13 27 1
14 27 1
15 27 1
16 27 1
17 27 1
18 27 1
19 27 1
20 27 1
21 27 1
22 27 1
23 27 1
24 27 2
25 27 2
26 27 2
27 27 2
28 27 2
29 27 2
30 27 2
31 27 2
32 27 2
2 28 7
3 28 7
4 28 7
5 28 7
6 28 7
7 28 7
8 28 7
9 28 7
10 28 7
11 28 7
12 28 7
13 28 1
14 28 1
15 28 1
16 28 1
17 28 1
18 28 1
19 28 1
20 28 1
21 28 1
22 28 1
23 28 2
24 28 2
25 28 2
26 28 2
27 28 2
28 28 2
29 28 2
30 28 2
31 28 2
3 29 7
4 29 7
5 29 7
6 29 7
7 29 7
8 29 7
9 29 7
10 29 7
11 29 7
12 29 7
13 29 1
14 29 1
15 29 1
16 29 1
17 29 1
18 29 1
19 29 1
20 29 1
21 29 1
22 29 1
23 29 2
24 29 2
25 29 2
26 29 2
27 29 2
28 29 2
29 29 2
30 29 2
31 29 2
3 30 7
4 30 7
5 30 7
6 30 7
7 30 7
8 30 7
9 30 7
10 30 7
11 30 7
12 30 7
13 30 1
14 30 1
15 30 1
16 30 1
17 30 1
18 30 1
19 30 1
20 30 1
21 30 1
22 30 1
23 30 2
24 30 2
25 30 2
26 30 2
27 30 2
28 30 2
29 30 2
30 30 2
3 31 7
4 31 7
5 31 7
6 31 7
7 31 7
8 31 7
9 31 7
10 31 7
11 31 7
12 31 7
13 31 1
14 31 1
15 31 1
16 31 1
17 31 1
18 31 1
19 31 1
20 31 1
21 31 1
22 31 1
23 31 2
24 31 2
25 31 2
26 31 2
27 31 2
28 31 2
29 31 2
3 32 7
4 32 7
5 32 7
6 32 7
7 32 7
8 32 7
9 32 7
10 32 7
11 32 7
12 32 7
13 32 1
14 32 1
15 32 1
16 32 1
17 32 1
18 32 1
19 32 1
20 32 1
21 32 1
22 32 1
23 32 2
24 32 2
25 32 2
26 32 2
27 32 2
28 32 2
29 32 2
