68 65 2507
1 56 1
1 57 1
1 58 1
1 59 1
1 60 1
1 61 1
2 52 1
2 53 1
2 54 1
2 55 1
2 56 1
2 57 1
2 58 1
2 59 1
2 60 1
2 61 1
2 62 1
2 63 1
2 64 1
3 48 16
3 49 16
3 50 16
3 51 16
3 52 1
3 53 1
3 54 1
3 55 1
3 56 1
3 57 1
3 58 1
3 59 1
3 60 1
3 61 1
3 62 1
3 63 1
3 64 1
4 44 16
4 45 16
4 46 16
4 47 16
4 48 16
4 49 16
4 50 16
4 51 16
4 52 1
4 53 1
4 54 1
4 55 1
4 56 1
4 57 1
4 58 1
4 59 1
4 60 1
4 61 1
4 62 1
4 63 1
4 64 1
5 40 16
5 41 16
5 42 16
5 43 16
5 44 16
5 45 16
5 46 16
5 47 16
5 48 16
5 49 16
5 50 16
5 51 16
5 52 1
5 53 1
5 54 1
5 55 1
5 56 1
5 57 1
5 58 1
5 59 1
5 60 1
5 61 1
5 62 1
5 63 1
5 64 1
6 39 16
6 40 16
6 41 16
6 42 16
6 43 16
6 44 16
6 45 16
6 46 16
6 47 16
6 48 16
6 49 16
6 50 16
6 51 16
6 52 1
6 53 1
6 54 1
6 55 1
6 56 1
6 57 1
6 58 1
6 59 1
6 60 1
6 61 1
6 62 1
6 63 1
6 64 1
7 38 16
7 39 16
7 40 16
7 41 16
7 42 16
7 43 16
7 44 16
7 45 16
7 46 16
7 47 16
7 48 16
7 49 16
7 50 16
7 51 16
7 52 1
7 53 1
7 54 1
7 55 1
7 56 1
7 57 1
7 58 1
7 59 1
7 60 1
7 61 1
7 62 1
7 63 1
7 64 1
8 36 4
8 37 4
8 38 4
8 39 4
8 40 16
8 41 16
8 42 16
8 43 16
8 44 16
8 45 16
8 46 16
8 47 16
8 48 16
8 49 16
8 50 16
8 51 16
8 52 1
8 53 1
8 54 1
8 55 1
8 56 1
8 57 1
8 58 1
8 59 1
8 60 1
8 61 1
8 62 1
8 63 1
8 64 1
9 35 4
9 36 4
9 37 4
9 38 4
9 39 4
9 40 16
9 41 16
9 42 16
9 43 16
9 44 16
9 45 16
9 46 16
9 47 16
9 48 16
9 49 16
9 50 16
9 51 16
9 52 1
9 53 1
9 54 1
9 55 1
9 56 1
9 57 1
9 58 1
9 59 1
9 60 1
9 61 1
9 62 1
9 63 1
10 34 4
10 35 4
10 36 4
10 37 4
10 38 4
10 39 4
10 40 16
10 41 16
10 42 16
10 43 16
10 44 16
10 45 16
10 46 16
10 47 16
10 48 16
10 49 16
10 50 16
10 51 16
10 52 20
10 53 20
10 54 20
10 55 20
10 56 20
10 57 20
10 58 20
10 59 20
10 60 20
10 61 20
10 62 20
10 63 20
11 32 4
11 33 4
11 34 4
11 35 4
11 36 4
11 37 4
11 38 4
11 39 4
11 40 16
11 41 16
11 42 16
11 43 16
11 44 16
11 45 16
11 46 16
11 47 16
11 48 16
11 49 16
11 50 16
11 51 20
11 52 20
11 53 20
11 54 20
11 55 20
11 56 20
11 57 20
11 58 20
11 59 20
11 60 20
11 61 20
11 62 20
11 63 20
12 32 4
12 33 4
12 34 4
12 35 4
12 36 4
12 37 4
12 38 4
12 39 4
12 40 16
12 41 16
12 42 16
12 43 16
12 44 16
12 45 16
12 46 16
12 47 16
12 48 16
12 49 16
12 50 16
12 51 20
12 52 20
12 53 20
12 54 20
12 55 20
12 56 20
12 57 20
12 58 20
12 59 20
12 60 20
12 61 20
12 62 20
13 31 4
13 32 4
13 33 4
13 34 4
13 35 4
13 36 4
13 37 4
13 38 4
13 39 4
13 40 12
13 41 12
13 42 12
13 43 12
13 44 12
13 45 12
13 46 12
13 47 12
13 48 12
13 49 12
13 50 12
13 51 20
13 52 20
13 53 20
13 54 20
13 55 20
13 56 20
13 57 20
13 58 20
13 59 20
13 60 20
13 61 20
13 62 20
14 30 4
14 31 4
14 32 4
14 33 4
14 34 4
14 35 4
14 36 4
14 37 4
14 38 4
14 39 4
14 40 12
14 41 12
14 42 12
14 43 12
14 44 12
14 45 12
14 46 12
14 47 12
14 48 12
14 49 12
14 50 12
14 51 20
14 52 20
14 53 20
14 54 20
14 55 20
14 56 20
14 57 20
14 58 20
14 59 20
14 60 20
14 61 20
14 62 20
15 29 4
15 30 4
15 31 4
15 32 4
15 33 4
15 34 4
15 35 4
15 36 4
15 37 4
15 38 4
15 39 4
15 40 12
15 41 12
15 42 12
15 43 12
15 44 12
15 45 12
15 46 12
15 47 12
15 48 12
15 49 12
15 50 12
15 51 12
15 52 20
15 53 20
15 54 20
15 55 20
15 56 20
15 57 20
15 58 20
15 59 20
15 60 20
15 61 20
16 28 4
16 29 4
16 30 4
16 31 4
16 32 4
16 33 4
16 34 4
16 35 4
16 36 4
16 37 4
16 38 4
16 39 4
16 40 12
16 41 12
16 42 12
16 43 12
16 44 12
16 45 12
16 46 12
16 47 12
16 48 12
16 49 12
16 50 12
16 51 12
16 52 20
16 53 20
16 54 20
16 55 20
16 56 20
16 57 20
16 58 20
16 59 20
16 60 20
16 61 20
17 27 5
17 28 5
17 29 5
17 30 4
17 31 4
17 32 4
17 33 4
17 34 4
17 35 4
17 36 4
17 37 4
17 38 4
17 39 4
17 40 12
17 41 12
17 42 12
17 43 12
17 44 12
17 45 12
17 46 12
17 47 12
17 48 12
17 49 12
17 50 12
17 51 12
17 52 20
17 53 20
17 54 20
17 55 20
17 56 20
17 57 20
17 58 20
17 59 20
17 60 20
17 61 20
18 26 5
18 27 5
18 28 5
18 29 5
18 30 4
18 31 4
18 32 4
18 33 4
18 34 4
18 35 4
18 36 4
18 37 4
18 38 4
18 39 4
18 40 12
18 41 12
18 42 12
18 43 12
18 44 12
18 45 12
18 46 12
18 47 12
18 48 12
18 49 12
18 50 12
18 51 12
18 52 20
18 53 20
18 54 20
18 55 20
18 56 20
18 57 20
18 58 20
18 59 20
18 60 20
19 25 5
19 26 5
19 27 5
19 28 5
19 29 5
19 30 4
19 31 4
19 32 4
19 33 4
19 34 4
19 35 4
19 36 4
19 37 4
19 38 4
19 39 4
19 40 12
19 41 12
19 42 12
19 43 12
19 44 12
19 45 12
19 46 12
19 47 12
19 48 12
19 49 12
19 50 12
19 51 12
19 52 20
19 53 20
19 54 20
19 55 20
19 56 20
19 57 20
19 58 20
19 59 20
19 60 20
20 24 5
20 25 5
20 26 5
20 27 5
20 28 5
20 29 5
20 30 4
20 31 4
20 32 4
20 33 4
20 34 4
20 35 4
20 36 8
20 37 8
20 38 8
20 39 8
20 40 12
20 41 12
20 42 12
20 43 12
20 44 12
20 45 12
20 46 12
20 47 12
20 48 12
20 49 13
20 50 13
20 51 13
20 52 13
20 53 13
20 54 13
20 55 13
20 56 13
20 57 13
20 58 13
20 59 13
20 60 13
21 23 5
21 24 5
21 25 5
21 26 5
21 27 5
21 28 5
21 29 5
21 30 5
21 31 8
21 32 8
21 33 8
21 34 8
21 35 8
21 36 8
21 37 8
21 38 8
21 39 8
21 40 12
21 41 12
21 42 12
21 43 12
21 44 12
21 45 12
21 46 12
21 47 12
21 48 12
21 49 13
21 50 13
21 51 13
21 52 13
21 53 13
21 54 13
21 55 13
21 56 13
21 57 13
21 58 13
21 59 13
21 60 13
22 22 5
22 23 5
22 24 5
22 25 5
22 26 5
22 27 5
22 28 5
22 29 5
22 30 5
22 31 8
22 32 8
22 33 8
22 34 8
22 35 8
22 36 8
22 37 8
22 38 8
22 39 8
22 40 12
22 41 12
22 42 12
22 43 12
22 44 12
22 45 12
22 46 12
22 47 12
22 48 12
22 49 13
22 50 13
22 51 13
22 52 13
22 53 13
22 54 13
22 55 13
22 56 13
22 57 13
22 58 13
22 59 13
23 22 5
23 23 5
23 24 5
23 25 5
23 26 5
23 27 5
23 28 5
23 29 5
23 30 5
23 31 8
23 32 8
23 33 8
23 34 8
23 35 8
23 36 8
23 37 8
23 38 8
23 39 8
23 40 10
23 41 10
23 42 10
23 43 10
23 44 10
23 45 10
23 46 10
23 47 10
23 48 10
23 49 13
23 50 13
23 51 13
23 52 13
23 53 13
23 54 13
23 55 13
23 56 13
23 57 13
23 58 13
23 59 13
24 21 5
24 22 5
24 23 5
24 24 5
24 25 5
24 26 5
24 27 5
24 28 5
24 29 5
24 30 5
24 31 8
24 32 8
24 33 8
24 34 8
24 35 8
24 36 8
24 37 8
24 38 8
24 39 8
24 40 10
24 41 10
24 42 10
24 43 10
24 44 10
24 45 10
24 46 10
24 47 10
24 48 10
24 49 13
24 50 13
24 51 13
24 52 13
24 53 13
24 54 13
24 55 13
24 56 13
24 57 13
24 58 13
24 59 13
25 20 5
25 21 5
25 22 5
25 23 5
25 24 5
25 25 5
25 26 5
25 27 5
25 28 5
25 29 5
25 30 5
25 31 8
25 32 8
25 33 8
25 34 8
25 35 8
25 36 8
25 37 8
25 38 8
25 39 8
25 40 10
25 41 10
25 42 10
25 43 10
25 44 10
25 45 10
25 46 10
25 47 10
25 48 10
25 49 10
25 50 13
25 51 13
25 52 13
25 53 13
25 54 13
25 55 13
25 56 13
25 57 13
25 58 13
26 20 5
26 21 5
26 22 5
26 23 5
26 24 5
26 25 5
26 26 5
26 27 5
26 28 5
26 29 5
26 30 5
26 31 8
26 32 8
26 33 8
26 34 8
26 35 8
26 36 8
26 37 8
26 38 8
26 39 8
26 40 10
26 41 10
26 42 10
26 43 10
26 44 10
26 45 10
26 46 10
26 47 10
26 48 10
26 49 10
26 50 13
26 51 13
26 52 13
26 53 13
26 54 13
26 55 13
26 56 13
26 57 13
26 58 13
27 19 5
27 20 5
27 21 5
27 22 5
27 23 5
27 24 5
27 25 5
27 26 5
27 27 5
27 28 5
27 29 5
27 30 5
27 31 8
27 32 8
27 33 8
27 34 8
27 35 8
27 36 8
27 37 8
27 38 8
27 39 8
27 40 10
27 41 10
27 42 10
27 43 10
27 44 10
27 45 10
27 46 10
27 47 10
27 48 10
27 49 10
27 50 13
27 51 13
27 52 13
27 53 13
27 54 13
27 55 13
27 56 13
27 57 13
27 58 13
28 18 22
28 19 5
28 20 5
28 21 5
28 22 5
28 23 5
28 24 5
28 25 5
28 26 5
28 27 5
28 28 5
28 29 5
28 30 5
28 31 8
28 32 8
28 33 8
28 34 8
28 35 8
28 36 8
28 37 8
28 38 8
28 39 8
28 40 10
28 41 10
28 42 10
28 43 10
28 44 10
28 45 10
28 46 10
28 47 10
28 48 10
28 49 10
28 50 13
28 51 13
28 52 13
28 53 13
28 54 13
28 55 13
28 56 13
28 57 13
28 58 13
29 18 22
29 19 22
29 20 22
29 21 22
29 22 5
29 23 5
29 24 5
29 25 5
29 26 5
29 27 5
29 28 5
29 29 5
29 30 5
29 31 8
29 32 8
29 33 8
29 34 8
29 35 8
29 36 8
29 37 8
29 38 8
29 39 8
29 40 10
29 41 10
29 42 10
29 43 10
29 44 10
29 45 10
29 46 10
29 47 10
29 48 10
29 49 10
29 50 13
29 51 13
29 52 13
29 53 13
29 54 13
29 55 13
29 56 13
29 57 13
30 17 22
30 18 22
30 19 22
30 20 22
30 21 22
30 22 21
30 23 21
30 24 21
30 25 21
30 26 21
30 27 21
30 28 21
30 29 21
30 30 21
30 31 8
30 32 8
30 33 8
30 34 8
30 35 8
30 36 8
30 37 8
30 38 8
30 39 8
30 40 10
30 41 10
30 42 10
30 43 10
30 44 10
30 45 10
30 46 10
30 47 10
30 48 10
30 49 10
30 50 13
30 51 13
30 52 13
30 53 13
30 54 13
30 55 13
30 56 13
30 57 13
31 16 22
31 17 22
31 18 22
31 19 22
31 20 22
31 21 22
31 22 21
31 23 21
31 24 21
31 25 21
31 26 21
31 27 21
31 28 21
31 29 21
31 30 21
31 31 8
31 32 8
31 33 8
31 34 8
31 35 8
31 36 8
31 37 8
31 38 8
31 39 8
31 40 10
31 41 10
31 42 10
31 43 10
31 44 10
31 45 10
31 46 10
31 47 10
31 48 10
31 49 10
31 50 2
31 51 2
31 52 2
31 53 2
31 54 2
31 55 2
31 56 2
31 57 2
32 16 22
32 17 22
32 18 22
32 19 22
32 20 22
32 21 22
32 22 21
32 23 21
32 24 21
32 25 21
32 26 21
32 27 21
32 28 21
32 29 21
32 30 21
32 31 9
32 32 9
32 33 9
32 34 8
32 35 8
32 36 8
32 37 8
32 38 8
32 39 8
32 40 10
32 41 10
32 42 10
32 43 10
32 44 10
32 45 10
32 46 10
32 47 10
32 48 10
32 49 10
32 50 2
32 51 2
32 52 2
32 53 2
32 54 2
32 55 2
32 56 2
32 57 2
33 15 22
33 16 22
33 17 22
33 18 22
33 19 22
33 20 22
33 21 22
33 22 21
33 23 21
33 24 21
33 25 21
33 26 21
33 27 21
33 28 21
33 29 21
33 30 21
33 31 9
33 32 9
33 33 9
33 34 9
33 35 9
33 36 9
33 37 9
33 38 9
33 39 9
33 40 10
33 41 10
33 42 10
33 43 10
33 44 10
33 45 10
33 46 10
33 47 10
33 48 10
33 49 2
33 50 2
33 51 2
33 52 2
33 53 2
33 54 2
33 55 2
33 56 2
34 14 22
34 15 22
34 16 22
34 17 22
34 18 22
34 19 22
34 20 22
34 21 22
34 22 21
34 23 21
34 24 21
34 25 21
34 26 21
34 27 21
34 28 21
34 29 21
34 30 21
34 31 9
34 32 9
34 33 9
34 34 9
34 35 9
34 36 9
34 37 9
34 38 9
34 39 9
34 40 10
34 41 10
34 42 7
34 43 7
34 44 7
34 45 7
34 46 7
34 47 7
34 48 7
34 49 2
34 50 2
34 51 2
34 52 2
34 53 2
34 54 2
34 55 2
34 56 2
35 14 22
35 15 22
35 16 22
35 17 22
35 18 22
35 19 22
35 20 22
35 21 22
35 22 21
35 23 21
35 24 21
35 25 21
35 26 21
35 27 21
35 28 21
35 29 21
35 30 21
35 31 9
35 32 9
35 33 9
35 34 9
35 35 9
35 36 9
35 37 9
35 38 9
35 39 9
35 40 7
35 41 7
35 42 7
35 43 7
35 44 7
35 45 7
35 46 7
35 47 7
35 48 7
35 49 2
35 50 2
35 51 2
35 52 2
35 53 2
35 54 2
35 55 2
35 56 2
36 13 22
36 14 22
36 15 22
36 16 22
36 17 22
36 18 22
36 19 22
36 20 22
36 21 22
36 22 21
36 23 21
36 24 21
36 25 21
36 26 21
36 27 21
36 28 21
36 29 21
36 30 9
36 31 9
36 32 9
36 33 9
36 34 9
36 35 9
36 36 9
36 37 9
36 38 9
36 39 9
36 40 7
36 41 7
36 42 7
36 43 7
36 44 7
36 45 7
36 46 7
36 47 7
36 48 7
36 49 2
36 50 2
36 51 2
36 52 2
36 53 2
36 54 2
36 55 2
36 56 2
37 12 22
37 13 22
37 14 22
37 15 22
37 16 22
37 17 22
37 18 22
37 19 22
37 20 22
37 21 22
37 22 21
37 23 21
37 24 21
37 25 21
37 26 21
37 27 21
37 28 21
37 29 21
37 30 9
37 31 9
37 32 9
37 33 9
37 34 9
37 35 9
37 36 9
37 37 9
37 38 9
37 39 9
37 40 7
37 41 7
37 42 7
37 43 7
37 44 7
37 45 7
37 46 7
37 47 7
37 48 7
37 49 2
37 50 2
37 51 2
37 52 2
37 53 2
37 54 2
37 55 2
38 12 22
38 13 22
38 14 22
38 15 22
38 16 22
38 17 22
38 18 22
38 19 22
38 20 22
38 21 22
38 22 21
38 23 21
38 24 21
38 25 21
38 26 21
38 27 21
38 28 21
38 29 21
38 30 9
38 31 9
38 32 9
38 33 9
38 34 9
38 35 9
38 36 9
38 37 9
38 38 9
38 39 9
38 40 7
38 41 7
38 42 7
38 43 7
38 44 7
38 45 7
38 46 7
38 47 7
38 48 7
38 49 2
38 50 2
38 51 2
38 52 2
38 53 2
38 54 2
38 55 2
39 11 22
39 12 22
39 13 22
39 14 22
39 15 22
39 16 22
39 17 22
39 18 22
39 19 22
39 20 22
39 21 22
39 22 21
39 23 21
39 24 21
39 25 21
39 26 21
39 27 21
39 28 21
39 29 21
39 30 9
39 31 9
39 32 9
39 33 9
39 34 9
39 35 9
39 36 9
39 37 9
39 38 9
39 39 9
39 40 7
39 41 7
39 42 7
39 43 7
39 44 7
39 45 7
39 46 7
39 47 7
39 48 7
39 49 2
39 50 2
39 51 2
39 52 2
39 53 2
39 54 2
39 55 2
40 10 22
40 11 22
40 12 22
40 13 22
40 14 22
40 15 22
40 16 22
40 17 22
40 18 22
40 19 22
40 20 22
40 21 22
40 22 21
40 23 21
40 24 21
40 25 21
40 26 21
40 27 21
40 28 21
40 29 21
40 30 9
40 31 9
40 32 9
40 33 9
40 34 9
40 35 9
40 36 9
40 37 9
40 38 9
40 39 9
40 40 7
40 41 7
40 42 7
40 43 7
40 44 7
40 45 7
40 46 7
40 47 7
40 48 7
40 49 2
40 50 2
40 51 2
40 52 2
40 53 2
40 54 2
41 10 22
41 11 22
41 12 22
41 13 22
41 14 22
41 15 22
41 16 22
41 17 22
41 18 22
41 19 22
41 20 22
41 21 22
41 22 21
41 23 21
41 24 21
41 25 21
41 26 21
41 27 21
41 28 21
41 29 21
41 30 9
41 31 9
41 32 9
41 33 9
41 34 9
41 35 9
41 36 9
41 37 9
41 38 9
41 39 9
41 40 7
41 41 7
41 42 7
41 43 7
41 44 7
41 45 7
41 46 7
41 47 7
41 48 7
41 49 2
41 50 2
41 51 2
41 52 2
41 53 2
41 54 2
42 9 3
42 10 3
42 11 3
42 12 3
42 13 3
42 14 3
42 15 6
42 16 6
42 17 6
42 18 6
42 19 6
42 20 6
42 21 6
42 22 6
42 23 21
42 24 21
42 25 21
42 26 21
42 27 21
42 28 21
42 29 21
42 30 9
42 31 9
42 32 9
42 33 9
42 34 9
42 35 9
42 36 9
42 37 9
42 38 9
42 39 9
42 40 7
42 41 7
42 42 7
42 43 7
42 44 7
42 45 7
42 46 7
42 47 7
42 48 7
42 49 2
42 50 2
42 51 2
42 52 2
42 53 2
42 54 2
43 8 3
43 9 3
43 10 3
43 11 3
43 12 3
43 13 3
43 14 3
43 15 6
43 16 6
43 17 6
43 18 6
43 19 6
43 20 6
43 21 6
43 22 6
43 23 6
43 24 23
43 25 23
43 26 23
43 27 23
43 28 23
43 29 23
43 30 23
43 31 9
43 32 9
43 33 9
43 34 9
43 35 9
43 36 9
43 37 9
43 38 9
43 39 9
43 40 7
43 41 7
43 42 7
43 43 7
43 44 7
43 45 7
43 46 7
43 47 7
43 48 7
43 49 2
43 50 2
43 51 2
43 52 2
43 53 2
43 54 2
44 8 3
44 9 3
44 10 3
44 11 3
44 12 3
44 13 3
44 14 3
44 15 6
44 16 6
44 17 6
44 18 6
44 19 6
44 20 6
44 21 6
44 22 6
44 23 6
44 24 23
44 25 23
44 26 23
44 27 23
44 28 23
44 29 23
44 30 23
44 31 23
44 32 23
44 33 11
44 34 11
44 35 11
44 36 11
44 37 11
44 38 11
44 39 11
44 40 11
44 41 11
44 42 7
44 43 7
44 44 7
44 45 7
44 46 7
44 47 7
44 48 7
44 49 2
44 50 2
44 51 2
44 52 2
44 53 2
45 7 3
45 8 3
45 9 3
45 10 3
45 11 3
45 12 3
45 13 3
45 14 3
45 15 6
45 16 6
45 17 6
45 18 6
45 19 6
45 20 6
45 21 6
45 22 6
45 23 6
45 24 23
45 25 23
45 26 23
45 27 23
45 28 23
45 29 23
45 30 23
45 31 23
45 32 23
45 33 11
45 34 11
45 35 11
45 36 11
45 37 11
45 38 11
45 39 11
45 40 11
45 41 11
45 42 7
45 43 7
45 44 7
45 45 7
45 46 7
45 47 7
45 48 7
45 49 2
45 50 2
45 51 2
45 52 2
45 53 2
46 6 3
46 7 3
46 8 3
46 9 3
46 10 3
46 11 3
46 12 3
46 13 3
46 14 3
46 15 6
46 16 6
46 17 6
46 18 6
46 19 6
46 20 6
46 21 6
46 22 6
46 23 6
46 24 23
46 25 23
46 26 23
46 27 23
46 28 23
46 29 23
46 30 23
46 31 23
46 32 23
46 33 11
46 34 11
46 35 11
46 36 11
46 37 11
46 38 11
46 39 11
46 40 11
46 41 11
46 42 7
46 43 7
46 44 7
46 45 7
46 46 7
46 47 7
46 48 7
46 49 2
46 50 2
46 51 2
46 52 2
46 53 2
47 5 3
47 6 3
47 7 3
47 8 3
47 9 3
47 10 3
47 11 3
47 12 3
47 13 3
47 14 3
47 15 6
47 16 6
47 17 6
47 18 6
47 19 6
47 20 6
47 21 6
47 22 6
47 23 6
47 24 23
47 25 23
47 26 23
47 27 23
47 28 23
47 29 23
47 30 23
47 31 23
47 32 23
47 33 11
47 34 11
47 35 11
47 36 11
47 37 11
47 38 11
47 39 11
47 40 11
47 41 11
47 42 19
47 43 19
47 44 19
47 45 19
47 46 19
47 47 19
47 48 19
47 49 19
47 50 19
47 51 19
47 52 19
47 53 2
48 5 3
48 6 3
48 7 3
48 8 3
48 9 3
48 10 3
48 11 3
48 12 3
48 13 3
48 14 3
48 15 6
48 16 6
48 17 6
48 18 6
48 19 6
48 20 6
48 21 6
48 22 6
48 23 6
48 24 23
48 25 23
48 26 23
48 27 23
48 28 23
48 29 23
48 30 23
48 31 23
48 32 23
48 33 11
48 34 11
48 35 11
48 36 11
48 37 11
48 38 11
48 39 11
48 40 11
48 41 11
48 42 19
48 43 19
48 44 19
48 45 19
48 46 19
48 47 19
48 48 19
48 49 19
48 50 19
48 51 19
48 52 19
49 5 3
49 6 3
49 7 3
49 8 3
49 9 3
49 10 3
49 11 3
49 12 3
49 13 3
49 14 3
49 15 6
49 16 6
49 17 6
49 18 6
49 19 6
49 20 6
49 21 6
49 22 6
49 23 6
49 24 23
49 25 23
49 26 23
49 27 23
49 28 23
49 29 23
49 30 23
49 31 23
49 32 23
49 33 11
49 34 11
49 35 11
49 36 11
49 37 11
49 38 11
49 39 11
49 40 11
49 41 11
49 42 19
49 43 19
49 44 19
49 45 19
49 46 19
49 47 19
49 48 19
49 49 19
49 50 19
49 51 19
49 52 19
50 5 3
50 6 3
50 7 3
50 8 3
50 9 3
50 10 3
50 11 3
50 12 3
50 13 3
50 14 3
50 15 6
50 16 6
50 17 6
50 18 6
50 19 6
50 20 6
50 21 6
50 22 6
50 23 6
50 24 23
50 25 23
50 26 23
50 27 23
50 28 23
50 29 23
50 30 23
50 31 23
50 32 11
50 33 11
50 34 11
50 35 11
50 36 11
50 37 11
50 38 11
50 39 11
50 40 11
50 41 11
50 42 19
50 43 19
50 44 19
50 45 19
50 46 19
50 47 19
50 48 19
50 49 19
50 50 19
50 51 19
50 52 19
51 4 3
51 5 3
51 6 3
51 7 3
51 8 3
51 9 3
51 10 3
51 11 3
51 12 3
51 13 3
51 14 3
51 15 6
51 16 6
51 17 6
51 18 6
51 19 6
51 20 6
51 21 6
51 22 6
51 23 6
51 24 23
51 25 23
51 26 23
51 27 23
51 28 23
51 29 23
51 30 23
51 31 23
51 32 11
51 33 11
51 34 11
51 35 11
51 36 11
51 37 11
51 38 11
51 39 11
51 40 11
51 41 19
51 42 19
51 43 19
51 44 19
51 45 19
51 46 19
51 47 19
51 48 19
51 49 19
51 50 19
51 51 19
51 52 19
52 4 3
52 5 3
52 6 3
52 7 3
52 8 3
52 9 3
52 10 3
52 11 3
52 12 3
52 13 3
52 14 3
52 15 6
52 16 6
52 17 6
52 18 6
52 19 6
52 20 6
52 21 6
52 22 6
52 23 6
52 24 23
52 25 23
52 26 23
52 27 23
52 28 23
52 29 23
52 30 23
52 31 23
52 32 11
52 33 11
52 34 11
52 35 11
52 36 11
52 37 11
52 38 11
52 39 11
52 40 11
52 41 19
52 42 19
52 43 19
52 44 19
52 45 19
52 46 19
52 47 19
52 48 19
52 49 19
52 50 19
52 51 19
53 4 14
53 5 3
53 6 3
53 7 3
53 8 3
53 9 3
53 10 3
53 11 3
53 12 3
53 13 3
53 14 3
53 15 6
53 16 6
53 17 6
53 18 6
53 19 6
53 20 6
53 21 6
53 22 6
53 23 6
53 24 23
53 25 23
53 26 23
53 27 23
53 28 23
53 29 23
53 30 23
53 31 23
53 32 11
53 33 11
53 34 11
53 35 11
53 36 11
53 37 11
53 38 11
53 39 11
53 40 11
53 41 19
53 42 19
53 43 19
53 44 19
53 45 19
53 46 19
53 47 19
53 48 19
53 49 19
53 50 19
54 3 14
54 4 14
54 5 14
54 6 14
54 7 14
54 8 14
54 9 14
54 10 14
54 11 14
54 12 14
54 13 14
54 14 14
54 15 15
54 16 15
54 17 15
54 18 15
54 19 15
54 20 15
54 21 15
54 22 6
54 23 6
54 24 23
54 25 23
54 26 23
54 27 23
54 28 23
54 29 23
54 30 23
54 31 23
54 32 11
54 33 11
54 34 11
54 35 11
54 36 11
54 37 11
54 38 11
54 39 11
54 40 11
54 41 19
54 42 19
54 43 19
54 44 19
54 45 19
54 46 19
54 47 19
54 48 19
54 49 19
55 3 14
55 4 14
55 5 14
55 6 14
55 7 14
55 8 14
55 9 14
55 10 14
55 11 14
55 12 14
55 13 14
55 14 14
55 15 15
55 16 15
55 17 15
55 18 15
55 19 15
55 20 15
55 21 15
55 22 15
55 23 15
55 24 23
55 25 23
55 26 23
55 27 23
55 28 23
55 29 23
55 30 23
55 31 23
55 32 11
55 33 11
55 34 11
55 35 11
55 36 11
55 37 11
55 38 11
55 39 11
55 40 11
55 41 19
55 42 19
55 43 19
55 44 19
55 45 19
55 46 19
55 47 19
55 48 19
56 3 14
56 4 14
56 5 14
56 6 14
56 7 14
56 8 14
56 9 14
56 10 14
56 11 14
56 12 14
56 13 14
56 14 14
56 15 15
56 16 15
56 17 15
56 18 15
56 19 15
56 20 15
56 21 15
56 22 15
56 23 15
56 24 18
56 25 18
56 26 18
56 27 18
56 28 18
56 29 18
56 30 18
56 31 18
56 32 18
56 33 17
56 34 17
56 35 17
56 36 17
56 37 17
56 38 17
56 39 17
56 40 17
56 41 17
56 42 19
56 43 19
56 44 19
56 45 19
56 46 19
56 47 19
57 2 14
57 3 14
57 4 14
57 5 14
57 6 14
57 7 14
57 8 14
57 9 14
57 10 14
57 11 14
57 12 14
57 13 14
57 14 14
57 15 15
57 16 15
57 17 15
57 18 15
57 19 15
57 20 15
57 21 15
57 22 15
57 23 15
57 24 18
57 25 18
57 26 18
57 27 18
57 28 18
57 29 18
57 30 18
57 31 18
57 32 18
57 33 17
57 34 17
57 35 17
57 36 17
57 37 17
57 38 17
57 39 17
57 40 17
57 41 17
57 42 19
57 43 19
57 44 19
57 45 19
57 46 19
58 2 14
58 3 14
58 4 14
58 5 14
58 6 14
58 7 14
58 8 14
58 9 14
58 10 14
58 11 14
58 12 14
58 13 14
58 14 14
58 15 15
58 16 15
58 17 15
58 18 15
58 19 15
58 20 15
58 21 15
58 22 15
58 23 15
58 24 18
58 25 18
58 26 18
58 27 18
58 28 18
58 29 18
58 30 18
58 31 18
58 32 18
58 33 17
58 34 17
58 35 17
58 36 17
58 37 17
58 38 17
58 39 17
58 40 17
58 41 17
58 42 17
58 43 19
58 44 19
58 45 19
59 2 14
59 3 14
59 4 14
59 5 14
59 6 14
59 7 14
59 8 14
59 9 14
59 10 14
59 11 14
59 12 14
59 13 14
59 14 14
59 15 15
59 16 15
59 17 15
59 18 15
59 19 15
59 20 15
59 21 15
59 22 15
59 23 15
59 24 18
59 25 18
59 26 18
59 27 18
59 28 18
59 29 18
59 30 18
59 31 18
59 32 18
59 33 17
59 34 17
59 35 17
59 36 17
59 37 17
59 38 17
59 39 17
59 40 17
59 41 17
59 42 17
59 43 17
59 44 17
59 45 19
60 1 14
60 2 14
60 3 14
60 4 14
60 5 14
60 6 14
60 7 14
60 8 14
60 9 14
60 10 14
60 11 14
60 12 14
60 13 14
60 14 14
60 15 15
60 16 15
60 17 15
60 18 15
60 19 15
60 20 15
60 21 15
60 22 15
60 23 15
60 24 18
60 25 18
60 26 18
60 27 18
60 28 18
60 29 18
60 30 18
60 31 18
60 32 18
60 33 17
60 34 17
60 35 17
60 36 17
60 37 17
60 38 17
60 39 17
60 40 17
60 41 17
60 42 17
60 43 17
60 44 17
61 4 14
61 5 14
61 6 14
61 7 14
61 8 14
61 9 14
61 10 14
61 11 14
61 12 14
61 13 14
61 14 15
61 15 15
61 16 15
61 17 15
61 18 15
61 19 15
61 20 15
61 21 15
61 22 15
61 23 15
61 24 18
61 25 18
61 26 18
61 27 18
61 28 18
61 29 18
61 30 18
61 31 18
61 32 18
61 33 17
61 34 17
61 35 17
61 36 17
61 37 17
61 38 17
61 39 17
61 40 17
61 41 17
61 42 17
61 43 17
61 44 17
62 7 14
62 8 14
62 9 14
62 10 14
62 11 14
62 12 14
62 13 15
62 14 15
62 15 15
62 16 15
62 17 15
62 18 15
62 19 15
62 20 15
62 21 15
62 22 15
62 23 15
62 24 18
62 25 18
62 26 18
62 27 18
62 28 18
62 29 18
62 30 18
62 31 18
62 32 18
62 33 18
62 34 17
62 35 17
62 36 17
62 37 17
62 38 17
62 39 17
62 40 17
62 41 17
62 42 17
62 43 17
63 10 14
63 11 14
63 12 14
63 13 15
63 14 15
63 15 15
63 16 15
63 17 15
63 18 15
63 19 15
63 20 15
63 21 15
63 22 15
63 23 15
63 24 18
63 25 18
63 26 18
63 27 18
63 28 18
63 29 18
63 30 18
63 31 18
63 32 18
63 33 18
63 34 17
63 35 17
63 36 17
63 37 17
63 38 17
63 39 17
63 40 17
63 41 17
63 42 17
64 13 15
64 14 15
64 15 15
64 16 15
64 17 15
64 18 15
64 19 15
64 20 15
64 21 15
64 22 15
64 23 15
64 24 18
64 25 18
64 26 18
64 27 18
64 28 18
64 29 18
64 30 18
64 31 18
64 32 18
64 33 18
64 34 17
64 35 17
64 36 17
64 37 17
64 38 17
64 39 17
64 40 17
64 41 17
65 19 15
65 20 15
65 21 15
65 22 15
65 23 15
65 24 18
65 25 18
65 26 18
65 27 18
65 28 18
65 29 18
65 30 18
65 31 18
65 32 18
65 33 18
65 34 17
65 35 17
65 36 17
65 37 17
65 38 17
65 39 17
65 40 17
66 24 18
66 25 18
66 26 18
66 27 18
66 28 18
66 29 18
66 30 18
66 31 18
66 32 18
66 33 18
66 34 17
66 35 17
66 36 17
66 37 17
66 38 17
66 39 17
66 40 17
67 29 18
67 30 18
67 31 18
67 32 18
67 33 18
67 34 17
67 35 17
67 36 17
67 37 17
