39 34 763
13 1 2
14 1 2
11 2 2
12 2 2
13 2 2
14 2 2
15 2 2
9 3 2
10 3 2
11 3 2
12 3 2
13 3 2
14 3 2
15 3 2
16 3 2
17 3 2
7 4 2
8 4 2
9 4 2
10 4 2
11 4 2
12 4 2
13 4 2
14 4 2
15 4 2
16 4 2
17 4 2
18 4 2
5 5 5
6 5 5
7 5 2
8 5 2
9 5 2
10 5 2
11 5 2
12 5 2
13 5 2
14 5 2
15 5 2
16 5 2
17 5 2
18 5 2
19 5 2
20 5 2
3 6 5
4 6 5
5 6 5
6 6 5
7 6 5
8 6 5
9 6 2
10 6 2
11 6 2
12 6 2
13 6 2
14 6 2
15 6 2
16 6 2
17 6 2
18 6 2
19 6 2
20 6 2
21 6 2
3 7 5
4 7 5
5 7 5
6 7 5
7 7 5
8 7 5
9 7 2
10 7 2
11 7 2
12 7 2
13 7 2
14 7 2
15 7 2
16 7 2
17 7 2
18 7 2
19 7 2
20 7 2
21 7 2
22 7 2
23 7 1
24 7 1
2 8 5
3 8 5
4 8 5
5 8 5
6 8 5
7 8 5
8 8 5
9 8 2
10 8 2
11 8 2
12 8 2
13 8 2
14 8 2
15 8 2
16 8 2
17 8 2
18 8 2
19 8 2
20 8 2
21 8 2
22 8 2
23 8 1
24 8 1
25 8 1
1 9 5
2 9 5
3 9 5
4 9 5
5 9 5
6 9 5
7 9 5
8 9 5
9 9 2
10 9 2
11 9 2
12 9 2
13 9 2
14 9 2
15 9 2
16 9 2
17 9 2
18 9 2
19 9 2
20 9 2
21 9 2
22 9 2
23 9 1
24 9 1
25 9 1
26 9 1
27 9 1
1 10 5
2 10 5
3 10 5
4 10 5
5 10 5
6 10 5
7 10 5
8 10 5
9 10 2
10 10 2
11 10 2
12 10 2
13 10 2
14 10 2
15 10 2
16 10 2
17 10 2
18 10 2
19 10 2
20 10 2
21 10 1
22 10 1
23 10 1
24 10 1
25 10 1
26 10 1
27 10 1
28 10 1
1 11 5
2 11 5
3 11 5
4 11 5
5 11 5
6 11 5
7 11 5
8 11 5
9 11 3
10 11 3
11 11 3
12 11 3
13 11 3
14 11 3
15 11 3
16 11 3
17 11 3
18 11 3
19 11 3
20 11 3
21 11 1
22 11 1
23 11 1
24 11 1
25 11 1
26 11 1
27 11 1
28 11 1
29 11 1
1 12 5
2 12 5
3 12 5
4 12 5
5 12 5
6 12 5
7 12 5
8 12 5
9 12 3
10 12 3
11 12 3
12 12 3
13 12 3
14 12 3
15 12 3
16 12 3
17 12 3
18 12 3
19 12 3
20 12 3
21 12 1
22 12 1
23 12 1
24 12 1
25 12 1
26 12 1
27 12 1
28 12 1
29 12 1
30 12 1
31 12 1
1 13 5
2 13 5
3 13 5
4 13 5
5 13 5
6 13 5
7 13 5
8 13 5
9 13 3
10 13 3
11 13 3
12 13 3
13 13 3
14 13 3
15 13 3
16 13 3
17 13 3
18 13 3
19 13 3
20 13 3
21 13 3
22 13 1
23 13 1
24 13 1
25 13 1
26 13 1
27 13 1
28 13 1
29 13 1
30 13 1
31 13 1
32 13 6
1 14 5
2 14 5
3 14 5
4 14 5
5 14 5
6 14 5
7 14 5
8 14 5
9 14 3
10 14 3
11 14 3
12 14 3
13 14 3
14 14 3
15 14 3
16 14 3
17 14 3
18 14 3
19 14 3
20 14 3
21 14 3
22 14 1
23 14 1
24 14 1
25 14 1
26 14 1
27 14 1
28 14 1
29 14 1
30 14 1
31 14 1
32 14 6
33 14 6
1 15 5
2 15 5
3 15 5
4 15 5
5 15 5
6 15 5
7 15 5
8 15 5
9 15 3
10 15 3
11 15 3
12 15 3
13 15 3
14 15 3
15 15 3
16 15 3
17 15 3
18 15 3
19 15 3
20 15 3
21 15 3
22 15 1
23 15 1
24 15 1
25 15 1
26 15 1
27 15 1
28 15 1
29 15 1
30 15 1
31 15 1
32 15 6
33 15 6
34 15 6
35 15 6
1 16 5
2 16 5
3 16 5
4 16 5
5 16 5
6 16 5
7 16 5
8 16 5
9 16 3
10 16 3
11 16 3
12 16 3
13 16 3
14 16 3
15 16 3
16 16 3
17 16 3
18 16 3
19 16 3
20 16 3
21 16 3
22 16 1
23 16 1
24 16 1
25 16 1
26 16 1
27 16 1
28 16 1
29 16 1
30 16 1
31 16 6
32 16 6
33 16 6
34 16 6
35 16 6
1 17 5
2 17 5
3 17 5
4 17 5
5 17 5
6 17 5
7 17 5
8 17 5
9 17 3
10 17 3
11 17 3
12 17 3
13 17 3
14 17 3
15 17 3
16 17 3
17 17 3
18 17 3
19 17 3
20 17 3
21 17 3
22 17 1
23 17 1
24 17 1
25 17 1
26 17 1
27 17 1
28 17 1
29 17 1
30 17 6
31 17 6
32 17 6
33 17 6
34 17 6
35 17 6
36 17 6
3 18 5
4 18 5
5 18 5
6 18 5
7 18 5
8 18 5
9 18 3
10 18 3
11 18 3
12 18 3
13 18 3
14 18 3
15 18 3
16 18 3
17 18 3
18 18 3
19 18 3
20 18 3
21 18 3
22 18 1
23 18 1
24 18 1
25 18 1
26 18 1
27 18 1
28 18 1
29 18 1
30 18 6
31 18 6
32 18 6
33 18 6
34 18 6
35 18 6
36 18 6
4 19 5
5 19 5
6 19 5
7 19 5
8 19 5
9 19 3
10 19 3
11 19 3
12 19 3
13 19 3
14 19 3
15 19 3
16 19 4
17 19 4
18 19 4
19 19 4
20 19 4
21 19 4
22 19 1
23 19 1
24 19 1
25 19 1
26 19 1
27 19 1
28 19 1
29 19 1
30 19 6
31 19 6
32 19 6
33 19 6
34 19 6
35 19 6
36 19 6
37 19 6
5 20 5
6 20 5
7 20 5
8 20 5
9 20 4
10 20 4
11 20 4
12 20 4
13 20 4
14 20 4
15 20 4
16 20 4
17 20 4
18 20 4
19 20 4
20 20 4
21 20 4
22 20 1
23 20 1
24 20 1
25 20 1
26 20 1
27 20 1
28 20 1
29 20 1
30 20 6
31 20 6
32 20 6
33 20 6
34 20 6
35 20 6
36 20 6
37 20 6
38 20 6
7 21 5
8 21 4
9 21 4
10 21 4
11 21 4
12 21 4
13 21 4
14 21 4
15 21 4
16 21 4
17 21 4
18 21 4
19 21 4
20 21 4
21 21 4
22 21 7
23 21 7
24 21 7
25 21 7
26 21 7
27 21 7
28 21 7
29 21 7
30 21 6
31 21 6
32 21 6
33 21 6
34 21 6
35 21 6
36 21 6
37 21 6
38 21 6
8 22 4
9 22 4
10 22 4
11 22 4
12 22 4
13 22 4
14 22 4
15 22 4
16 22 4
17 22 4
18 22 4
19 22 4
20 22 4
21 22 4
22 22 7
23 22 7
24 22 7
25 22 7
26 22 7
27 22 7
28 22 7
29 22 7
30 22 6
31 22 6
32 22 6
33 22 6
34 22 6
35 22 6
36 22 6
37 22 6
38 22 6
9 23 4
10 23 4
11 23 4
12 23 4
13 23 4
14 23 4
15 23 4
16 23 4
17 23 4
18 23 4
19 23 4
20 23 4
21 23 4
22 23 7
23 23 7
24 23 7
25 23 7
26 23 7
27 23 7
28 23 7
29 23 7
30 23 7
31 23 6
32 23 6
33 23 6
34 23 6
35 23 6
36 23 6
37 23 6
38 23 6
10 24 4
11 24 4
12 24 4
13 24 4
14 24 4
15 24 4
16 24 4
17 24 4
18 24 4
19 24 4
20 24 4
21 24 4
22 24 7
23 24 7
24 24 7
25 24 7
26 24 7
27 24 7
28 24 7
29 24 7
30 24 7
31 24 6
32 24 6
33 24 6
34 24 6
35 24 6
36 24 6
37 24 6
38 24 6
12 25 4
13 25 4
14 25 4
15 25 4
16 25 4
17 25 4
18 25 4
19 25 4
20 25 4
21 25 4
22 25 7
23 25 7
24 25 7
25 25 7
26 25 7
27 25 7
28 25 7
29 25 7
30 25 7
31 25 6
32 25 6
33 25 6
34 25 6
35 25 6
36 25 6
37 25 6
38 25 6
13 26 4
14 26 4
15 26 4
16 26 4
17 26 4
18 26 4
19 26 4
20 26 4
21 26 4
22 26 7
23 26 7
24 26 7
25 26 7
26 26 7
27 26 7
28 26 7
29 26 7
30 26 7
31 26 6
32 26 6
33 26 6
34 26 6
35 26 6
36 26 6
37 26 6
38 26 6
14 27 4
15 27 4
16 27 4
17 27 4
18 27 4
19 27 4
20 27 4
21 27 4
22 27 7
23 27 7
24 27 7
25 27 7
26 27 7
27 27 7
28 27 7
29 27 7
30 27 7
31 27 6
32 27 6
33 27 6
34 27 6
35 27 6
36 27 6
37 27 6
38 27 6
15 28 4
16 28 4
17 28 4
18 28 4
19 28 4
20 28 7
21 28 7
22 28 7
23 28 7
24 28 7
25 28 7
26 28 7
27 28 7
28 28 7
29 28 7
30 28 7
31 28 6
32 28 6
33 28 6
34 28 6
35 28 6
17 29 4
18 29 4
19 29 4
20 29 7
21 29 7
22 29 7
23 29 7
24 29 7
25 29 7
26 29 7
27 29 7
28 29 7
29 29 7
30 29 7
31 29 6
32 29 6
33 29 6
18 30 4
19 30 4
20 30 7
21 30 7
22 30 7
23 30 7
24 30 7
25 30 7
26 30 7
27 30 7
28 30 7
29 30 7
30 30 7
20 31 7
21 31 7
22 31 7
23 31 7
24 31 7
25 31 7
26 31 7
27 31 7
28 31 7
21 32 7
22 32 7
23 32 7
24 32 7
25 32 7
22 33 7
