26 34 654
1 1 5
2 1 5
3 1 5
4 1 5
5 1 5
6 1 5
7 1 5
8 1 5
9 1 5
1 2 5
2 2 5
3 2 5
4 2 5
5 2 5
6 2 5
7 2 5
8 2 5
9 2 5
10 2 5
11 2 3
12 2 3
13 2 3
14 2 3
15 2 3
16 2 3
17 2 3
18 2 3
1 3 5
2 3 5
3 3 5
4 3 5
5 3 5
6 3 5
7 3 5
8 3 5
9 3 5
10 3 5
11 3 3
12 3 3
13 3 3
14 3 3
15 3 3
16 3 3
17 3 3
18 3 3
1 4 5
2 4 5
3 4 5
4 4 5
5 4 5
6 4 5
7 4 5
8 4 5
9 4 5
10 4 5
11 4 3
12 4 3
13 4 3
14 4 3
15 4 3
16 4 3
17 4 3
18 4 3
19 4 3
2 5 5
3 5 5
4 5 5
5 5 5
6 5 5
7 5 5
8 5 5
9 5 5
10 5 5
11 5 3
12 5 3
13 5 3
14 5 3
15 5 3
16 5 3
17 5 3
18 5 3
19 5 3
2 6 5
3 6 5
4 6 5
5 6 5
6 6 5
7 6 5
8 6 5
9 6 5
10 6 5
11 6 3
12 6 3
13 6 3
14 6 3
15 6 3
16 6 3
17 6 3
18 6 3
19 6 3
20 6 3
2 7 5
3 7 5
4 7 5
5 7 5
6 7 5
7 7 5
8 7 5
9 7 5
10 7 5
11 7 3
12 7 3
13 7 3
14 7 3
15 7 3
16 7 3
17 7 3
18 7 3
19 7 3
20 7 3
21 7 3
2 8 5
3 8 5
4 8 5
5 8 5
6 8 5
7 8 5
8 8 5
9 8 5
10 8 5
11 8 3
12 8 3
13 8 3
14 8 3
15 8 3
16 8 3
17 8 3
18 8 3
19 8 3
20 8 3
21 8 3
2 9 5
3 9 5
4 9 5
5 9 5
6 9 5
7 9 5
8 9 5
9 9 5
10 9 5
11 9 3
12 9 3
13 9 3
14 9 3
15 9 3
16 9 3
17 9 3
18 9 3
19 9 3
20 9 3
21 9 3
2 10 5
3 10 5
4 10 5
5 10 5
6 10 5
7 10 5
8 10 5
9 10 5
10 10 5
11 10 3
12 10 3
13 10 3
14 10 3
15 10 3
16 10 3
17 10 3
18 10 3
19 10 3
20 10 3
21 10 3
22 10 3
2 11 5
3 11 5
4 11 5
5 11 5
6 11 5
7 11 5
8 11 5
9 11 5
10 11 3
11 11 3
12 11 3
13 11 3
14 11 3
15 11 3
16 11 3
17 11 3
18 11 3
19 11 3
20 11 3
21 11 3
22 11 3
2 12 5
3 12 5
4 12 5
5 12 5
6 12 5
7 12 5
8 12 5
9 12 5
10 12 3
11 12 3
12 12 3
13 12 3
14 12 3
15 12 3
16 12 3
17 12 6
18 12 6
19 12 6
20 12 6
21 12 6
22 12 6
2 13 1
3 13 1
4 13 1
5 13 1
6 13 1
7 13 1
8 13 1
9 13 1
10 13 1
11 13 1
12 13 6
13 13 6
14 13 6
15 13 6
16 13 6
17 13 6
18 13 6
19 13 6
20 13 6
21 13 6
22 13 6
23 13 6
2 14 1
3 14 1
4 14 1
5 14 1
6 14 1
7 14 1
8 14 1
9 14 1
10 14 1
11 14 1
12 14 6
13 14 6
14 14 6
15 14 6
16 14 6
17 14 6
18 14 6
19 14 6
20 14 6
21 14 6
22 14 6
23 14 6
2 15 1
3 15 1
4 15 1
5 15 1
6 15 1
7 15 1
8 15 1
9 15 1
10 15 1
11 15 1
12 15 1
13 15 6
14 15 6
15 15 6
16 15 6
17 15 6
18 15 6
19 15 6
20 15 6
21 15 6
22 15 6
23 15 6
2 16 1
3 16 1
4 16 1
5 16 1
6 16 1
7 16 1
8 16 1
9 16 1
10 16 1
11 16 1
12 16 1
13 16 6
14 16 6
15 16 6
16 16 6
17 16 6
18 16 6
19 16 6
20 16 6
21 16 6
22 16 6
23 16 6
2 17 1
3 17 1
4 17 1
5 17 1
6 17 1
7 17 1
8 17 1
9 17 1
10 17 1
11 17 1
12 17 1
13 17 6
14 17 6
15 17 6
16 17 6
17 17 6
18 17 6
19 17 6
20 17 6
21 17 6
22 17 6
23 17 6
2 18 1
3 18 1
4 18 1
5 18 1
6 18 1
7 18 1
8 18 1
9 18 1
10 18 1
11 18 1
12 18 1
13 18 6
14 18 6
15 18 6
16 18 6
17 18 6
18 18 6
19 18 6
20 18 6
21 18 6
22 18 6
23 18 6
2 19 1
3 19 1
4 19 1
5 19 1
6 19 1
7 19 1
8 19 1
9 19 1
10 19 1
11 19 1
12 19 1
13 19 6
14 19 6
15 19 6
16 19 6
17 19 6
18 19 6
19 19 6
20 19 6
21 19 6
22 19 6
23 19 6
2 20 1
3 20 1
4 20 1
5 20 1
6 20 1
7 20 1
8 20 1
9 20 1
10 20 1
11 20 1
12 20 1
13 20 6
14 20 6
15 20 6
16 20 6
17 20 6
18 20 6
19 20 6
20 20 6
21 20 6
22 20 6
23 20 6
24 20 6
2 21 1
3 21 1
4 21 1
5 21 1
6 21 1
7 21 1
8 21 1
9 21 1
10 21 1
11 21 1
12 21 1
13 21 6
14 21 6
15 21 6
16 21 6
17 21 6
18 21 6
19 21 6
20 21 6
21 21 6
22 21 6
23 21 6
24 21 6
2 22 1
3 22 1
4 22 1
5 22 1
6 22 1
7 22 1
8 22 1
9 22 1
10 22 1
11 22 1
12 22 4
13 22 4
14 22 4
15 22 4
16 22 4
17 22 4
18 22 4
19 22 4
20 22 4
21 22 4
22 22 4
23 22 4
24 22 4
2 23 1
3 23 1
4 23 2
5 23 2
6 23 2
7 23 2
8 23 2
9 23 2
10 23 2
11 23 2
12 23 4
13 23 4
14 23 4
15 23 4
16 23 4
17 23 4
18 23 4
19 23 4
20 23 4
21 23 4
22 23 4
23 23 4
24 23 4
2 24 2
3 24 2
4 24 2
5 24 2
6 24 2
7 24 2
8 24 2
9 24 2
10 24 2
11 24 2
12 24 4
13 24 4
14 24 4
15 24 4
16 24 4
17 24 4
18 24 4
19 24 4
20 24 4
21 24 4
22 24 4
23 24 4
24 24 4
2 25 2
3 25 2
4 25 2
5 25 2
6 25 2
7 25 2
8 25 2
9 25 2
10 25 2
11 25 2
12 25 2
13 25 4
14 25 4
15 25 4
16 25 4
17 25 4
18 25 4
19 25 4
20 25 4
21 25 4
22 25 4
23 25 4
24 25 4
2 26 2
3 26 2
4 26 2
5 26 2
6 26 2
7 26 2
8 26 2
9 26 2
10 26 2
11 26 2
12 26 2
13 26 4
14 26 4
15 26 4
16 26 4
17 26 4
18 26 4
19 26 4
20 26 4
21 26 4
22 26 4
23 26 4
24 26 4
2 27 2
3 27 2
4 27 2
5 27 2
6 27 2
7 27 2
8 27 2
9 27 2
10 27 2
11 27 2
12 27 2
13 27 4
14 27 4
15 27 4
16 27 4
17 27 4
18 27 4
19 27 4
20 27 4
21 27 4
22 27 4
23 27 4
24 27 4
25 27 4
2 28 2
3 28 2
4 28 2
5 28 2
6 28 2
7 28 2
8 28 2
9 28 2
10 28 2
11 28 2
12 28 2
13 28 4
14 28 4
15 28 4
16 28 4
17 28 4
18 28 4
19 28 4
20 28 4
21 28 4
22 28 4
23 28 4
2 29 2
3 29 2
4 29 2
5 29 2
6 29 2
7 29 2
8 29 2
9 29 2
10 29 2
11 29 2
12 29 2
13 29 4
14 29 4
15 29 4
16 29 4
17 29 4
18 29 4
19 29 4
20 29 4
21 29 4
22 29 4
2 30 2
3 30 2
4 30 2
5 30 2
6 30 2
7 30 2
8 30 2
9 30 2
10 30 2
11 30 2
12 30 2
13 30 4
14 30 4
15 30 4
16 30 4
17 30 4
18 30 4
19 30 4
2 31 2
3 31 2
4 31 2
5 31 2
6 31 2
7 31 2
8 31 2
9 31 2
10 31 2
11 31 2
12 31 2
13 31 4
14 31 4
15 31 4
16 31 4
17 31 4
1 32 2
2 32 2
3 32 2
4 32 2
5 32 2
6 32 2
7 32 2
8 32 2
9 32 2
10 32 2
11 32 2
12 32 2
7 33 2
8 33 2
