44 35 981
14 1 1
15 1 1
16 1 1
17 1 1
18 1 1
19 1 1
10 2 1
11 2 1
12 2 1
13 2 1
14 2 1
15 2 1
16 2 1
17 2 1
18 2 1
19 2 1
20 2 1
21 2 1
8 3 8
9 3 8
10 3 1
11 3 1
12 3 1
13 3 1
14 3 1
15 3 1
16 3 1
17 3 1
18 3 1
19 3 1
20 3 1
21 3 1
22 3 5
23 3 5
5 4 8
6 4 8
7 4 8
8 4 8
9 4 8
10 4 1
11 4 1
12 4 1
13 4 1
14 4 1
15 4 1
16 4 1
17 4 1
18 4 1
19 4 1
20 4 1
21 4 1
22 4 5
23 4 5
24 4 5
25 4 5
4 5 8
5 5 8
6 5 8
7 5 8
8 5 8
9 5 8
10 5 1
11 5 1
12 5 1
13 5 1
14 5 1
15 5 1
16 5 1
17 5 1
18 5 1
19 5 1
20 5 1
21 5 1
22 5 5
23 5 5
24 5 5
25 5 5
26 5 5
27 5 5
3 6 8
4 6 8
5 6 8
6 6 8
7 6 8
8 6 8
9 6 8
10 6 1
11 6 1
12 6 1
13 6 1
14 6 1
15 6 1
16 6 1
17 6 1
18 6 1
19 6 1
20 6 1
21 6 1
22 6 5
23 6 5
24 6 5
25 6 5
26 6 5
27 6 5
28 6 5
29 6 5
2 7 8
3 7 8
4 7 8
5 7 8
6 7 8
7 7 8
8 7 8
9 7 8
10 7 1
11 7 1
12 7 1
13 7 1
14 7 1
15 7 1
16 7 1
17 7 1
18 7 1
19 7 1
20 7 1
21 7 1
22 7 5
23 7 5
24 7 5
25 7 5
26 7 5
27 7 5
28 7 5
29 7 5
30 7 5
31 7 5
1 8 8
2 8 8
3 8 8
4 8 8
5 8 8
6 8 8
7 8 8
8 8 8
9 8 8
10 8 1
11 8 1
12 8 1
13 8 1
14 8 1
15 8 1
16 8 1
17 8 1
18 8 1
19 8 1
20 8 1
21 8 1
22 8 5
23 8 5
24 8 5
25 8 5
26 8 5
27 8 5
28 8 5
29 8 5
30 8 5
31 8 5
32 8 5
33 8 5
2 9 8
3 9 8
4 9 8
5 9 8
6 9 8
7 9 8
8 9 8
9 9 8
10 9 1
11 9 1
12 9 1
13 9 1
14 9 1
15 9 1
16 9 1
17 9 1
18 9 1
19 9 1
20 9 1
21 9 1
22 9 5
23 9 5
24 9 5
25 9 5
26 9 5
27 9 5
28 9 5
29 9 5
30 9 5
31 9 5
32 9 5
33 9 5
34 9 3
35 9 3
2 10 8
3 10 8
4 10 8
5 10 8
6 10 8
7 10 8
8 10 8
9 10 8
10 10 7
11 10 7
12 10 7
13 10 7
14 10 7
15 10 1
16 10 1
17 10 1
18 10 1
19 10 1
20 10 1
21 10 1
22 10 5
23 10 5
24 10 5
25 10 5
26 10 5
27 10 5
28 10 5
29 10 5
30 10 5
31 10 5
32 10 5
33 10 5
34 10 3
35 10 3
36 10 3
37 10 3
2 11 8
3 11 8
4 11 8
5 11 8
6 11 8
7 11 8
8 11 8
9 11 8
10 11 7
11 11 7
12 11 7
13 11 7
14 11 7
15 11 7
16 11 7
17 11 7
18 11 7
19 11 7
20 11 7
21 11 7
22 11 5
23 11 5
24 11 5
25 11 5
26 11 5
27 11 5
28 11 5
29 11 5
30 11 5
31 11 5
32 11 5
33 11 5
34 11 3
35 11 3
36 11 3
37 11 3
38 11 3
39 11 3
2 12 8
3 12 8
4 12 8
5 12 8
6 12 8
7 12 8
8 12 8
9 12 8
10 12 7
11 12 7
12 12 7
13 12 7
14 12 7
15 12 7
16 12 7
17 12 7
18 12 7
19 12 7
20 12 7
21 12 7
22 12 5
23 12 5
24 12 5
25 12 5
26 12 5
27 12 5
28 12 5
29 12 5
30 12 5
31 12 5
32 12 5
33 12 5
34 12 3
35 12 3
36 12 3
37 12 3
38 12 3
39 12 3
40 12 3
41 12 3
2 13 8
3 13 8
4 13 8
5 13 8
6 13 8
7 13 8
8 13 8
9 13 8
10 13 7
11 13 7
12 13 7
13 13 7
14 13 7
15 13 7
16 13 7
17 13 7
18 13 7
19 13 7
20 13 7
21 13 7
22 13 5
23 13 5
24 13 5
25 13 5
26 13 5
27 13 5
28 13 5
29 13 5
30 13 5
31 13 5
32 13 5
33 13 5
34 13 3
35 13 3
36 13 3
37 13 3
38 13 3
39 13 3
40 13 3
41 13 3
2 14 8
3 14 8
4 14 8
5 14 8
6 14 8
7 14 8
8 14 8
9 14 8
10 14 7
11 14 7
12 14 7
13 14 7
14 14 7
15 14 7
16 14 7
17 14 7
18 14 7
19 14 7
20 14 7
21 14 7
22 14 5
23 14 5
24 14 5
25 14 5
26 14 5
27 14 5
28 14 5
29 14 9
30 14 9
31 14 9
32 14 9
33 14 9
34 14 3
35 14 3
36 14 3
37 14 3
38 14 3
39 14 3
40 14 3
41 14 3
3 15 8
4 15 8
5 15 8
6 15 8
7 15 8
8 15 8
9 15 8
10 15 7
11 15 7
12 15 7
13 15 7
14 15 7
15 15 7
16 15 7
17 15 7
18 15 7
19 15 7
20 15 7
21 15 7
22 15 9
23 15 9
24 15 9
25 15 9
26 15 9
27 15 9
28 15 9
29 15 9
30 15 9
31 15 9
32 15 9
33 15 9
34 15 3
35 15 3
36 15 3
37 15 3
38 15 3
39 15 3
40 15 3
41 15 3
4 16 8
5 16 8
6 16 8
7 16 8
8 16 8
9 16 8
10 16 7
11 16 7
12 16 7
13 16 7
14 16 7
15 16 7
16 16 7
17 16 7
18 16 7
19 16 7
20 16 7
21 16 7
22 16 9
23 16 9
24 16 9
25 16 9
26 16 9
27 16 9
28 16 9
29 16 9
30 16 9
31 16 9
32 16 9
33 16 9
34 16 3
35 16 3
36 16 3
37 16 3
38 16 3
39 16 3
40 16 3
41 16 3
5 17 8
6 17 8
7 17 8
8 17 8
9 17 8
10 17 7
11 17 7
12 17 7
13 17 7
14 17 7
15 17 7
16 17 7
17 17 7
18 17 7
19 17 7
20 17 7
21 17 7
22 17 9
23 17 9
24 17 9
25 17 9
26 17 9
27 17 9
28 17 9
29 17 9
30 17 9
31 17 9
32 17 9
33 17 9
34 17 3
35 17 3
36 17 3
37 17 3
38 17 3
39 17 3
40 17 3
41 17 3
42 17 3
6 18 8
7 18 8
8 18 8
9 18 8
10 18 7
11 18 7
12 18 7
13 18 7
14 18 7
15 18 7
16 18 7
17 18 7
18 18 7
19 18 7
20 18 7
21 18 7
22 18 9
23 18 9
24 18 9
25 18 9
26 18 9
27 18 9
28 18 9
29 18 9
30 18 9
31 18 9
32 18 9
33 18 9
34 18 3
35 18 3
36 18 3
37 18 3
38 18 3
39 18 3
40 18 3
41 18 3
42 18 3
7 19 8
8 19 6
9 19 6
10 19 6
11 19 6
12 19 6
13 19 6
14 19 6
15 19 6
16 19 6
17 19 6
18 19 7
19 19 7
20 19 7
21 19 7
22 19 9
23 19 9
24 19 9
25 19 9
26 19 9
27 19 9
28 19 9
29 19 9
30 19 9
31 19 9
32 19 9
33 19 3
34 19 3
35 19 3
36 19 3
37 19 3
38 19 3
39 19 3
40 19 3
41 19 3
42 19 3
7 20 8
8 20 6
9 20 6
10 20 6
11 20 6
12 20 6
13 20 6
14 20 6
15 20 6
16 20 6
17 20 6
18 20 7
19 20 7
20 20 7
21 20 7
22 20 9
23 20 9
24 20 9
25 20 9
26 20 9
27 20 9
28 20 9
29 20 9
30 20 9
31 20 9
32 20 9
33 20 3
34 20 3
35 20 3
36 20 3
37 20 3
38 20 3
39 20 3
40 20 3
41 20 3
42 20 3
8 21 6
9 21 6
10 21 6
11 21 6
12 21 6
13 21 6
14 21 6
15 21 6
16 21 6
17 21 6
18 21 6
19 21 6
20 21 6
21 21 9
22 21 9
23 21 9
24 21 9
25 21 9
26 21 9
27 21 9
28 21 9
29 21 9
30 21 9
31 21 9
32 21 9
33 21 3
34 21 3
35 21 3
36 21 3
37 21 3
38 21 3
39 21 3
40 21 3
41 21 3
42 21 3
9 22 6
10 22 6
11 22 6
12 22 6
13 22 6
14 22 6
15 22 6
16 22 6
17 22 6
18 22 6
19 22 6
20 22 6
21 22 9
22 22 9
23 22 9
24 22 9
25 22 9
26 22 9
27 22 9
28 22 9
29 22 9
30 22 9
31 22 9
32 22 9
33 22 3
34 22 3
35 22 3
36 22 3
37 22 3
38 22 2
39 22 2
40 22 2
41 22 2
42 22 2
43 22 2
10 23 6
11 23 6
12 23 6
13 23 6
14 23 6
15 23 6
16 23 6
17 23 6
18 23 6
19 23 6
20 23 6
21 23 6
22 23 6
23 23 9
24 23 9
25 23 9
26 23 9
27 23 9
28 23 9
29 23 9
30 23 9
31 23 9
32 23 9
33 23 3
34 23 3
35 23 3
36 23 3
37 23 2
38 23 2
39 23 2
40 23 2
41 23 2
42 23 2
43 23 2
11 24 6
12 24 6
13 24 6
14 24 6
15 24 6
16 24 6
17 24 6
18 24 6
19 24 6
20 24 6
21 24 6
22 24 6
23 24 4
24 24 4
25 24 4
26 24 4
27 24 4
28 24 4
29 24 4
30 24 4
31 24 4
32 24 4
33 24 2
34 24 2
35 24 2
36 24 2
37 24 2
38 24 2
39 24 2
40 24 2
41 24 2
42 24 2
43 24 2
11 25 6
12 25 6
13 25 6
14 25 6
15 25 6
16 25 6
17 25 6
18 25 6
19 25 6
20 25 6
21 25 6
22 25 6
23 25 4
24 25 4
25 25 4
26 25 4
27 25 4
28 25 4
29 25 4
30 25 4
31 25 4
32 25 4
33 25 4
34 25 2
35 25 2
36 25 2
37 25 2
38 25 2
39 25 2
40 25 2
41 25 2
42 25 2
43 25 2
13 26 6
14 26 6
15 26 6
16 26 6
17 26 6
18 26 6
19 26 6
20 26 6
21 26 6
22 26 6
23 26 4
24 26 4
25 26 4
26 26 4
27 26 4
28 26 4
29 26 4
30 26 4
31 26 4
32 26 4
33 26 4
34 26 2
35 26 2
36 26 2
37 26 2
38 26 2
39 26 2
40 26 2
41 26 2
42 26 2
43 26 2
15 27 6
16 27 6
17 27 6
18 27 6
19 27 6
20 27 6
21 27 6
22 27 6
23 27 4
24 27 4
25 27 4
26 27 4
27 27 4
28 27 4
29 27 4
30 27 4
31 27 4
32 27 4
33 27 4
34 27 2
35 27 2
36 27 2
37 27 2
38 27 2
39 27 2
40 27 2
41 27 2
42 27 2
43 27 2
17 28 6
18 28 6
19 28 6
20 28 6
21 28 6
22 28 6
23 28 4
24 28 4
25 28 4
26 28 4
27 28 4
28 28 4
29 28 4
30 28 4
31 28 4
32 28 4
33 28 4
34 28 2
35 28 2
36 28 2
37 28 2
38 28 2
39 28 2
40 28 2
41 28 2
42 28 2
43 28 2
19 29 6
20 29 6
21 29 6
22 29 4
23 29 4
24 29 4
25 29 4
26 29 4
27 29 4
28 29 4
29 29 4
30 29 4
31 29 4
32 29 4
33 29 4
34 29 2
35 29 2
36 29 2
37 29 2
38 29 2
39 29 2
40 29 2
41 29 2
42 29 2
43 29 2
21 30 4
22 30 4
23 30 4
24 30 4
25 30 4
26 30 4
27 30 4
28 30 4
29 30 4
30 30 4
31 30 4
32 30 4
33 30 4
34 30 2
35 30 2
36 30 2
37 30 2
38 30 2
39 30 2
40 30 2
41 30 2
42 30 2
43 30 2
23 31 4
24 31 4
25 31 4
26 31 4
27 31 4
28 31 4
29 31 4
30 31 4
31 31 4
32 31 4
33 31 4
34 31 2
35 31 2
36 31 2
37 31 2
38 31 2
39 31 2
40 31 2
41 31 2
42 31 2
43 31 2
25 32 4
26 32 4
27 32 4
28 32 4
29 32 4
30 32 4
31 32 4
32 32 4
33 32 4
34 32 2
35 32 2
36 32 2
37 32 2
38 32 2
39 32 2
40 32 2
41 32 2
42 32 2
43 32 2
28 33 4
29 33 4
30 33 4
31 33 4
32 33 4
33 33 4
34 33 2
35 33 2
36 33 2
37 33 2
38 33 2
30 34 4
31 34 4
32 34 4
33 34 4
