95 62 3052
1 45 14
2 44 14
2 45 14
2 46 14
3 43 14
3 44 14
3 45 14
3 46 14
4 42 14
4 43 14
4 44 14
4 45 14
4 46 14
4 47 14
5 41 14
5 42 14
5 43 14
5 44 14
5 45 14
5 46 14
5 47 14
6 41 14
6 42 14
6 43 14
6 44 14
6 45 14
6 46 14
6 47 14
7 40 14
7 41 14
7 42 14
7 43 14
7 44 14
7 45 14
7 46 14
7 47 14
8 39 14
8 40 14
8 41 14
8 42 14
8 43 14
8 44 14
8 45 14
8 46 14
8 47 14
9 38 14
9 39 14
9 40 14
9 41 14
9 42 14
9 43 14
9 44 14
9 45 14
9 46 14
9 47 14
10 37 14
10 38 14
10 39 14
10 40 14
10 41 14
10 42 14
10 43 14
10 44 14
10 45 14
10 46 14
10 47 14
10 48 14
11 37 14
11 38 14
11 39 14
11 40 14
11 41 14
11 42 14
11 43 14
11 44 14
11 45 14
11 46 14
11 47 14
11 48 14
12 36 14
12 37 14
12 38 14
12 39 14
12 40 14
12 41 14
12 42 14
12 43 14
12 44 14
12 45 14
12 46 14
12 47 14
12 48 14
13 35 14
13 36 14
13 37 14
13 38 14
13 39 14
13 40 14
13 41 14
13 42 14
13 43 14
13 44 14
13 45 14
13 46 14
13 47 14
13 48 14
14 34 13
14 35 13
14 36 13
14 37 13
14 38 13
14 39 13
14 40 13
14 41 20
14 42 20
14 43 20
14 44 20
14 45 20
14 46 14
14 47 14
14 48 14
15 33 13
15 34 13
15 35 13
15 36 13
15 37 13
15 38 13
15 39 13
15 40 13
15 41 20
15 42 20
15 43 20
15 44 20
15 45 20
15 46 20
15 47 20
15 48 20
16 33 13
16 34 13
16 35 13
16 36 13
16 37 13
16 38 13
16 39 13
16 40 13
16 41 20
16 42 20
16 43 20
16 44 20
16 45 20
16 46 20
16 47 20
16 48 20
16 49 20
17 32 13
17 33 13
17 34 13
17 35 13
17 36 13
17 37 13
17 38 13
17 39 13
17 40 13
17 41 20
17 42 20
17 43 20
17 44 20
17 45 20
17 46 20
17 47 20
17 48 20
17 49 20
18 31 13
18 32 13
18 33 13
18 34 13
18 35 13
18 36 13
18 37 13
18 38 13
18 39 13
18 40 13
18 41 20
18 42 20
18 43 20
18 44 20
18 45 20
18 46 20
18 47 20
18 48 20
18 49 20
19 30 13
19 31 13
19 32 13
19 33 13
19 34 13
19 35 13
19 36 13
19 37 13
19 38 13
19 39 13
19 40 20
19 41 20
19 42 20
19 43 20
19 44 20
19 45 20
19 46 20
19 47 20
19 48 20
19 49 20
20 29 13
20 30 13
20 31 13
20 32 13
20 33 13
20 34 13
20 35 13
20 36 13
20 37 13
20 38 13
20 39 13
20 40 20
20 41 20
20 42 20
20 43 20
20 44 20
20 45 20
20 46 20
20 47 20
20 48 20
20 49 20
21 29 13
21 30 13
21 31 13
21 32 13
21 33 13
21 34 13
21 35 13
21 36 13
21 37 13
21 38 13
21 39 13
21 40 20
21 41 20
21 42 20
21 43 20
21 44 20
21 45 20
21 46 20
21 47 20
21 48 20
21 49 20
21 50 20
22 28 13
22 29 13
22 30 13
22 31 13
22 32 13
22 33 13
22 34 13
22 35 13
22 36 13
22 37 13
22 38 13
22 39 13
22 40 20
22 41 20
22 42 20
22 43 20
22 44 20
22 45 20
22 46 20
22 47 20
22 48 20
22 49 20
22 50 20
23 27 13
23 28 13
23 29 13
23 30 13
23 31 13
23 32 13
23 33 13
23 34 13
23 35 13
23 36 13
23 37 13
23 38 13
23 39 13
23 40 20
23 41 20
23 42 20
23 43 20
23 44 20
23 45 20
23 46 20
23 47 20
23 48 20
23 49 20
23 50 20
24 26 1
24 27 13
24 28 13
24 29 13
24 30 13
24 31 13
24 32 13
24 33 13
24 34 13
24 35 13
24 36 13
24 37 12
24 38 12
24 39 12
24 40 12
24 41 12
24 42 12
24 43 12
24 44 12
24 45 20
24 46 20
24 47 20
24 48 20
24 49 20
24 50 20
25 25 1
25 26 1
25 27 1
25 28 1
25 29 1
25 30 1
25 31 1
25 32 1
25 33 1
25 34 12
25 35 12
25 36 12
25 37 12
25 38 12
25 39 12
25 40 12
25 41 12
25 42 12
25 43 12
25 44 12
25 45 12
25 46 20
25 47 20
25 48 20
25 49 20
25 50 20
26 25 1
26 26 1
26 27 1
26 28 1
26 29 1
26 30 1
26 31 1
26 32 1
26 33 1
26 34 12
26 35 12
26 36 12
26 37 12
26 38 12
26 39 12
26 40 12
26 41 12
26 42 12
26 43 12
26 44 12
26 45 12
26 46 20
26 47 20
26 48 20
26 49 20
26 50 20
27 24 1
27 25 1
27 26 1
27 27 1
27 28 1
27 29 1
27 30 1
27 31 1
27 32 1
27 33 1
27 34 12
27 35 12
27 36 12
27 37 12
27 38 12
27 39 12
27 40 12
27 41 12
27 42 12
27 43 12
27 44 12
27 45 12
27 46 18
27 47 18
27 48 18
27 49 18
27 50 18
27 51 18
28 23 1
28 24 1
28 25 1
28 26 1
28 27 1
28 28 1
28 29 1
28 30 1
28 31 1
28 32 1
28 33 1
28 34 12
28 35 12
28 36 12
28 37 12
28 38 12
28 39 12
28 40 12
28 41 12
28 42 12
28 43 12
28 44 12
28 45 12
28 46 18
28 47 18
28 48 18
28 49 18
28 50 18
28 51 18
29 22 1
29 23 1
29 24 1
29 25 1
29 26 1
29 27 1
29 28 1
29 29 1
29 30 1
29 31 1
29 32 1
29 33 1
29 34 12
29 35 12
29 36 12
29 37 12
29 38 12
29 39 12
29 40 12
29 41 12
29 42 12
29 43 12
29 44 12
29 45 12
29 46 18
29 47 18
29 48 18
29 49 18
29 50 18
29 51 18
30 21 1
30 22 1
30 23 1
30 24 1
30 25 1
30 26 1
30 27 1
30 28 1
30 29 1
30 30 1
30 31 1
30 32 1
30 33 1
30 34 12
30 35 12
30 36 12
30 37 12
30 38 12
30 39 12
30 40 12
30 41 12
30 42 12
30 43 12
30 44 12
30 45 12
30 46 18
30 47 18
30 48 18
30 49 18
30 50 18
30 51 18
31 21 1
31 22 1
31 23 1
31 24 1
31 25 1
31 26 1
31 27 1
31 28 1
31 29 1
31 30 1
31 31 1
31 32 1
31 33 1
31 34 12
31 35 12
31 36 12
31 37 12
31 38 12
31 39 12
31 40 12
31 41 12
31 42 12
31 43 12
31 44 12
31 45 12
31 46 18
31 47 18
31 48 18
31 49 18
31 50 18
31 51 18
32 20 1
32 21 1
32 22 1
32 23 1
32 24 1
32 25 1
32 26 1
32 27 1
32 28 1
32 29 1
32 30 1
32 31 1
32 32 1
32 33 1
32 34 12
32 35 12
32 36 12
32 37 12
32 38 12
32 39 12
32 40 12
32 41 12
32 42 12
32 43 12
32 44 12
32 45 12
32 46 18
32 47 18
32 48 18
32 49 18
32 50 18
32 51 18
33 19 24
33 20 1
33 21 1
33 22 1
33 23 1
33 24 1
33 25 1
33 26 1
33 27 1
33 28 1
33 29 1
33 30 1
33 31 1
33 32 1
33 33 22
33 34 22
33 35 22
33 36 22
33 37 22
33 38 22
33 39 12
33 40 12
33 41 12
33 42 12
33 43 12
33 44 18
33 45 18
33 46 18
33 47 18
33 48 18
33 49 18
33 50 18
33 51 18
33 52 18
34 18 24
34 19 24
34 20 24
34 21 24
34 22 24
34 23 24
34 24 24
34 25 24
34 26 24
34 27 24
34 28 24
34 29 1
34 30 1
34 31 1
34 32 1
34 33 22
34 34 22
34 35 22
34 36 22
34 37 22
34 38 22
34 39 22
34 40 22
34 41 22
34 42 22
34 43 22
34 44 18
34 45 18
34 46 18
34 47 18
34 48 18
34 49 18
34 50 18
34 51 18
34 52 18
35 17 24
35 18 24
35 19 24
35 20 24
35 21 24
35 22 24
35 23 24
35 24 24
35 25 24
35 26 24
35 27 24
35 28 24
35 29 22
35 30 22
35 31 22
35 32 22
35 33 22
35 34 22
35 35 22
35 36 22
35 37 22
35 38 22
35 39 22
35 40 22
35 41 22
35 42 22
35 43 22
35 44 18
35 45 18
35 46 18
35 47 18
35 48 18
35 49 18
35 50 18
35 51 18
35 52 18
36 17 24
36 18 24
36 19 24
36 20 24
36 21 24
36 22 24
36 23 24
36 24 24
36 25 24
36 26 24
36 27 24
36 28 24
36 29 22
36 30 22
36 31 22
36 32 22
36 33 22
36 34 22
36 35 22
36 36 22
36 37 22
36 38 22
36 39 22
36 40 22
36 41 22
36 42 22
36 43 22
36 44 18
36 45 18
36 46 18
36 47 18
36 48 18
36 49 18
36 50 18
36 51 18
36 52 18
37 16 24
37 17 24
37 18 24
37 19 24
37 20 24
37 21 24
37 22 24
37 23 24
37 24 24
37 25 24
37 26 24
37 27 24
37 28 24
37 29 22
37 30 22
37 31 22
37 32 22
37 33 22
37 34 22
37 35 22
37 36 22
37 37 22
37 38 22
37 39 22
37 40 22
37 41 22
37 42 22
37 43 22
37 44 18
37 45 18
37 46 18
37 47 18
37 48 18
37 49 18
37 50 18
37 51 18
37 52 18
38 15 24
38 16 24
38 17 24
38 18 24
38 19 24
38 20 24
38 21 24
38 22 24
38 23 24
38 24 24
38 25 24
38 26 24
38 27 24
38 28 24
38 29 22
38 30 22
38 31 22
38 32 22
38 33 22
38 34 22
38 35 22
38 36 22
38 37 22
38 38 22
38 39 22
38 40 22
38 41 22
38 42 22
38 43 22
38 44 22
38 45 18
38 46 18
38 47 18
38 48 18
38 49 18
38 50 18
38 51 18
38 52 18
38 53 18
39 14 24
39 15 24
39 16 24
39 17 24
39 18 24
39 19 24
39 20 24
39 21 24
39 22 24
39 23 24
39 24 24
39 25 24
39 26 24
39 27 24
39 28 24
39 29 22
39 30 22
39 31 22
39 32 22
39 33 22
39 34 22
39 35 22
39 36 22
39 37 22
39 38 22
39 39 22
39 40 22
39 41 22
39 42 22
39 43 22
39 44 22
39 45 18
39 46 18
39 47 18
39 48 18
39 49 18
39 50 18
39 51 18
39 52 18
39 53 18
40 13 24
40 14 24
40 15 24
40 16 24
40 17 24
40 18 24
40 19 24
40 20 24
40 21 24
40 22 24
40 23 24
40 24 24
40 25 7
40 26 7
40 27 7
40 28 7
40 29 7
40 30 22
40 31 22
40 32 22
40 33 22
40 34 22
40 35 22
40 36 22
40 37 22
40 38 22
40 39 22
40 40 22
40 41 22
40 42 22
40 43 22
40 44 22
40 45 18
40 46 18
40 47 18
40 48 18
40 49 18
40 50 18
40 51 18
40 52 18
40 53 18
41 13 24
41 14 24
41 15 24
41 16 24
41 17 24
41 18 24
41 19 24
41 20 24
41 21 24
41 22 24
41 23 24
41 24 24
41 25 7
41 26 7
41 27 7
41 28 7
41 29 7
41 30 7
41 31 7
41 32 7
41 33 7
41 34 7
41 35 7
41 36 19
41 37 19
41 38 19
41 39 19
41 40 19
41 41 19
41 42 19
41 43 19
41 44 19
41 45 19
41 46 18
41 47 15
41 48 15
41 49 15
41 50 15
41 51 15
41 52 15
41 53 15
42 12 26
42 13 26
42 14 26
42 15 26
42 16 26
42 17 26
42 18 24
42 19 24
42 20 24
42 21 24
42 22 24
42 23 24
42 24 24
42 25 7
42 26 7
42 27 7
42 28 7
42 29 7
42 30 7
42 31 7
42 32 7
42 33 7
42 34 7
42 35 7
42 36 19
42 37 19
42 38 19
42 39 19
42 40 19
42 41 19
42 42 19
42 43 19
42 44 19
42 45 19
42 46 15
42 47 15
42 48 15
42 49 15
42 50 15
42 51 15
42 52 15
42 53 15
43 11 26
43 12 26
43 13 26
43 14 26
43 15 26
43 16 26
43 17 26
43 18 26
43 19 26
43 20 26
43 21 26
43 22 26
43 23 26
43 24 7
43 25 7
43 26 7
43 27 7
43 28 7
43 29 7
43 30 7
43 31 7
43 32 7
43 33 7
43 34 7
43 35 7
43 36 19
43 37 19
43 38 19
43 39 19
43 40 19
43 41 19
43 42 19
43 43 19
43 44 19
43 45 19
43 46 15
43 47 15
43 48 15
43 49 15
43 50 15
43 51 15
43 52 15
43 53 15
44 10 26
44 11 26
44 12 26
44 13 26
44 14 26
44 15 26
44 16 26
44 17 26
44 18 26
44 19 26
44 20 26
44 21 26
44 22 26
44 23 26
44 24 7
44 25 7
44 26 7
44 27 7
44 28 7
44 29 7
44 30 7
44 31 7
44 32 7
44 33 7
44 34 7
44 35 7
44 36 19
44 37 19
44 38 19
44 39 19
44 40 19
44 41 19
44 42 19
44 43 19
44 44 19
44 45 19
44 46 15
44 47 15
44 48 15
44 49 15
44 50 15
44 51 15
44 52 15
44 53 15
44 54 15
45 9 26
45 10 26
45 11 26
45 12 26
45 13 26
45 14 26
45 15 26
45 16 26
45 17 26
45 18 26
45 19 26
45 20 26
45 21 26
45 22 26
45 23 26
45 24 7
45 25 7
45 26 7
45 27 7
45 28 7
45 29 7
45 30 7
45 31 7
45 32 7
45 33 7
45 34 7
45 35 7
45 36 19
45 37 19
45 38 19
45 39 19
45 40 19
45 41 19
45 42 19
45 43 19
45 44 19
45 45 19
45 46 15
45 47 15
45 48 15
45 49 15
45 50 15
45 51 15
45 52 15
45 53 15
45 54 15
46 9 26
46 10 26
46 11 26
46 12 26
46 13 26
46 14 26
46 15 26
46 16 26
46 17 26
46 18 26
46 19 26
46 20 26
46 21 26
46 22 26
46 23 26
46 24 7
46 25 7
46 26 7
46 27 7
46 28 7
46 29 7
46 30 7
46 31 7
46 32 7
46 33 7
46 34 7
46 35 7
46 36 19
46 37 19
46 38 19
46 39 19
46 40 19
46 41 19
46 42 19
46 43 19
46 44 19
46 45 19
46 46 15
46 47 15
46 48 15
46 49 15
46 50 15
46 51 15
46 52 15
46 53 15
46 54 15
47 8 2
47 9 2
47 10 26
47 11 26
47 12 26
47 13 26
47 14 26
47 15 26
47 16 26
47 17 26
47 18 26
47 19 26
47 20 26
47 21 26
47 22 26
47 23 26
47 24 7
47 25 7
47 26 7
47 27 7
47 28 7
47 29 7
47 30 7
47 31 7
47 32 7
47 33 7
47 34 7
47 35 7
47 36 19
47 37 19
47 38 19
47 39 19
47 40 19
47 41 19
47 42 19
47 43 19
47 44 19
47 45 19
47 46 15
47 47 15
47 48 15
47 49 15
47 50 15
47 51 15
47 52 15
47 53 15
47 54 15
48 7 2
48 8 2
48 9 2
48 10 26
48 11 26
48 12 26
48 13 26
48 14 26
48 15 26
48 16 26
48 17 26
48 18 26
48 19 26
48 20 26
48 21 26
48 22 26
48 23 26
48 24 7
48 25 7
48 26 7
48 27 7
48 28 7
48 29 7
48 30 7
48 31 7
48 32 7
48 33 7
48 34 7
48 35 7
48 36 19
48 37 19
48 38 19
48 39 19
48 40 19
48 41 19
48 42 19
48 43 19
48 44 19
48 45 19
48 46 15
48 47 15
48 48 15
48 49 15
48 50 15
48 51 15
48 52 15
48 53 15
48 54 15
49 6 2
49 7 2
49 8 2
49 9 2
49 10 2
49 11 26
49 12 26
49 13 26
49 14 26
49 15 26
49 16 26
49 17 26
49 18 26
49 19 26
49 20 26
49 21 26
49 22 26
49 23 26
49 24 7
49 25 7
49 26 7
49 27 7
49 28 7
49 29 7
49 30 7
49 31 7
49 32 7
49 33 7
49 34 3
49 35 3
49 36 3
49 37 3
49 38 3
49 39 19
49 40 19
49 41 19
49 42 19
49 43 19
49 44 19
49 45 19
49 46 15
49 47 15
49 48 15
49 49 15
49 50 15
49 51 15
49 52 15
49 53 15
49 54 15
50 5 2
50 6 2
50 7 2
50 8 2
50 9 2
50 10 2
50 11 5
50 12 5
50 13 5
50 14 5
50 15 5
50 16 5
50 17 5
50 18 5
50 19 26
50 20 26
50 21 26
50 22 26
50 23 26
50 24 28
50 25 28
50 26 28
50 27 28
50 28 28
50 29 28
50 30 3
50 31 3
50 32 3
50 33 3
50 34 3
50 35 3
50 36 3
50 37 3
50 38 3
50 39 19
50 40 19
50 41 19
50 42 19
50 43 19
50 44 19
50 45 19
50 46 15
50 47 15
50 48 15
50 49 15
50 50 15
50 51 15
50 52 15
50 53 15
50 54 15
50 55 15
51 5 2
51 6 2
51 7 2
51 8 2
51 9 2
51 10 2
51 11 5
51 12 5
51 13 5
51 14 5
51 15 5
51 16 5
51 17 5
51 18 5
51 19 5
51 20 5
51 21 28
51 22 28
51 23 28
51 24 28
51 25 28
51 26 28
51 27 28
51 28 28
51 29 28
51 30 3
51 31 3
51 32 3
51 33 3
51 34 3
51 35 3
51 36 3
51 37 3
51 38 3
51 39 3
51 40 19
51 41 19
51 42 19
51 43 19
51 44 19
51 45 19
51 46 15
51 47 15
51 48 15
51 49 15
51 50 15
51 51 15
51 52 15
51 53 15
51 54 15
51 55 15
52 4 2
52 5 2
52 6 2
52 7 2
52 8 2
52 9 2
52 10 2
52 11 5
52 12 5
52 13 5
52 14 5
52 15 5
52 16 5
52 17 5
52 18 5
52 19 5
52 20 5
52 21 28
52 22 28
52 23 28
52 24 28
52 25 28
52 26 28
52 27 28
52 28 28
52 29 28
52 30 3
52 31 3
52 32 3
52 33 3
52 34 3
52 35 3
52 36 3
52 37 3
52 38 3
52 39 3
52 40 3
52 41 19
52 42 19
52 43 19
52 44 19
52 45 19
52 46 15
52 47 15
52 48 15
52 49 15
52 50 15
52 51 15
52 52 15
52 53 15
52 54 15
52 55 15
53 3 2
53 4 2
53 5 2
53 6 2
53 7 2
53 8 2
53 9 2
53 10 2
53 11 5
53 12 5
53 13 5
53 14 5
53 15 5
53 16 5
53 17 5
53 18 5
53 19 5
53 20 28
53 21 28
53 22 28
53 23 28
53 24 28
53 25 28
53 26 28
53 27 28
53 28 28
53 29 28
53 30 3
53 31 3
53 32 3
53 33 3
53 34 3
53 35 3
53 36 3
53 37 3
53 38 3
53 39 3
53 40 3
53 41 19
53 42 19
53 43 19
53 44 19
53 45 21
53 46 21
53 47 21
53 48 21
53 49 15
53 50 15
53 51 9
53 52 9
53 53 9
53 54 9
53 55 9
54 2 2
54 3 2
54 4 2
54 5 2
54 6 2
54 7 2
54 8 2
54 9 2
54 10 2
54 11 5
54 12 5
54 13 5
54 14 5
54 15 5
54 16 5
54 17 5
54 18 5
54 19 5
54 20 28
54 21 28
54 22 28
54 23 28
54 24 28
54 25 28
54 26 28
54 27 28
54 28 28
54 29 28
54 30 3
54 31 3
54 32 3
54 33 3
54 34 3
54 35 3
54 36 3
54 37 3
54 38 3
54 39 3
54 40 3
54 41 21
54 42 21
54 43 21
54 44 21
54 45 21
54 46 21
54 47 21
54 48 21
54 49 9
54 50 9
54 51 9
54 52 9
54 53 9
54 54 9
54 55 9
55 1 2
55 2 2
55 3 2
55 4 2
55 5 2
55 6 2
55 7 2
55 8 2
55 9 2
55 10 2
55 11 5
55 12 5
55 13 5
55 14 5
55 15 5
55 16 5
55 17 5
55 18 5
55 19 5
55 20 28
55 21 28
55 22 28
55 23 28
55 24 28
55 25 28
55 26 28
55 27 28
55 28 28
55 29 28
55 30 3
55 31 3
55 32 3
55 33 3
55 34 3
55 35 3
55 36 3
55 37 3
55 38 3
55 39 3
55 40 3
55 41 21
55 42 21
55 43 21
55 44 21
55 45 21
55 46 21
55 47 21
55 48 21
55 49 9
55 50 9
55 51 9
55 52 9
55 53 9
55 54 9
55 55 9
55 56 9
56 2 2
56 3 2
56 4 2
56 5 2
56 6 2
56 7 2
56 8 2
56 9 2
56 10 2
56 11 5
56 12 5
56 13 5
56 14 5
56 15 5
56 16 5
56 17 5
56 18 5
56 19 5
56 20 28
56 21 28
56 22 28
56 23 28
56 24 28
56 25 28
56 26 28
56 27 28
56 28 28
56 29 28
56 30 3
56 31 3
56 32 3
56 33 3
56 34 3
56 35 3
56 36 3
56 37 3
56 38 3
56 39 3
56 40 3
56 41 21
56 42 21
56 43 21
56 44 21
56 45 21
56 46 21
56 47 21
56 48 21
56 49 9
56 50 9
56 51 9
56 52 9
56 53 9
56 54 9
56 55 9
56 56 9
57 3 2
57 4 2
57 5 2
57 6 2
57 7 2
57 8 2
57 9 2
57 10 2
57 11 5
57 12 5
57 13 5
57 14 5
57 15 5
57 16 5
57 17 5
57 18 5
57 19 5
57 20 28
57 21 28
57 22 28
57 23 28
57 24 28
57 25 28
57 26 28
57 27 28
57 28 28
57 29 28
57 30 3
57 31 3
57 32 3
57 33 3
57 34 3
57 35 3
57 36 3
57 37 3
57 38 3
57 39 3
57 40 3
57 41 21
57 42 21
57 43 21
57 44 21
57 45 21
57 46 21
57 47 21
57 48 21
57 49 9
57 50 9
57 51 9
57 52 9
57 53 9
57 54 9
57 55 9
57 56 9
58 4 2
58 5 2
58 6 2
58 7 2
58 8 2
58 9 2
58 10 2
58 11 5
58 12 5
58 13 5
58 14 5
58 15 5
58 16 5
58 17 5
58 18 5
58 19 5
58 20 28
58 21 28
58 22 28
58 23 28
58 24 28
58 25 28
58 26 28
58 27 28
58 28 28
58 29 28
58 30 3
58 31 3
58 32 3
58 33 3
58 34 3
58 35 3
58 36 3
58 37 3
58 38 3
58 39 3
58 40 3
58 41 21
58 42 21
58 43 21
58 44 21
58 45 21
58 46 21
58 47 21
58 48 21
58 49 9
58 50 9
58 51 9
58 52 9
58 53 9
58 54 9
58 55 9
58 56 9
59 5 2
59 6 2
59 7 2
59 8 2
59 9 2
59 10 2
59 11 5
59 12 5
59 13 5
59 14 5
59 15 5
59 16 5
59 17 5
59 18 5
59 19 5
59 20 28
59 21 28
59 22 28
59 23 28
59 24 28
59 25 28
59 26 28
59 27 28
59 28 28
59 29 28
59 30 3
59 31 3
59 32 3
59 33 3
59 34 25
59 35 25
59 36 25
59 37 25
59 38 25
59 39 25
59 40 25
59 41 21
59 42 21
59 43 21
59 44 21
59 45 21
59 46 21
59 47 21
59 48 21
59 49 9
59 50 9
59 51 9
59 52 9
59 53 9
59 54 9
59 55 9
59 56 9
60 6 2
60 7 2
60 8 2
60 9 2
60 10 2
60 11 5
60 12 5
60 13 5
60 14 5
60 15 5
60 16 5
60 17 5
60 18 5
60 19 5
60 20 28
60 21 28
60 22 28
60 23 28
60 24 28
60 25 28
60 26 28
60 27 28
60 28 28
60 29 28
60 30 3
60 31 3
60 32 3
60 33 3
60 34 25
60 35 25
60 36 25
60 37 25
60 38 25
60 39 25
60 40 25
60 41 21
60 42 21
60 43 21
60 44 21
60 45 21
60 46 21
60 47 21
60 48 21
60 49 9
60 50 9
60 51 9
60 52 9
60 53 9
60 54 9
60 55 9
60 56 9
61 7 2
61 8 2
61 9 2
61 10 2
61 11 5
61 12 5
61 13 5
61 14 5
61 15 5
61 16 5
61 17 5
61 18 5
61 19 5
61 20 28
61 21 28
61 22 28
61 23 28
61 24 28
61 25 11
61 26 11
61 27 11
61 28 11
61 29 11
61 30 11
61 31 11
61 32 11
61 33 25
61 34 25
61 35 25
61 36 25
61 37 25
61 38 25
61 39 25
61 40 25
61 41 21
61 42 21
61 43 21
61 44 21
61 45 21
61 46 21
61 47 21
61 48 21
61 49 9
61 50 9
61 51 9
61 52 9
61 53 9
61 54 9
61 55 9
61 56 9
61 57 9
62 8 2
62 9 2
62 10 2
62 11 2
62 12 2
62 13 6
62 14 6
62 15 6
62 16 6
62 17 6
62 18 6
62 19 6
62 20 6
62 21 6
62 22 6
62 23 6
62 24 11
62 25 11
62 26 11
62 27 11
62 28 11
62 29 11
62 30 11
62 31 11
62 32 11
62 33 25
62 34 25
62 35 25
62 36 25
62 37 25
62 38 25
62 39 25
62 40 25
62 41 21
62 42 21
62 43 21
62 44 21
62 45 21
62 46 21
62 47 21
62 48 21
62 49 9
62 50 9
62 51 9
62 52 9
62 53 9
62 54 9
62 55 9
62 56 9
62 57 9
63 9 2
63 10 2
63 11 2
63 12 2
63 13 6
63 14 6
63 15 6
63 16 6
63 17 6
63 18 6
63 19 6
63 20 6
63 21 6
63 22 6
63 23 6
63 24 11
63 25 11
63 26 11
63 27 11
63 28 11
63 29 11
63 30 11
63 31 11
63 32 11
63 33 25
63 34 25
63 35 25
63 36 25
63 37 25
63 38 25
63 39 25
63 40 25
63 41 21
63 42 21
63 43 21
63 44 21
63 45 21
63 46 21
63 47 21
63 48 21
63 49 9
63 50 9
63 51 9
63 52 9
63 53 9
63 54 9
63 55 9
63 56 9
63 57 9
64 10 2
64 11 2
64 12 2
64 13 6
64 14 6
64 15 6
64 16 6
64 17 6
64 18 6
64 19 6
64 20 6
64 21 6
64 22 6
64 23 6
64 24 11
64 25 11
64 26 11
64 27 11
64 28 11
64 29 11
64 30 11
64 31 11
64 32 11
64 33 25
64 34 25
64 35 25
64 36 25
64 37 25
64 38 25
64 39 25
64 40 25
64 41 21
64 42 21
64 43 21
64 44 21
64 45 21
64 46 21
64 47 21
64 48 21
64 49 9
64 50 9
64 51 9
64 52 9
64 53 9
64 54 9
64 55 9
64 56 9
64 57 9
65 11 2
65 12 2
65 13 6
65 14 6
65 15 6
65 16 6
65 17 6
65 18 6
65 19 6
65 20 6
65 21 6
65 22 6
65 23 6
65 24 11
65 25 11
65 26 11
65 27 11
65 28 11
65 29 11
65 30 11
65 31 11
65 32 11
65 33 25
65 34 25
65 35 25
65 36 25
65 37 25
65 38 25
65 39 25
65 40 25
65 41 25
65 42 21
65 43 21
65 44 21
65 45 21
65 46 21
65 47 21
65 48 21
65 49 9
65 50 9
65 51 9
65 52 9
65 53 9
65 54 9
65 55 9
65 56 9
65 57 9
66 12 6
66 13 6
66 14 6
66 15 6
66 16 6
66 17 6
66 18 6
66 19 6
66 20 6
66 21 6
66 22 6
66 23 6
66 24 11
66 25 11
66 26 11
66 27 11
66 28 11
66 29 11
66 30 11
66 31 11
66 32 11
66 33 25
66 34 25
66 35 25
66 36 25
66 37 25
66 38 25
66 39 25
66 40 25
66 41 25
66 42 21
66 43 21
66 44 21
66 45 21
66 46 21
66 47 21
66 48 21
66 49 9
66 50 9
66 51 9
66 52 9
66 53 10
66 54 10
66 55 10
66 56 10
66 57 10
67 13 6
67 14 6
67 15 6
67 16 6
67 17 6
67 18 6
67 19 6
67 20 6
67 21 6
67 22 6
67 23 6
67 24 11
67 25 11
67 26 11
67 27 11
67 28 11
67 29 11
67 30 11
67 31 11
67 32 11
67 33 25
67 34 25
67 35 25
67 36 25
67 37 25
67 38 25
67 39 25
67 40 25
67 41 25
67 42 21
67 43 21
67 44 21
67 45 8
67 46 8
67 47 8
67 48 8
67 49 8
67 50 8
67 51 8
67 52 8
67 53 10
67 54 10
67 55 10
67 56 10
67 57 10
67 58 10
68 14 6
68 15 6
68 16 6
68 17 6
68 18 6
68 19 6
68 20 6
68 21 6
68 22 6
68 23 6
68 24 11
68 25 11
68 26 11
68 27 11
68 28 11
68 29 11
68 30 11
68 31 11
68 32 11
68 33 25
68 34 25
68 35 25
68 36 25
68 37 25
68 38 25
68 39 25
68 40 25
68 41 25
68 42 8
68 43 8
68 44 8
68 45 8
68 46 8
68 47 8
68 48 8
68 49 8
68 50 8
68 51 8
68 52 8
68 53 10
68 54 10
68 55 10
68 56 10
68 57 10
68 58 10
69 15 6
69 16 6
69 17 6
69 18 6
69 19 6
69 20 6
69 21 6
69 22 6
69 23 6
69 24 11
69 25 11
69 26 11
69 27 11
69 28 11
69 29 11
69 30 11
69 31 11
69 32 11
69 33 25
69 34 25
69 35 25
69 36 25
69 37 25
69 38 25
69 39 25
69 40 25
69 41 25
69 42 8
69 43 8
69 44 8
69 45 8
69 46 8
69 47 8
69 48 8
69 49 8
69 50 8
69 51 8
69 52 8
69 53 10
69 54 10
69 55 10
69 56 10
69 57 10
69 58 10
70 16 6
70 17 6
70 18 6
70 19 6
70 20 6
70 21 6
70 22 6
70 23 6
70 24 11
70 25 11
70 26 11
70 27 11
70 28 11
70 29 11
70 30 11
70 31 11
70 32 11
70 33 25
70 34 25
70 35 25
70 36 25
70 37 25
70 38 25
70 39 25
70 40 25
70 41 25
70 42 8
70 43 8
70 44 8
70 45 8
70 46 8
70 47 8
70 48 8
70 49 8
70 50 8
70 51 8
70 52 8
70 53 10
70 54 10
70 55 10
70 56 10
70 57 10
70 58 10
71 17 6
71 18 6
71 19 6
71 20 6
71 21 6
71 22 6
71 23 11
71 24 11
71 25 11
71 26 11
71 27 11
71 28 11
71 29 11
71 30 11
71 31 11
71 32 11
71 33 25
71 34 25
71 35 25
71 36 25
71 37 25
71 38 25
71 39 25
71 40 25
71 41 25
71 42 8
71 43 8
71 44 8
71 45 8
71 46 8
71 47 8
71 48 8
71 49 8
71 50 8
71 51 8
71 52 8
71 53 10
71 54 10
71 55 10
71 56 10
71 57 10
71 58 10
72 18 6
72 19 6
72 20 6
72 21 6
72 22 6
72 23 11
72 24 11
72 25 11
72 26 11
72 27 11
72 28 11
72 29 11
72 30 11
72 31 11
72 32 11
72 33 17
72 34 17
72 35 17
72 36 17
72 37 17
72 38 17
72 39 17
72 40 17
72 41 17
72 42 17
72 43 8
72 44 8
72 45 8
72 46 8
72 47 8
72 48 8
72 49 8
72 50 8
72 51 8
72 52 8
72 53 10
72 54 10
72 55 10
72 56 10
72 57 10
72 58 10
72 59 10
73 19 6
73 20 6
73 21 6
73 22 6
73 23 27
73 24 27
73 25 27
73 26 27
73 27 27
73 28 27
73 29 27
73 30 27
73 31 27
73 32 27
73 33 17
73 34 17
73 35 17
73 36 17
73 37 17
73 38 17
73 39 17
73 40 17
73 41 17
73 42 17
73 43 8
73 44 8
73 45 8
73 46 8
73 47 8
73 48 8
73 49 8
73 50 8
73 51 8
73 52 8
73 53 10
73 54 10
73 55 10
73 56 10
73 57 10
73 58 10
73 59 10
74 20 27
74 21 27
74 22 27
74 23 27
74 24 27
74 25 27
74 26 27
74 27 27
74 28 27
74 29 27
74 30 27
74 31 27
74 32 27
74 33 17
74 34 17
74 35 17
74 36 17
74 37 17
74 38 17
74 39 17
74 40 17
74 41 17
74 42 17
74 43 8
74 44 8
74 45 8
74 46 8
74 47 8
74 48 8
74 49 8
74 50 8
74 51 8
74 52 8
74 53 10
74 54 10
74 55 10
74 56 10
74 57 10
74 58 10
74 59 10
75 20 27
75 21 27
75 22 27
75 23 27
75 24 27
75 25 27
75 26 27
75 27 27
75 28 27
75 29 27
75 30 27
75 31 27
75 32 27
75 33 17
75 34 17
75 35 17
75 36 17
75 37 17
75 38 17
75 39 17
75 40 17
75 41 17
75 42 17
75 43 8
75 44 8
75 45 8
75 46 8
75 47 8
75 48 8
75 49 8
75 50 8
75 51 8
75 52 10
75 53 10
75 54 10
75 55 10
75 56 10
75 57 10
75 58 10
75 59 10
76 21 27
76 22 27
76 23 27
76 24 27
76 25 27
76 26 27
76 27 27
76 28 27
76 29 27
76 30 27
76 31 27
76 32 27
76 33 17
76 34 17
76 35 17
76 36 17
76 37 17
76 38 17
76 39 17
76 40 17
76 41 17
76 42 17
76 43 8
76 44 8
76 45 8
76 46 8
76 47 8
76 48 8
76 49 8
76 50 8
76 51 8
76 52 10
76 53 10
76 54 10
76 55 10
76 56 10
76 57 10
76 58 10
76 59 10
77 22 27
77 23 27
77 24 27
77 25 27
77 26 27
77 27 27
77 28 27
77 29 27
77 30 27
77 31 27
77 32 27
77 33 17
77 34 17
77 35 17
77 36 17
77 37 17
77 38 17
77 39 17
77 40 17
77 41 17
77 42 17
77 43 8
77 44 8
77 45 8
77 46 8
77 47 8
77 48 8
77 49 8
77 50 8
77 51 8
77 52 10
77 53 10
77 54 10
77 55 10
77 56 10
77 57 10
77 58 10
77 59 10
78 23 27
78 24 27
78 25 27
78 26 27
78 27 27
78 28 27
78 29 27
78 30 27
78 31 27
78 32 27
78 33 17
78 34 17
78 35 17
78 36 17
78 37 17
78 38 17
78 39 17
78 40 17
78 41 17
78 42 17
78 43 16
78 44 16
78 45 16
78 46 16
78 47 16
78 48 16
78 49 16
78 50 16
78 51 16
78 52 10
78 53 10
78 54 10
78 55 10
78 56 10
78 57 10
78 58 10
78 59 10
78 60 10
79 24 27
79 25 27
79 26 27
79 27 27
79 28 27
79 29 27
79 30 27
79 31 27
79 32 27
79 33 17
79 34 17
79 35 17
79 36 17
79 37 17
79 38 17
79 39 17
79 40 17
79 41 17
79 42 17
79 43 16
79 44 16
79 45 16
79 46 16
79 47 16
79 48 16
79 49 16
79 50 16
79 51 16
79 52 10
79 53 10
79 54 10
79 55 10
79 56 10
79 57 10
79 58 10
79 59 10
79 60 10
80 25 27
80 26 27
80 27 27
80 28 27
80 29 27
80 30 27
80 31 27
80 32 27
80 33 17
80 34 17
80 35 17
80 36 17
80 37 17
80 38 17
80 39 17
80 40 17
80 41 17
80 42 17
80 43 16
80 44 16
80 45 16
80 46 16
80 47 16
80 48 16
80 49 16
80 50 16
80 51 16
80 52 10
80 53 10
80 54 10
80 55 10
80 56 10
80 57 10
80 58 10
80 59 10
80 60 10
81 26 27
81 27 27
81 28 27
81 29 27
81 30 27
81 31 27
81 32 27
81 33 17
81 34 17
81 35 17
81 36 17
81 37 17
81 38 17
81 39 17
81 40 17
81 41 17
81 42 17
81 43 16
81 44 16
81 45 16
81 46 16
81 47 16
81 48 16
81 49 16
81 50 16
81 51 16
81 52 10
81 53 10
81 54 4
81 55 4
81 56 4
81 57 4
81 58 4
81 59 4
81 60 4
82 27 27
82 28 27
82 29 27
82 30 27
82 31 27
82 32 27
82 33 23
82 34 17
82 35 17
82 36 17
82 37 17
82 38 17
82 39 17
82 40 17
82 41 17
82 42 17
82 43 16
82 44 16
82 45 16
82 46 16
82 47 16
82 48 16
82 49 16
82 50 16
82 51 16
82 52 4
82 53 4
82 54 4
82 55 4
82 56 4
82 57 4
82 58 4
82 59 4
82 60 4
83 28 27
83 29 27
83 30 27
83 31 27
83 32 27
83 33 23
83 34 23
83 35 23
83 36 23
83 37 23
83 38 23
83 39 23
83 40 23
83 41 23
83 42 23
83 43 23
83 44 16
83 45 16
83 46 16
83 47 16
83 48 16
83 49 16
83 50 16
83 51 16
83 52 4
83 53 4
83 54 4
83 55 4
83 56 4
83 57 4
83 58 4
83 59 4
83 60 4
84 29 27
84 30 27
84 31 27
84 32 27
84 33 23
84 34 23
84 35 23
84 36 23
84 37 23
84 38 23
84 39 23
84 40 23
84 41 23
84 42 23
84 43 23
84 44 16
84 45 16
84 46 16
84 47 16
84 48 16
84 49 16
84 50 4
84 51 4
84 52 4
84 53 4
84 54 4
84 55 4
84 56 4
84 57 4
84 58 4
84 59 4
84 60 4
84 61 4
85 30 27
85 31 23
85 32 23
85 33 23
85 34 23
85 35 23
85 36 23
85 37 23
85 38 23
85 39 23
85 40 23
85 41 23
85 42 23
85 43 23
85 44 16
85 45 16
85 46 16
85 47 16
85 48 16
85 49 16
85 50 4
85 51 4
85 52 4
85 53 4
85 54 4
85 55 4
85 56 4
85 57 4
85 58 4
85 59 4
85 60 4
85 61 4
86 31 23
86 32 23
86 33 23
86 34 23
86 35 23
86 36 23
86 37 23
86 38 23
86 39 23
86 40 23
86 41 23
86 42 23
86 43 23
86 44 16
86 45 16
86 46 16
86 47 16
86 48 16
86 49 16
86 50 4
86 51 4
86 52 4
86 53 4
86 54 4
86 55 4
86 56 4
86 57 4
86 58 4
86 59 4
86 60 4
86 61 4
87 32 23
87 33 23
87 34 23
87 35 23
87 36 23
87 37 23
87 38 23
87 39 23
87 40 23
87 41 23
87 42 23
87 43 23
87 44 16
87 45 16
87 46 16
87 47 16
87 48 16
87 49 16
87 50 4
87 51 4
87 52 4
87 53 4
87 54 4
87 55 4
87 56 4
87 57 4
87 58 4
87 59 4
87 60 4
87 61 4
88 33 23
88 34 23
88 35 23
88 36 23
88 37 23
88 38 23
88 39 23
88 40 23
88 41 23
88 42 23
88 43 23
88 44 16
88 45 16
88 46 16
88 47 16
88 48 16
88 49 16
88 50 4
88 51 4
88 52 4
88 53 4
88 54 4
88 55 4
88 56 4
88 57 4
88 58 4
88 59 4
88 60 4
88 61 4
89 35 23
89 36 23
89 37 23
89 38 23
89 39 23
89 40 23
89 41 23
89 42 23
89 43 23
89 44 16
89 45 16
89 46 16
89 47 16
89 48 16
89 49 16
89 50 4
89 51 4
89 52 4
89 53 4
89 54 4
89 55 4
89 56 4
89 57 4
89 58 4
89 59 4
89 60 4
89 61 4
90 36 23
90 37 23
90 38 23
90 39 23
90 40 23
90 41 23
90 42 23
90 43 23
90 44 16
90 45 16
90 46 16
90 47 16
90 48 16
90 49 16
90 50 4
90 51 4
90 52 4
90 53 4
90 54 4
90 55 4
90 56 4
90 57 4
91 37 23
91 38 23
91 39 23
91 40 23
91 41 23
91 42 23
91 43 23
91 44 16
91 45 16
91 46 16
91 47 16
91 48 16
91 49 16
91 50 4
91 51 4
91 52 4
91 53 4
92 38 23
92 39 23
92 40 23
92 41 23
92 42 23
92 43 23
92 44 16
92 45 16
92 46 16
92 47 16
92 48 16
92 49 16
93 39 23
93 40 23
93 41 23
93 42 23
93 43 23
93 44 16
93 45 16
94 40 23
94 41 23
