52 48 1635
39 1 8
40 1 8
41 1 11
42 1 11
43 1 11
44 1 11
45 1 11
46 1 11
47 1 11
48 1 11
35 2 8
36 2 8
37 2 8
38 2 8
39 2 8
40 2 8
41 2 11
42 2 11
43 2 11
44 2 11
45 2 11
46 2 11
47 2 11
48 2 11
49 2 11
31 3 8
32 3 8
33 3 8
34 3 8
35 3 8
36 3 8
37 3 8
38 3 8
39 3 8
40 3 8
41 3 11
42 3 11
43 3 11
44 3 11
45 3 11
46 3 11
47 3 11
48 3 11
49 3 11
50 3 11
29 4 8
30 4 8
31 4 8
32 4 8
33 4 8
34 4 8
35 4 8
36 4 8
37 4 8
38 4 8
39 4 8
40 4 8
41 4 11
42 4 11
43 4 11
44 4 11
45 4 11
46 4 11
47 4 11
48 4 11
49 4 11
50 4 11
51 4 11
26 5 8
27 5 8
28 5 8
29 5 8
30 5 8
31 5 8
32 5 8
33 5 8
34 5 8
35 5 8
36 5 8
37 5 8
38 5 8
39 5 8
40 5 8
41 5 11
42 5 11
43 5 11
44 5 11
45 5 11
46 5 11
47 5 11
48 5 11
49 5 11
50 5 11
25 6 8
26 6 8
27 6 8
28 6 8
29 6 8
30 6 8
31 6 8
32 6 8
33 6 8
34 6 8
35 6 8
36 6 8
37 6 8
38 6 8
39 6 8
40 6 8
41 6 11
42 6 11
43 6 11
44 6 11
45 6 11
46 6 11
47 6 11
48 6 11
49 6 11
50 6 11
23 7 4
24 7 4
25 7 4
26 7 8
27 7 8
28 7 8
29 7 8
30 7 8
31 7 8
32 7 8
33 7 8
34 7 8
35 7 8
36 7 8
37 7 8
38 7 8
39 7 8
40 7 8
41 7 11
42 7 11
43 7 11
44 7 11
45 7 11
46 7 11
47 7 11
48 7 11
49 7 11
50 7 11
22 8 4
23 8 4
24 8 4
25 8 4
26 8 8
27 8 8
28 8 8
29 8 8
30 8 8
31 8 8
32 8 8
33 8 8
34 8 8
35 8 8
36 8 8
37 8 8
38 8 8
39 8 8
40 8 11
41 8 11
42 8 11
43 8 11
44 8 11
45 8 11
46 8 11
47 8 11
48 8 11
49 8 11
50 8 11
20 9 4
21 9 4
22 9 4
23 9 4
24 9 4
25 9 4
26 9 8
27 9 8
28 9 8
29 9 8
30 9 8
31 9 8
32 9 8
33 9 8
34 9 8
35 9 8
36 9 8
37 9 8
38 9 8
39 9 8
40 9 11
41 9 11
42 9 11
43 9 11
44 9 11
45 9 11
46 9 11
47 9 11
48 9 11
49 9 11
50 9 11
19 10 4
20 10 4
21 10 4
22 10 4
23 10 4
24 10 4
25 10 4
26 10 6
27 10 6
28 10 6
29 10 6
30 10 6
31 10 6
32 10 6
33 10 6
34 10 6
35 10 8
36 10 8
37 10 8
38 10 8
39 10 8
40 10 11
41 10 11
42 10 11
43 10 11
44 10 11
45 10 11
46 10 11
47 10 11
48 10 11
49 10 11
50 10 11
17 11 4
18 11 4
19 11 4
20 11 4
21 11 4
22 11 4
23 11 4
24 11 4
25 11 4
26 11 6
27 11 6
28 11 6
29 11 6
30 11 6
31 11 6
32 11 6
33 11 6
34 11 6
35 11 2
36 11 2
37 11 2
38 11 2
39 11 2
40 11 2
41 11 2
42 11 2
43 11 11
44 11 11
45 11 11
46 11 11
47 11 11
48 11 11
49 11 11
50 11 11
16 12 4
17 12 4
18 12 4
19 12 4
20 12 4
21 12 4
22 12 4
23 12 4
24 12 4
25 12 6
26 12 6
27 12 6
28 12 6
29 12 6
30 12 6
31 12 6
32 12 6
33 12 6
34 12 6
35 12 2
36 12 2
37 12 2
38 12 2
39 12 2
40 12 2
41 12 2
42 12 2
43 12 2
44 12 2
45 12 2
46 12 2
47 12 2
48 12 2
49 12 2
50 12 2
14 13 4
15 13 4
16 13 4
17 13 4
18 13 4
19 13 4
20 13 4
21 13 4
22 13 4
23 13 4
24 13 4
25 13 6
26 13 6
27 13 6
28 13 6
29 13 6
30 13 6
31 13 6
32 13 6
33 13 6
34 13 6
35 13 2
36 13 2
37 13 2
38 13 2
39 13 2
40 13 2
41 13 2
42 13 2
43 13 2
44 13 2
45 13 2
46 13 2
47 13 2
48 13 2
49 13 2
50 13 2
12 14 4
13 14 4
14 14 4
15 14 4
16 14 4
17 14 4
18 14 4
19 14 4
20 14 4
21 14 4
22 14 4
23 14 4
24 14 4
25 14 6
26 14 6
27 14 6
28 14 6
29 14 6
30 14 6
31 14 6
32 14 6
33 14 6
34 14 6
35 14 2
36 14 2
37 14 2
38 14 2
39 14 2
40 14 2
41 14 2
42 14 2
43 14 2
44 14 2
45 14 2
46 14 2
47 14 2
48 14 2
49 14 2
50 14 2
11 15 14
12 15 4
13 15 4
14 15 4
15 15 4
16 15 4
17 15 4
18 15 4
19 15 4
20 15 4
21 15 4
22 15 4
23 15 4
24 15 4
25 15 6
26 15 6
27 15 6
28 15 6
29 15 6
30 15 6
31 15 6
32 15 6
33 15 6
34 15 6
35 15 2
36 15 2
37 15 2
38 15 2
39 15 2
40 15 2
41 15 2
42 15 2
43 15 2
44 15 2
45 15 2
46 15 2
47 15 2
48 15 2
49 15 2
10 16 14
11 16 14
12 16 14
13 16 4
14 16 4
15 16 4
16 16 4
17 16 4
18 16 4
19 16 4
20 16 4
21 16 4
22 16 4
23 16 4
24 16 4
25 16 6
26 16 6
27 16 6
28 16 6
29 16 6
30 16 6
31 16 6
32 16 6
33 16 6
34 16 6
35 16 2
36 16 2
37 16 2
38 16 2
39 16 2
40 16 2
41 16 2
42 16 2
43 16 2
44 16 2
45 16 2
46 16 2
47 16 2
48 16 2
49 16 2
9 17 14
10 17 14
11 17 14
12 17 14
13 17 14
14 17 4
15 17 4
16 17 4
17 17 4
18 17 4
19 17 4
20 17 4
21 17 4
22 17 4
23 17 4
24 17 4
25 17 6
26 17 6
27 17 6
28 17 6
29 17 6
30 17 6
31 17 6
32 17 6
33 17 6
34 17 6
35 17 2
36 17 2
37 17 2
38 17 2
39 17 2
40 17 2
41 17 2
42 17 2
43 17 2
44 17 2
45 17 2
46 17 2
47 17 2
48 17 2
49 17 2
8 18 14
9 18 14
10 18 14
11 18 14
12 18 14
13 18 14
14 18 4
15 18 4
16 18 4
17 18 4
18 18 4
19 18 4
20 18 4
21 18 4
22 18 4
23 18 4
24 18 4
25 18 6
26 18 6
27 18 6
28 18 6
29 18 6
30 18 6
31 18 6
32 18 6
33 18 6
34 18 6
35 18 2
36 18 2
37 18 2
38 18 2
39 18 2
40 18 2
41 18 2
42 18 2
43 18 7
44 18 7
45 18 7
46 18 7
47 18 7
48 18 7
49 18 7
7 19 14
8 19 14
9 19 14
10 19 14
11 19 14
12 19 14
13 19 14
14 19 1
15 19 1
16 19 1
17 19 1
18 19 1
19 19 1
20 19 1
21 19 1
22 19 1
23 19 1
24 19 1
25 19 6
26 19 6
27 19 6
28 19 6
29 19 6
30 19 6
31 19 6
32 19 13
33 19 13
34 19 13
35 19 13
36 19 13
37 19 13
38 19 13
39 19 7
40 19 7
41 19 7
42 19 7
43 19 7
44 19 7
45 19 7
46 19 7
47 19 7
48 19 7
49 19 7
6 20 14
7 20 14
8 20 14
9 20 14
10 20 14
11 20 14
12 20 14
13 20 14
14 20 1
15 20 1
16 20 1
17 20 1
18 20 1
19 20 1
20 20 1
21 20 1
22 20 1
23 20 1
24 20 1
25 20 6
26 20 6
27 20 6
28 20 6
29 20 6
30 20 6
31 20 6
32 20 13
33 20 13
34 20 13
35 20 13
36 20 13
37 20 13
38 20 13
39 20 7
40 20 7
41 20 7
42 20 7
43 20 7
44 20 7
45 20 7
46 20 7
47 20 7
48 20 7
49 20 7
5 21 14
6 21 14
7 21 14
8 21 14
9 21 14
10 21 14
11 21 14
12 21 14
13 21 14
14 21 1
15 21 1
16 21 1
17 21 1
18 21 1
19 21 1
20 21 1
21 21 1
22 21 1
23 21 1
24 21 1
25 21 6
26 21 6
27 21 6
28 21 6
29 21 6
30 21 6
31 21 6
32 21 13
33 21 13
34 21 13
35 21 13
36 21 13
37 21 13
38 21 13
39 21 7
40 21 7
41 21 7
42 21 7
43 21 7
44 21 7
45 21 7
46 21 7
47 21 7
48 21 7
49 21 7
4 22 14
5 22 14
6 22 14
7 22 14
8 22 14
9 22 14
10 22 14
11 22 14
12 22 14
13 22 14
14 22 1
15 22 1
16 22 1
17 22 1
18 22 1
19 22 1
20 22 1
21 22 1
22 22 1
23 22 1
24 22 1
25 22 13
26 22 13
27 22 13
28 22 13
29 22 13
30 22 13
31 22 13
32 22 13
33 22 13
34 22 13
35 22 13
36 22 13
37 22 13
38 22 13
39 22 7
40 22 7
41 22 7
42 22 7
43 22 7
44 22 7
45 22 7
46 22 7
47 22 7
48 22 7
49 22 7
3 23 14
4 23 14
5 23 14
6 23 14
7 23 14
8 23 14
9 23 14
10 23 14
11 23 14
12 23 14
13 23 14
14 23 1
15 23 1
16 23 1
17 23 1
18 23 1
19 23 1
20 23 1
21 23 1
22 23 1
23 23 1
24 23 1
25 23 13
26 23 13
27 23 13
28 23 13
29 23 13
30 23 13
31 23 13
32 23 13
33 23 13
34 23 13
35 23 13
36 23 13
37 23 13
38 23 13
39 23 7
40 23 7
41 23 7
42 23 7
43 23 7
44 23 7
45 23 7
46 23 7
47 23 7
48 23 7
49 23 7
2 24 14
3 24 14
4 24 14
5 24 14
6 24 14
7 24 14
8 24 14
9 24 14
10 24 14
11 24 14
12 24 14
13 24 14
14 24 1
15 24 1
16 24 1
17 24 1
18 24 1
19 24 1
20 24 1
21 24 1
22 24 1
23 24 1
24 24 1
25 24 13
26 24 13
27 24 13
28 24 13
29 24 13
30 24 13
31 24 13
32 24 13
33 24 13
34 24 13
35 24 13
36 24 13
37 24 13
38 24 13
39 24 7
40 24 7
41 24 7
42 24 7
43 24 7
44 24 7
45 24 7
46 24 7
47 24 7
48 24 7
49 24 7
1 25 14
2 25 14
3 25 14
4 25 14
5 25 14
6 25 14
7 25 14
8 25 14
9 25 14
10 25 14
11 25 14
12 25 14
13 25 14
14 25 1
15 25 1
16 25 1
17 25 1
18 25 1
19 25 1
20 25 1
21 25 1
22 25 1
23 25 1
24 25 1
25 25 13
26 25 13
27 25 13
28 25 13
29 25 13
30 25 13
31 25 13
32 25 13
33 25 13
34 25 13
35 25 13
36 25 13
37 25 13
38 25 13
39 25 7
40 25 7
41 25 7
42 25 7
43 25 7
44 25 7
45 25 7
46 25 7
47 25 7
48 25 7
2 26 14
3 26 14
4 26 14
5 26 14
6 26 14
7 26 14
8 26 14
9 26 14
10 26 14
11 26 14
12 26 14
13 26 14
14 26 1
15 26 1
16 26 1
17 26 1
18 26 1
19 26 1
20 26 1
21 26 1
22 26 1
23 26 1
24 26 1
25 26 13
26 26 13
27 26 13
28 26 13
29 26 13
30 26 13
31 26 13
32 26 13
33 26 13
34 26 13
35 26 13
36 26 13
37 26 13
38 26 13
39 26 7
40 26 7
41 26 7
42 26 7
43 26 7
44 26 7
45 26 7
46 26 7
47 26 7
2 27 14
3 27 14
4 27 14
5 27 14
6 27 14
7 27 14
8 27 14
9 27 14
10 27 14
11 27 14
12 27 14
13 27 14
14 27 1
15 27 1
16 27 1
17 27 1
18 27 1
19 27 1
20 27 1
21 27 1
22 27 1
23 27 1
24 27 1
25 27 13
26 27 13
27 27 13
28 27 13
29 27 13
30 27 13
31 27 13
32 27 13
33 27 13
34 27 13
35 27 13
36 27 13
37 27 13
38 27 13
39 27 7
40 27 7
41 27 7
42 27 7
43 27 7
44 27 7
45 27 7
46 27 7
47 27 7
3 28 5
4 28 5
5 28 5
6 28 5
7 28 5
8 28 5
9 28 5
10 28 5
11 28 5
12 28 5
13 28 5
14 28 5
15 28 1
16 28 1
17 28 1
18 28 1
19 28 1
20 28 1
21 28 1
22 28 1
23 28 1
24 28 1
25 28 15
26 28 15
27 28 15
28 28 15
29 28 15
30 28 15
31 28 15
32 28 15
33 28 15
34 28 15
35 28 13
36 28 13
37 28 13
38 28 13
39 28 7
40 28 7
41 28 7
42 28 7
43 28 7
44 28 7
45 28 7
46 28 7
3 29 5
4 29 5
5 29 5
6 29 5
7 29 5
8 29 5
9 29 5
10 29 5
11 29 5
12 29 5
13 29 5
14 29 5
15 29 9
16 29 9
17 29 9
18 29 9
19 29 9
20 29 9
21 29 9
22 29 9
23 29 9
24 29 9
25 29 15
26 29 15
27 29 15
28 29 15
29 29 15
30 29 15
31 29 15
32 29 15
33 29 15
34 29 15
35 29 10
36 29 10
37 29 10
38 29 10
39 29 10
40 29 10
41 29 10
42 29 10
43 29 10
44 29 10
45 29 10
46 29 10
3 30 5
4 30 5
5 30 5
6 30 5
7 30 5
8 30 5
9 30 5
10 30 5
11 30 5
12 30 5
13 30 5
14 30 5
15 30 9
16 30 9
17 30 9
18 30 9
19 30 9
20 30 9
21 30 9
22 30 9
23 30 9
24 30 9
25 30 15
26 30 15
27 30 15
28 30 15
29 30 15
30 30 15
31 30 15
32 30 15
33 30 15
34 30 15
35 30 10
36 30 10
37 30 10
38 30 10
39 30 10
40 30 10
41 30 10
42 30 10
43 30 10
44 30 10
45 30 10
4 31 5
5 31 5
6 31 5
7 31 5
8 31 5
9 31 5
10 31 5
11 31 5
12 31 5
13 31 5
14 31 5
15 31 9
16 31 9
17 31 9
18 31 9
19 31 9
20 31 9
21 31 9
22 31 9
23 31 9
24 31 9
25 31 15
26 31 15
27 31 15
28 31 15
29 31 15
30 31 15
31 31 15
32 31 15
33 31 15
34 31 15
35 31 10
36 31 10
37 31 10
38 31 10
39 31 10
40 31 10
41 31 10
42 31 10
43 31 10
44 31 10
45 31 10
4 32 5
5 32 5
6 32 5
7 32 5
8 32 5
9 32 5
10 32 5
11 32 5
12 32 5
13 32 5
14 32 5
15 32 9
16 32 9
17 32 9
18 32 9
19 32 9
20 32 9
21 32 9
22 32 9
23 32 9
24 32 9
25 32 15
26 32 15
27 32 15
28 32 15
29 32 15
30 32 15
31 32 15
32 32 15
33 32 15
34 32 15
35 32 10
36 32 10
37 32 10
38 32 10
39 32 10
40 32 10
41 32 10
42 32 10
43 32 10
44 32 10
5 33 5
6 33 5
7 33 5
8 33 5
9 33 5
10 33 5
11 33 5
12 33 5
13 33 5
14 33 5
15 33 9
16 33 9
17 33 9
18 33 9
19 33 9
20 33 9
21 33 9
22 33 9
23 33 9
24 33 9
25 33 15
26 33 15
27 33 15
28 33 15
29 33 15
30 33 15
31 33 15
32 33 15
33 33 15
34 33 15
35 33 10
36 33 10
37 33 10
38 33 10
39 33 10
40 33 10
41 33 10
42 33 10
43 33 10
44 33 10
5 34 5
6 34 5
7 34 5
8 34 5
9 34 5
10 34 5
11 34 5
12 34 5
13 34 5
14 34 9
15 34 9
16 34 9
17 34 9
18 34 9
19 34 9
20 34 9
21 34 9
22 34 9
23 34 9
24 34 9
25 34 15
26 34 15
27 34 15
28 34 15
29 34 15
30 34 15
31 34 15
32 34 15
33 34 15
34 34 15
35 34 10
36 34 10
37 34 10
38 34 10
39 34 10
40 34 10
41 34 10
42 34 10
43 34 10
5 35 5
6 35 5
7 35 5
8 35 5
9 35 5
10 35 5
11 35 5
12 35 5
13 35 5
14 35 9
15 35 9
16 35 9
17 35 9
18 35 9
19 35 9
20 35 9
21 35 9
22 35 9
23 35 9
24 35 9
25 35 15
26 35 15
27 35 15
28 35 15
29 35 15
30 35 15
31 35 15
32 35 15
33 35 15
34 35 15
35 35 10
36 35 10
37 35 10
38 35 10
39 35 10
40 35 10
41 35 10
42 35 10
43 35 10
6 36 5
7 36 5
8 36 5
9 36 5
10 36 5
11 36 5
12 36 5
13 36 5
14 36 9
15 36 9
16 36 9
17 36 9
18 36 9
19 36 9
20 36 9
21 36 9
22 36 9
23 36 9
24 36 9
25 36 15
26 36 15
27 36 15
28 36 15
29 36 15
30 36 15
31 36 15
32 36 15
33 36 15
34 36 15
35 36 10
36 36 10
37 36 10
38 36 10
39 36 10
40 36 10
41 36 10
42 36 10
6 37 5
7 37 5
8 37 5
9 37 5
10 37 5
11 37 5
12 37 5
13 37 5
14 37 9
15 37 9
16 37 9
17 37 9
18 37 9
19 37 9
20 37 9
21 37 9
22 37 9
23 37 9
24 37 9
25 37 15
26 37 15
27 37 15
28 37 15
29 37 15
30 37 15
31 37 15
32 37 15
33 37 15
34 37 15
35 37 10
36 37 10
37 37 10
38 37 10
39 37 10
40 37 10
41 37 10
7 38 5
8 38 5
9 38 5
10 38 5
11 38 5
12 38 5
13 38 5
14 38 9
15 38 9
16 38 9
17 38 9
18 38 9
19 38 9
20 38 9
21 38 9
22 38 9
23 38 9
24 38 9
25 38 15
26 38 15
27 38 15
28 38 15
29 38 15
30 38 15
31 38 15
32 38 15
33 38 15
34 38 10
35 38 10
36 38 10
37 38 10
38 38 10
39 38 10
40 38 10
7 39 3
8 39 3
9 39 3
10 39 3
11 39 3
12 39 3
13 39 3
14 39 3
15 39 3
16 39 3
17 39 3
18 39 9
19 39 9
20 39 9
21 39 9
22 39 12
23 39 12
24 39 12
25 39 12
26 39 12
27 39 12
28 39 12
29 39 12
30 39 12
31 39 12
32 39 12
33 39 12
34 39 10
35 39 10
36 39 10
37 39 10
38 39 10
39 39 10
7 40 3
8 40 3
9 40 3
10 40 3
11 40 3
12 40 3
13 40 3
14 40 3
15 40 3
16 40 3
17 40 3
18 40 3
19 40 3
20 40 3
21 40 12
22 40 12
23 40 12
24 40 12
25 40 12
26 40 12
27 40 12
28 40 12
29 40 12
30 40 12
31 40 12
32 40 12
33 40 12
34 40 10
35 40 10
36 40 10
37 40 10
38 40 10
8 41 3
9 41 3
10 41 3
11 41 3
12 41 3
13 41 3
14 41 3
15 41 3
16 41 3
17 41 3
18 41 3
19 41 3
20 41 3
21 41 12
22 41 12
23 41 12
24 41 12
25 41 12
26 41 12
27 41 12
28 41 12
29 41 12
30 41 12
31 41 12
32 41 12
33 41 12
34 41 12
35 41 10
36 41 10
37 41 10
8 42 3
9 42 3
10 42 3
11 42 3
12 42 3
13 42 3
14 42 3
15 42 3
16 42 3
17 42 3
18 42 3
19 42 3
20 42 3
21 42 12
22 42 12
23 42 12
24 42 12
25 42 12
26 42 12
27 42 12
28 42 12
29 42 12
30 42 12
31 42 12
32 42 12
33 42 12
34 42 12
35 42 10
8 43 3
9 43 3
10 43 3
11 43 3
12 43 3
13 43 3
14 43 3
15 43 3
16 43 3
17 43 3
18 43 3
19 43 3
20 43 3
21 43 12
22 43 12
23 43 12
24 43 12
25 43 12
26 43 12
27 43 12
28 43 12
29 43 12
30 43 12
31 43 12
32 43 12
33 43 12
34 43 12
9 44 3
10 44 3
11 44 3
12 44 3
13 44 3
14 44 3
15 44 3
16 44 3
17 44 3
18 44 3
19 44 3
20 44 3
21 44 12
22 44 12
23 44 12
24 44 12
25 44 12
26 44 12
27 44 12
28 44 12
29 44 12
30 44 12
31 44 12
32 44 12
9 45 3
10 45 3
11 45 3
12 45 3
13 45 3
14 45 3
15 45 3
16 45 3
17 45 3
18 45 3
19 45 3
20 45 3
21 45 12
22 45 12
23 45 12
24 45 12
25 45 12
26 45 12
27 45 12
28 45 12
29 45 12
30 45 12
31 45 12
32 45 12
10 46 3
11 46 3
12 46 3
13 46 3
14 46 3
15 46 3
16 46 3
17 46 3
18 46 3
19 46 3
20 46 3
21 46 12
22 46 12
23 46 12
24 46 12
25 46 12
26 46 12
27 46 12
28 46 12
29 46 12
30 46 12
11 47 3
12 47 3
13 47 3
14 47 3
15 47 3
16 47 3
17 47 3
18 47 3
19 47 3
20 47 3
21 47 12
22 47 12
23 47 12
24 47 12
25 47 12
26 47 12
27 47 12
28 47 12
