27 35 654
1 1 1
2 1 1
3 1 1
1 2 1
2 2 1
3 2 1
4 2 1
5 2 1
6 2 1
7 2 1
1 3 1
2 3 1
3 3 1
4 3 1
5 3 1
6 3 1
7 3 1
8 3 1
9 3 1
10 3 1
11 3 1
1 4 1
2 4 1
3 4 1
4 4 1
5 4 1
6 4 1
7 4 1
8 4 1
9 4 1
10 4 1
11 4 1
12 4 2
13 4 2
14 4 2
1 5 1
2 5 1
3 5 1
4 5 1
5 5 1
6 5 1
7 5 1
8 5 1
9 5 1
10 5 1
11 5 1
12 5 2
13 5 2
14 5 2
15 5 2
16 5 2
17 5 2
18 5 2
1 6 1
2 6 1
3 6 1
4 6 1
5 6 1
6 6 1
7 6 1
8 6 1
9 6 1
10 6 1
11 6 1
12 6 2
13 6 2
14 6 2
15 6 2
16 6 2
17 6 2
18 6 2
19 6 2
20 6 2
21 6 2
22 6 2
1 7 1
2 7 1
3 7 1
4 7 1
5 7 1
6 7 1
7 7 1
8 7 1
9 7 1
10 7 1
11 7 2
12 7 2
13 7 2
14 7 2
15 7 2
16 7 2
17 7 2
18 7 2
19 7 2
20 7 2
21 7 2
22 7 2
2 8 1
3 8 1
4 8 1
5 8 1
6 8 1
7 8 1
8 8 1
9 8 1
10 8 1
11 8 2
12 8 2
13 8 2
14 8 2
15 8 2
16 8 2
17 8 2
18 8 2
19 8 2
20 8 2
21 8 2
22 8 2
2 9 1
3 9 1
4 9 1
5 9 1
6 9 1
7 9 1
8 9 1
9 9 1
10 9 1
11 9 2
12 9 2
13 9 2
14 9 2
15 9 2
16 9 2
17 9 2
18 9 2
19 9 2
20 9 2
21 9 2
22 9 2
23 9 2
2 10 1
3 10 1
4 10 1
5 10 1
6 10 1
7 10 1
8 10 1
9 10 1
10 10 1
11 10 2
12 10 2
13 10 2
14 10 2
15 10 2
16 10 2
17 10 2
18 10 2
19 10 2
20 10 2
21 10 2
22 10 2
23 10 2
2 11 1
3 11 1
4 11 1
5 11 1
6 11 1
7 11 1
8 11 1
9 11 1
10 11 1
11 11 2
12 11 2
13 11 2
14 11 2
15 11 2
16 11 2
17 11 2
18 11 2
19 11 2
20 11 2
21 11 2
22 11 2
23 11 2
24 11 2
2 12 1
3 12 1
4 12 1
5 12 1
6 12 1
7 12 1
8 12 1
9 12 1
10 12 1
11 12 2
12 12 2
13 12 2
14 12 2
15 12 2
16 12 2
17 12 2
18 12 2
19 12 2
20 12 2
21 12 2
22 12 2
23 12 2
24 12 2
2 13 5
3 13 5
4 13 5
5 13 5
6 13 5
7 13 5
8 13 5
9 13 5
10 13 5
11 13 2
12 13 2
13 13 2
14 13 2
15 13 2
16 13 2
17 13 2
18 13 6
19 13 6
20 13 6
21 13 6
22 13 6
23 13 6
24 13 6
2 14 5
3 14 5
4 14 5
5 14 5
6 14 5
7 14 5
8 14 5
9 14 5
10 14 5
11 14 2
12 14 2
13 14 2
14 14 6
15 14 6
16 14 6
17 14 6
18 14 6
19 14 6
20 14 6
21 14 6
22 14 6
23 14 6
24 14 6
25 14 6
3 15 5
4 15 5
5 15 5
6 15 5
7 15 5
8 15 5
9 15 5
10 15 5
11 15 5
12 15 5
13 15 5
14 15 6
15 15 6
16 15 6
17 15 6
18 15 6
19 15 6
20 15 6
21 15 6
22 15 6
23 15 6
24 15 6
25 15 6
3 16 5
4 16 5
5 16 5
6 16 5
7 16 5
8 16 5
9 16 5
10 16 5
11 16 5
12 16 5
13 16 5
14 16 6
15 16 6
16 16 6
17 16 6
18 16 6
19 16 6
20 16 6
21 16 6
22 16 6
23 16 6
24 16 6
25 16 6
26 16 6
3 17 5
4 17 5
5 17 5
6 17 5
7 17 5
8 17 5
9 17 5
10 17 5
11 17 5
12 17 5
13 17 5
14 17 6
15 17 6
16 17 6
17 17 6
18 17 6
19 17 6
20 17 6
21 17 6
22 17 6
23 17 6
24 17 6
25 17 6
26 17 6
3 18 5
4 18 5
5 18 5
6 18 5
7 18 5
8 18 5
9 18 5
10 18 5
11 18 5
12 18 5
13 18 5
14 18 6
15 18 6
16 18 6
17 18 6
18 18 6
19 18 6
20 18 6
21 18 6
22 18 6
23 18 6
24 18 6
25 18 6
26 18 6
3 19 5
4 19 5
5 19 5
6 19 5
7 19 5
8 19 5
9 19 5
10 19 5
11 19 5
12 19 5
13 19 5
14 19 6
15 19 6
16 19 6
17 19 6
18 19 6
19 19 6
20 19 6
21 19 6
22 19 6
23 19 6
24 19 6
25 19 6
26 19 6
3 20 5
4 20 5
5 20 5
6 20 5
7 20 5
8 20 5
9 20 5
10 20 5
11 20 5
12 20 5
13 20 5
14 20 6
15 20 6
16 20 6
17 20 6
18 20 6
19 20 6
20 20 6
21 20 6
22 20 6
23 20 6
24 20 6
25 20 6
26 20 6
3 21 5
4 21 5
5 21 5
6 21 5
7 21 5
8 21 5
9 21 5
10 21 5
11 21 5
12 21 5
13 21 5
14 21 6
15 21 6
16 21 6
17 21 6
18 21 6
19 21 6
20 21 6
21 21 6
22 21 6
23 21 6
24 21 6
25 21 6
26 21 6
4 22 5
5 22 5
6 22 5
7 22 5
8 22 5
9 22 5
10 22 5
11 22 5
12 22 5
13 22 5
14 22 5
15 22 3
16 22 3
17 22 3
18 22 3
19 22 3
20 22 3
21 22 3
22 22 3
23 22 3
24 22 3
25 22 3
26 22 3
4 23 5
5 23 5
6 23 5
7 23 4
8 23 4
9 23 4
10 23 4
11 23 4
12 23 4
13 23 4
14 23 4
15 23 3
16 23 3
17 23 3
18 23 3
19 23 3
20 23 3
21 23 3
22 23 3
23 23 3
24 23 3
25 23 3
26 23 3
4 24 4
5 24 4
6 24 4
7 24 4
8 24 4
9 24 4
10 24 4
11 24 4
12 24 4
13 24 4
14 24 4
15 24 3
16 24 3
17 24 3
18 24 3
19 24 3
20 24 3
21 24 3
22 24 3
23 24 3
24 24 3
25 24 3
26 24 3
4 25 4
5 25 4
6 25 4
7 25 4
8 25 4
9 25 4
10 25 4
11 25 4
12 25 4
13 25 4
14 25 4
15 25 3
16 25 3
17 25 3
18 25 3
19 25 3
20 25 3
21 25 3
22 25 3
23 25 3
24 25 3
25 25 3
26 25 3
4 26 4
5 26 4
6 26 4
7 26 4
8 26 4
9 26 4
10 26 4
11 26 4
12 26 4
13 26 4
14 26 4
15 26 3
16 26 3
17 26 3
18 26 3
19 26 3
20 26 3
21 26 3
22 26 3
23 26 3
24 26 3
25 26 3
26 26 3
4 27 4
5 27 4
6 27 4
7 27 4
8 27 4
9 27 4
10 27 4
11 27 4
12 27 4
13 27 4
14 27 4
15 27 3
16 27 3
17 27 3
18 27 3
19 27 3
20 27 3
21 27 3
22 27 3
23 27 3
24 27 3
25 27 3
26 27 3
4 28 4
5 28 4
6 28 4
7 28 4
8 28 4
9 28 4
10 28 4
11 28 4
12 28 4
13 28 4
14 28 4
15 28 3
16 28 3
17 28 3
18 28 3
19 28 3
20 28 3
21 28 3
22 28 3
23 28 3
24 28 3
25 28 3
26 28 3
5 29 4
6 29 4
7 29 4
8 29 4
9 29 4
10 29 4
11 29 4
12 29 4
13 29 4
14 29 4
15 29 3
16 29 3
17 29 3
18 29 3
19 29 3
20 29 3
21 29 3
22 29 3
23 29 3
24 29 3
25 29 3
26 29 3
5 30 4
6 30 4
7 30 4
8 30 4
9 30 4
10 30 4
11 30 4
12 30 4
13 30 4
14 30 4
15 30 3
16 30 3
17 30 3
18 30 3
19 30 3
20 30 3
21 30 3
22 30 3
6 31 4
7 31 4
8 31 4
9 31 4
10 31 4
11 31 4
12 31 4
13 31 4
14 31 4
15 31 3
16 31 3
17 31 3
18 31 3
19 31 3
6 32 4
7 32 4
8 32 4
9 32 4
10 32 4
11 32 4
12 32 4
13 32 4
14 32 4
6 33 4
7 33 4
8 33 4
9 33 4
10 33 4
11 33 4
6 34 4
7 34 4
