60 35 1308
29 1 10
30 1 10
31 1 10
32 1 10
33 1 10
34 1 5
35 1 5
36 1 5
37 1 5
38 1 5
20 2 12
21 2 12
22 2 12
23 2 12
24 2 10
25 2 10
26 2 10
27 2 10
28 2 10
29 2 10
30 2 10
31 2 10
32 2 10
33 2 10
34 2 5
35 2 5
36 2 5
37 2 5
38 2 5
39 2 5
15 3 12
16 3 12
17 3 12
18 3 12
19 3 12
20 3 12
21 3 12
22 3 12
23 3 12
24 3 10
25 3 10
26 3 10
27 3 10
28 3 10
29 3 10
30 3 10
31 3 10
32 3 10
33 3 10
34 3 5
35 3 5
36 3 5
37 3 5
38 3 5
39 3 5
40 3 5
10 4 9
11 4 9
12 4 9
13 4 9
14 4 9
15 4 12
16 4 12
17 4 12
18 4 12
19 4 12
20 4 12
21 4 12
22 4 12
23 4 12
24 4 10
25 4 10
26 4 10
27 4 10
28 4 10
29 4 10
30 4 10
31 4 10
32 4 10
33 4 10
34 4 5
35 4 5
36 4 5
37 4 5
38 4 5
39 4 5
40 4 5
41 4 5
5 5 9
6 5 9
7 5 9
8 5 9
9 5 9
10 5 9
11 5 9
12 5 9
13 5 9
14 5 9
15 5 12
16 5 12
17 5 12
18 5 12
19 5 12
20 5 12
21 5 12
22 5 12
23 5 12
24 5 10
25 5 10
26 5 10
27 5 10
28 5 10
29 5 10
30 5 10
31 5 10
32 5 10
33 5 10
34 5 10
35 5 5
36 5 5
37 5 5
38 5 5
39 5 5
40 5 5
41 5 5
42 5 5
5 6 9
6 6 9
7 6 9
8 6 9
9 6 9
10 6 9
11 6 9
12 6 9
13 6 9
14 6 9
15 6 12
16 6 12
17 6 12
18 6 12
19 6 12
20 6 12
21 6 12
22 6 12
23 6 12
24 6 10
25 6 10
26 6 10
27 6 10
28 6 10
29 6 10
30 6 10
31 6 10
32 6 10
33 6 10
34 6 10
35 6 5
36 6 5
37 6 5
38 6 5
39 6 5
40 6 5
41 6 5
42 6 5
43 6 5
5 7 9
6 7 9
7 7 9
8 7 9
9 7 9
10 7 9
11 7 9
12 7 9
13 7 9
14 7 9
15 7 12
16 7 12
17 7 12
18 7 12
19 7 12
20 7 12
21 7 12
22 7 12
23 7 12
24 7 10
25 7 10
26 7 10
27 7 10
28 7 10
29 7 10
30 7 10
31 7 10
32 7 10
33 7 10
34 7 10
35 7 5
36 7 5
37 7 5
38 7 5
39 7 5
40 7 5
41 7 5
42 7 5
43 7 5
44 7 5
5 8 9
6 8 9
7 8 9
8 8 9
9 8 9
10 8 9
11 8 9
12 8 9
13 8 9
14 8 9
15 8 12
16 8 12
17 8 12
18 8 12
19 8 12
20 8 12
21 8 12
22 8 12
23 8 12
24 8 10
25 8 10
26 8 10
27 8 10
28 8 10
29 8 10
30 8 10
31 8 10
32 8 10
33 8 10
34 8 10
35 8 5
36 8 5
37 8 5
38 8 5
39 8 5
40 8 5
41 8 5
42 8 5
43 8 5
44 8 5
45 8 7
4 9 9
5 9 9
6 9 9
7 9 9
8 9 9
9 9 9
10 9 9
11 9 9
12 9 9
13 9 9
14 9 9
15 9 12
16 9 12
17 9 12
18 9 12
19 9 12
20 9 12
21 9 12
22 9 12
23 9 12
24 9 10
25 9 10
26 9 10
27 9 10
28 9 10
29 9 10
30 9 10
31 9 10
32 9 10
33 9 10
34 9 10
35 9 5
36 9 5
37 9 5
38 9 5
39 9 5
40 9 5
41 9 5
42 9 5
43 9 5
44 9 5
45 9 7
46 9 7
4 10 9
5 10 9
6 10 9
7 10 9
8 10 9
9 10 9
10 10 9
11 10 9
12 10 9
13 10 9
14 10 9
15 10 12
16 10 12
17 10 12
18 10 12
19 10 12
20 10 12
21 10 12
22 10 12
23 10 12
24 10 10
25 10 10
26 10 10
27 10 10
28 10 10
29 10 10
30 10 10
31 10 10
32 10 10
33 10 10
34 10 10
35 10 5
36 10 5
37 10 5
38 10 5
39 10 5
40 10 5
41 10 5
42 10 5
43 10 5
44 10 7
45 10 7
46 10 7
47 10 7
4 11 9
5 11 9
6 11 9
7 11 9
8 11 9
9 11 9
10 11 9
11 11 9
12 11 9
13 11 9
14 11 12
15 11 12
16 11 12
17 11 12
18 11 12
19 11 12
20 11 12
21 11 12
22 11 12
23 11 12
24 11 10
25 11 10
26 11 10
27 11 10
28 11 10
29 11 10
30 11 10
31 11 10
32 11 2
33 11 2
34 11 2
35 11 5
36 11 5
37 11 5
38 11 5
39 11 5
40 11 5
41 11 5
42 11 5
43 11 5
44 11 7
45 11 7
46 11 7
47 11 7
48 11 7
4 12 9
5 12 9
6 12 9
7 12 9
8 12 9
9 12 9
10 12 9
11 12 9
12 12 9
13 12 9
14 12 12
15 12 12
16 12 12
17 12 12
18 12 12
19 12 12
20 12 12
21 12 12
22 12 12
23 12 12
24 12 2
25 12 2
26 12 2
27 12 2
28 12 2
29 12 2
30 12 2
31 12 2
32 12 2
33 12 2
34 12 2
35 12 5
36 12 5
37 12 5
38 12 5
39 12 5
40 12 5
41 12 5
42 12 5
43 12 5
44 12 7
45 12 7
46 12 7
47 12 7
48 12 7
49 12 7
50 12 7
3 13 9
4 13 9
5 13 9
6 13 9
7 13 9
8 13 9
9 13 9
10 13 9
11 13 9
12 13 9
13 13 9
14 13 12
15 13 12
16 13 12
17 13 12
18 13 12
19 13 12
20 13 12
21 13 12
22 13 12
23 13 12
24 13 2
25 13 2
26 13 2
27 13 2
28 13 2
29 13 2
30 13 2
31 13 2
32 13 2
33 13 2
34 13 2
35 13 5
36 13 5
37 13 5
38 13 5
39 13 5
40 13 5
41 13 5
42 13 5
43 13 5
44 13 7
45 13 7
46 13 7
47 13 7
48 13 7
49 13 7
50 13 7
3 14 9
4 14 9
5 14 9
6 14 9
7 14 9
8 14 9
9 14 9
10 14 9
11 14 9
12 14 9
13 14 9
14 14 12
15 14 12
16 14 12
17 14 8
18 14 8
19 14 8
20 14 8
21 14 8
22 14 8
23 14 2
24 14 2
25 14 2
26 14 2
27 14 2
28 14 2
29 14 2
30 14 2
31 14 2
32 14 2
33 14 2
34 14 2
35 14 6
36 14 6
37 14 6
38 14 6
39 14 6
40 14 6
41 14 6
42 14 6
43 14 6
44 14 7
45 14 7
46 14 7
47 14 7
48 14 7
49 14 7
50 14 7
3 15 3
4 15 3
5 15 3
6 15 3
7 15 3
8 15 3
9 15 3
10 15 3
11 15 3
12 15 3
13 15 3
14 15 3
15 15 8
16 15 8
17 15 8
18 15 8
19 15 8
20 15 8
21 15 8
22 15 8
23 15 2
24 15 2
25 15 2
26 15 2
27 15 2
28 15 2
29 15 2
30 15 2
31 15 2
32 15 2
33 15 2
34 15 2
35 15 6
36 15 6
37 15 6
38 15 6
39 15 6
40 15 6
41 15 6
42 15 6
43 15 6
44 15 6
45 15 7
46 15 7
47 15 7
48 15 7
49 15 7
50 15 7
51 15 7
3 16 3
4 16 3
5 16 3
6 16 3
7 16 3
8 16 3
9 16 3
10 16 3
11 16 3
12 16 3
13 16 3
14 16 3
15 16 8
16 16 8
17 16 8
18 16 8
19 16 8
20 16 8
21 16 8
22 16 8
23 16 2
24 16 2
25 16 2
26 16 2
27 16 2
28 16 2
29 16 2
30 16 2
31 16 2
32 16 2
33 16 2
34 16 2
35 16 6
36 16 6
37 16 6
38 16 6
39 16 6
40 16 6
41 16 6
42 16 6
43 16 6
44 16 6
45 16 7
46 16 7
47 16 7
48 16 7
49 16 7
50 16 7
51 16 7
2 17 3
3 17 3
4 17 3
5 17 3
6 17 3
7 17 3
8 17 3
9 17 3
10 17 3
11 17 3
12 17 3
13 17 3
14 17 3
15 17 8
16 17 8
17 17 8
18 17 8
19 17 8
20 17 8
21 17 8
22 17 8
23 17 2
24 17 2
25 17 2
26 17 2
27 17 2
28 17 2
29 17 2
30 17 2
31 17 2
32 17 2
33 17 2
34 17 2
35 17 6
36 17 6
37 17 6
38 17 6
39 17 6
40 17 6
41 17 6
42 17 6
43 17 6
44 17 6
45 17 7
46 17 7
47 17 7
48 17 7
49 17 7
50 17 7
51 17 7
52 17 7
2 18 3
3 18 3
4 18 3
5 18 3
6 18 3
7 18 3
8 18 3
9 18 3
10 18 3
11 18 3
12 18 3
13 18 3
14 18 3
15 18 8
16 18 8
17 18 8
18 18 8
19 18 8
20 18 8
21 18 8
22 18 8
23 18 2
24 18 2
25 18 2
26 18 2
27 18 2
28 18 2
29 18 2
30 18 2
31 18 2
32 18 2
33 18 2
34 18 2
35 18 6
36 18 6
37 18 6
38 18 6
39 18 6
40 18 6
41 18 6
42 18 6
43 18 6
44 18 6
45 18 7
46 18 7
47 18 7
48 18 7
49 18 7
50 18 7
51 18 7
52 18 7
2 19 3
3 19 3
4 19 3
5 19 3
6 19 3
7 19 3
8 19 3
9 19 3
10 19 3
11 19 3
12 19 3
13 19 3
14 19 3
15 19 8
16 19 8
17 19 8
18 19 8
19 19 8
20 19 8
21 19 8
22 19 8
23 19 2
24 19 2
25 19 2
26 19 2
27 19 2
28 19 2
29 19 2
30 19 2
31 19 2
32 19 2
33 19 2
34 19 2
35 19 6
36 19 6
37 19 6
38 19 6
39 19 6
40 19 6
41 19 6
42 19 6
43 19 6
44 19 6
45 19 7
46 19 7
47 19 7
48 19 7
49 19 7
50 19 7
51 19 7
52 19 7
2 20 3
3 20 3
4 20 3
5 20 3
6 20 3
7 20 3
8 20 3
9 20 3
10 20 3
11 20 3
12 20 3
13 20 3
14 20 3
15 20 8
16 20 8
17 20 8
18 20 8
19 20 8
20 20 8
21 20 8
22 20 8
23 20 2
24 20 2
25 20 2
26 20 2
27 20 2
28 20 2
29 20 2
30 20 2
31 20 2
32 20 2
33 20 2
34 20 2
35 20 6
36 20 6
37 20 6
38 20 6
39 20 6
40 20 6
41 20 6
42 20 6
43 20 6
44 20 6
45 20 7
46 20 7
47 20 7
48 20 7
49 20 7
50 20 7
51 20 7
52 20 7
53 20 7
1 21 3
2 21 3
3 21 3
4 21 3
5 21 3
6 21 3
7 21 3
8 21 3
9 21 3
10 21 3
11 21 3
12 21 3
13 21 3
14 21 3
15 21 8
16 21 8
17 21 8
18 21 8
19 21 8
20 21 8
21 21 8
22 21 8
23 21 8
24 21 11
25 21 11
26 21 11
27 21 11
28 21 11
29 21 11
30 21 11
31 21 11
32 21 11
33 21 11
34 21 11
35 21 6
36 21 6
37 21 6
38 21 6
39 21 6
40 21 6
41 21 6
42 21 6
43 21 6
44 21 6
45 21 7
46 21 7
47 21 7
48 21 7
49 21 7
50 21 7
51 21 7
52 21 7
53 21 7
5 22 3
6 22 3
7 22 3
8 22 3
9 22 3
10 22 3
11 22 3
12 22 3
13 22 3
14 22 3
15 22 8
16 22 8
17 22 8
18 22 8
19 22 8
20 22 8
21 22 8
22 22 8
23 22 8
24 22 11
25 22 11
26 22 11
27 22 11
28 22 11
29 22 11
30 22 11
31 22 11
32 22 11
33 22 11
34 22 11
35 22 6
36 22 6
37 22 6
38 22 6
39 22 6
40 22 6
41 22 6
42 22 6
43 22 6
44 22 6
45 22 7
46 22 7
47 22 7
48 22 7
49 22 7
50 22 7
51 22 7
52 22 7
53 22 7
54 22 7
8 23 3
9 23 3
10 23 3
11 23 3
12 23 3
13 23 3
14 23 8
15 23 8
16 23 8
17 23 8
18 23 8
19 23 8
20 23 8
21 23 8
22 23 8
23 23 8
24 23 11
25 23 11
26 23 11
27 23 11
28 23 11
29 23 11
30 23 11
31 23 11
32 23 11
33 23 11
34 23 11
35 23 6
36 23 6
37 23 6
38 23 6
39 23 6
40 23 6
41 23 6
42 23 6
43 23 6
44 23 6
45 23 7
46 23 7
47 23 7
48 23 7
49 23 7
50 23 7
51 23 7
52 23 7
53 23 7
54 23 7
11 24 3
12 24 3
13 24 3
14 24 8
15 24 8
16 24 8
17 24 8
18 24 8
19 24 8
20 24 8
21 24 8
22 24 8
23 24 11
24 24 11
25 24 11
26 24 11
27 24 11
28 24 11
29 24 11
30 24 11
31 24 11
32 24 11
33 24 11
34 24 11
35 24 6
36 24 6
37 24 6
38 24 6
39 24 6
40 24 6
41 24 6
42 24 6
43 24 6
44 24 6
45 24 4
46 24 4
47 24 4
48 24 4
49 24 4
50 24 4
51 24 4
52 24 4
53 24 4
54 24 4
14 25 8
15 25 8
16 25 8
17 25 8
18 25 8
19 25 8
20 25 8
21 25 8
22 25 8
23 25 11
24 25 11
25 25 11
26 25 11
27 25 11
28 25 11
29 25 11
30 25 11
31 25 11
32 25 11
33 25 11
34 25 11
35 25 1
36 25 1
37 25 1
38 25 1
39 25 1
40 25 1
41 25 1
42 25 1
43 25 1
44 25 1
45 25 4
46 25 4
47 25 4
48 25 4
49 25 4
50 25 4
51 25 4
52 25 4
53 25 4
54 25 4
55 25 4
17 26 8
18 26 8
19 26 8
20 26 8
21 26 8
22 26 8
23 26 11
24 26 11
25 26 11
26 26 11
27 26 11
28 26 11
29 26 11
30 26 11
31 26 11
32 26 11
33 26 11
34 26 11
35 26 1
36 26 1
37 26 1
38 26 1
39 26 1
40 26 1
41 26 1
42 26 1
43 26 1
44 26 1
45 26 4
46 26 4
47 26 4
48 26 4
49 26 4
50 26 4
51 26 4
52 26 4
53 26 4
54 26 4
55 26 4
20 27 8
21 27 8
22 27 8
23 27 11
24 27 11
25 27 11
26 27 11
27 27 11
28 27 11
29 27 11
30 27 11
31 27 11
32 27 11
33 27 11
34 27 11
35 27 1
36 27 1
37 27 1
38 27 1
39 27 1
40 27 1
41 27 1
42 27 1
43 27 1
44 27 1
45 27 4
46 27 4
47 27 4
48 27 4
49 27 4
50 27 4
51 27 4
52 27 4
53 27 4
54 27 4
55 27 4
56 27 4
23 28 11
24 28 11
25 28 11
26 28 11
27 28 11
28 28 11
29 28 11
30 28 11
31 28 11
32 28 11
33 28 11
34 28 11
35 28 1
36 28 1
37 28 1
38 28 1
39 28 1
40 28 1
41 28 1
42 28 1
43 28 1
44 28 1
45 28 1
46 28 1
47 28 4
48 28 4
49 28 4
50 28 4
51 28 4
52 28 4
53 28 4
54 28 4
55 28 4
56 28 4
26 29 11
27 29 11
28 29 11
29 29 11
30 29 11
31 29 11
32 29 11
33 29 11
34 29 11
35 29 1
36 29 1
37 29 1
38 29 1
39 29 1
40 29 1
41 29 1
42 29 1
43 29 1
44 29 1
45 29 1
46 29 1
47 29 4
48 29 4
49 29 4
50 29 4
51 29 4
52 29 4
53 29 4
54 29 4
55 29 4
56 29 4
29 30 11
30 30 11
31 30 11
32 30 11
33 30 11
34 30 1
35 30 1
36 30 1
37 30 1
38 30 1
39 30 1
40 30 1
41 30 1
42 30 1
43 30 1
44 30 1
45 30 1
46 30 1
47 30 4
48 30 4
49 30 4
50 30 4
51 30 4
52 30 4
53 30 4
54 30 4
55 30 4
56 30 4
57 30 4
32 31 11
33 31 11
34 31 1
35 31 1
36 31 1
37 31 1
38 31 1
39 31 1
40 31 1
41 31 1
42 31 1
43 31 1
44 31 1
45 31 1
46 31 1
47 31 4
48 31 4
49 31 4
50 31 4
51 31 4
52 31 4
53 31 4
54 31 4
55 31 4
56 31 4
57 31 4
34 32 1
35 32 1
36 32 1
37 32 1
38 32 1
39 32 1
40 32 1
41 32 1
42 32 1
43 32 1
44 32 1
45 32 1
46 32 1
47 32 4
48 32 4
49 32 4
50 32 4
51 32 4
52 32 4
53 32 4
54 32 4
55 32 4
56 32 4
57 32 4
58 32 4
59 32 4
37 33 1
38 33 1
39 33 1
40 33 1
41 33 1
42 33 1
43 33 1
44 33 1
45 33 1
46 33 1
47 33 4
48 33 4
49 33 4
50 33 4
51 33 4
52 33 4
53 33 4
54 33 4
55 33 4
56 33 4
40 34 1
41 34 1
42 34 1
43 34 1
44 34 1
45 34 1
