48 58 1744
1 33 10
2 30 10
2 31 10
2 32 10
2 33 10
2 34 10
3 27 15
3 28 15
3 29 10
3 30 10
3 31 10
3 32 10
3 33 10
3 34 10
3 35 10
4 24 15
4 25 15
4 26 15
4 27 15
4 28 15
4 29 10
4 30 10
4 31 10
4 32 10
4 33 10
4 34 10
4 35 10
4 36 10
5 21 15
5 22 15
5 23 15
5 24 15
5 25 15
5 26 15
5 27 15
5 28 15
5 29 10
5 30 10
5 31 10
5 32 10
5 33 10
5 34 10
5 35 10
5 36 10
6 18 1
6 19 1
6 20 1
6 21 15
6 22 15
6 23 15
6 24 15
6 25 15
6 26 15
6 27 15
6 28 15
6 29 10
6 30 10
6 31 10
6 32 10
6 33 10
6 34 10
6 35 10
6 36 10
6 37 10
7 15 1
7 16 1
7 17 1
7 18 1
7 19 1
7 20 1
7 21 15
7 22 15
7 23 15
7 24 15
7 25 15
7 26 15
7 27 15
7 28 15
7 29 10
7 30 10
7 31 10
7 32 10
7 33 10
7 34 10
7 35 10
7 36 10
7 37 10
7 38 10
8 12 1
8 13 1
8 14 1
8 15 1
8 16 1
8 17 1
8 18 1
8 19 1
8 20 1
8 21 15
8 22 15
8 23 15
8 24 15
8 25 15
8 26 15
8 27 15
8 28 15
8 29 10
8 30 10
8 31 10
8 32 10
8 33 10
8 34 10
8 35 10
8 36 10
8 37 10
8 38 10
8 39 10
9 9 9
9 10 9
9 11 9
9 12 1
9 13 1
9 14 1
9 15 1
9 16 1
9 17 1
9 18 1
9 19 1
9 20 1
9 21 1
9 22 15
9 23 15
9 24 15
9 25 15
9 26 15
9 27 15
9 28 15
9 29 10
9 30 10
9 31 10
9 32 10
9 33 10
9 34 10
9 35 10
9 36 10
9 37 10
9 38 10
9 39 10
10 8 9
10 9 9
10 10 9
10 11 9
10 12 9
10 13 1
10 14 1
10 15 1
10 16 1
10 17 1
10 18 1
10 19 1
10 20 1
10 21 1
10 22 15
10 23 15
10 24 15
10 25 15
10 26 15
10 27 15
10 28 15
10 29 10
10 30 10
10 31 10
10 32 10
10 33 10
10 34 10
10 35 10
10 36 10
10 37 10
10 38 10
10 39 10
10 40 10
11 7 9
11 8 9
11 9 9
11 10 9
11 11 9
11 12 9
11 13 1
11 14 1
11 15 1
11 16 1
11 17 1
11 18 1
11 19 1
11 20 1
11 21 1
11 22 15
11 23 15
11 24 15
11 25 15
11 26 15
11 27 15
11 28 15
11 29 10
11 30 10
11 31 10
11 32 10
11 33 10
11 34 10
11 35 10
11 36 10
11 37 10
11 38 13
11 39 13
11 40 13
11 41 13
12 7 9
12 8 9
12 9 9
12 10 9
12 11 9
12 12 9
12 13 1
12 14 1
12 15 1
12 16 1
12 17 1
12 18 1
12 19 1
12 20 1
12 21 1
12 22 15
12 23 15
12 24 15
12 25 15
12 26 15
12 27 15
12 28 15
12 29 10
12 30 10
12 31 10
12 32 10
12 33 10
12 34 10
12 35 10
12 36 10
12 37 10
12 38 13
12 39 13
12 40 13
12 41 13
13 7 9
13 8 9
13 9 9
13 10 9
13 11 9
13 12 9
13 13 1
13 14 1
13 15 1
13 16 1
13 17 1
13 18 1
13 19 1
13 20 1
13 21 1
13 22 15
13 23 15
13 24 15
13 25 15
13 26 15
13 27 15
13 28 15
13 29 10
13 30 10
13 31 10
13 32 10
13 33 10
13 34 10
13 35 10
13 36 10
13 37 10
13 38 13
13 39 13
13 40 13
13 41 13
13 42 13
14 6 9
14 7 9
14 8 9
14 9 9
14 10 9
14 11 9
14 12 9
14 13 1
14 14 1
14 15 1
14 16 1
14 17 1
14 18 1
14 19 1
14 20 1
14 21 1
14 22 15
14 23 15
14 24 15
14 25 15
14 26 15
14 27 15
14 28 15
14 29 12
14 30 12
14 31 12
14 32 12
14 33 12
14 34 12
14 35 12
14 36 12
14 37 12
14 38 13
14 39 13
14 40 13
14 41 13
14 42 13
14 43 13
15 6 9
15 7 9
15 8 9
15 9 9
15 10 9
15 11 9
15 12 9
15 13 1
15 14 1
15 15 1
15 16 1
15 17 1
15 18 1
15 19 1
15 20 1
15 21 1
15 22 15
15 23 15
15 24 15
15 25 15
15 26 15
15 27 15
15 28 15
15 29 12
15 30 12
15 31 12
15 32 12
15 33 12
15 34 12
15 35 12
15 36 12
15 37 12
15 38 13
15 39 13
15 40 13
15 41 13
15 42 13
15 43 13
15 44 13
16 6 9
16 7 9
16 8 9
16 9 9
16 10 9
16 11 9
16 12 9
16 13 1
16 14 1
16 15 1
16 16 1
16 17 1
16 18 1
16 19 1
16 20 1
16 21 1
16 22 15
16 23 15
16 24 15
16 25 15
16 26 15
16 27 15
16 28 15
16 29 12
16 30 12
16 31 12
16 32 12
16 33 12
16 34 12
16 35 12
16 36 12
16 37 12
16 38 13
16 39 13
16 40 13
16 41 13
16 42 13
16 43 13
16 44 13
17 5 9
17 6 9
17 7 9
17 8 9
17 9 9
17 10 9
17 11 9
17 12 9
17 13 1
17 14 1
17 15 1
17 16 1
17 17 1
17 18 1
17 19 1
17 20 1
17 21 1
17 22 15
17 23 15
17 24 15
17 25 15
17 26 15
17 27 15
17 28 15
17 29 12
17 30 12
17 31 12
17 32 12
17 33 12
17 34 12
17 35 12
17 36 12
17 37 12
17 38 13
17 39 13
17 40 13
17 41 13
17 42 13
17 43 13
17 44 13
17 45 13
18 5 9
18 6 9
18 7 9
18 8 9
18 9 9
18 10 9
18 11 9
18 12 9
18 13 1
18 14 1
18 15 1
18 16 1
18 17 1
18 18 1
18 19 1
18 20 1
18 21 1
18 22 15
18 23 15
18 24 15
18 25 15
18 26 15
18 27 15
18 28 15
18 29 12
18 30 12
18 31 12
18 32 12
18 33 12
18 34 12
18 35 12
18 36 12
18 37 12
18 38 13
18 39 13
18 40 13
18 41 13
18 42 13
18 43 13
18 44 13
18 45 13
18 46 13
19 5 9
19 6 9
19 7 9
19 8 9
19 9 9
19 10 9
19 11 9
19 12 9
19 13 7
19 14 7
19 15 7
19 16 7
19 17 7
19 18 7
19 19 7
19 20 7
19 21 7
19 22 7
19 23 7
19 24 7
19 25 7
19 26 7
19 27 7
19 28 7
19 29 12
19 30 12
19 31 12
19 32 12
19 33 12
19 34 12
19 35 12
19 36 12
19 37 12
19 38 13
19 39 13
19 40 13
19 41 13
19 42 13
19 43 13
19 44 13
19 45 13
19 46 13
19 47 13
20 4 9
20 5 9
20 6 9
20 7 9
20 8 9
20 9 9
20 10 9
20 11 9
20 12 9
20 13 7
20 14 7
20 15 7
20 16 7
20 17 7
20 18 7
20 19 7
20 20 7
20 21 7
20 22 7
20 23 7
20 24 7
20 25 7
20 26 7
20 27 7
20 28 7
20 29 12
20 30 12
20 31 12
20 32 12
20 33 12
20 34 12
20 35 12
20 36 12
20 37 12
20 38 13
20 39 13
20 40 13
20 41 13
20 42 13
20 43 13
20 44 13
20 45 13
20 46 13
20 47 13
21 4 9
21 5 9
21 6 9
21 7 9
21 8 9
21 9 9
21 10 9
21 11 9
21 12 9
21 13 7
21 14 7
21 15 7
21 16 7
21 17 7
21 18 7
21 19 7
21 20 7
21 21 7
21 22 7
21 23 7
21 24 7
21 25 7
21 26 7
21 27 7
21 28 7
21 29 12
21 30 12
21 31 12
21 32 12
21 33 12
21 34 12
21 35 12
21 36 12
21 37 12
21 38 13
21 39 13
21 40 13
21 41 13
21 42 13
21 43 13
21 44 13
21 45 13
21 46 13
21 47 13
21 48 13
22 3 9
22 4 9
22 5 9
22 6 9
22 7 9
22 8 9
22 9 9
22 10 9
22 11 9
22 12 9
22 13 7
22 14 7
22 15 7
22 16 7
22 17 7
22 18 7
22 19 7
22 20 7
22 21 7
22 22 7
22 23 7
22 24 7
22 25 7
22 26 7
22 27 7
22 28 7
22 29 12
22 30 12
22 31 12
22 32 12
22 33 12
22 34 12
22 35 12
22 36 12
22 37 12
22 38 13
22 39 13
22 40 13
22 41 13
22 42 13
22 43 13
22 44 13
22 45 13
22 46 13
22 47 13
22 48 13
23 3 9
23 4 9
23 5 9
23 6 9
23 7 9
23 8 9
23 9 9
23 10 9
23 11 9
23 12 9
23 13 7
23 14 7
23 15 7
23 16 7
23 17 7
23 18 7
23 19 7
23 20 7
23 21 7
23 22 7
23 23 7
23 24 7
23 25 7
23 26 7
23 27 7
23 28 7
23 29 12
23 30 12
23 31 12
23 32 12
23 33 12
23 34 12
23 35 12
23 36 12
23 37 12
23 38 13
23 39 13
23 40 13
23 41 13
23 42 13
23 43 13
23 44 13
23 45 13
23 46 13
23 47 13
23 48 13
23 49 3
24 3 11
24 4 11
24 5 11
24 6 11
24 7 11
24 8 11
24 9 11
24 10 11
24 11 11
24 12 11
24 13 7
24 14 7
24 15 7
24 16 7
24 17 7
24 18 7
24 19 7
24 20 7
24 21 7
24 22 7
24 23 7
24 24 7
24 25 7
24 26 7
24 27 7
24 28 7
24 29 12
24 30 12
24 31 12
24 32 12
24 33 12
24 34 12
24 35 12
24 36 12
24 37 12
24 38 12
24 39 13
24 40 13
24 41 13
24 42 13
24 43 13
24 44 13
24 45 16
24 46 16
24 47 16
24 48 16
24 49 3
24 50 3
25 2 11
25 3 11
25 4 11
25 5 11
25 6 11
25 7 11
25 8 11
25 9 11
25 10 11
25 11 11
25 12 11
25 13 11
25 14 11
25 15 11
25 16 7
25 17 7
25 18 7
25 19 7
25 20 7
25 21 7
25 22 7
25 23 7
25 24 7
25 25 7
25 26 7
25 27 7
25 28 7
25 29 12
25 30 12
25 31 12
25 32 12
25 33 12
25 34 12
25 35 12
25 36 12
25 37 12
25 38 16
25 39 16
25 40 16
25 41 16
25 42 16
25 43 16
25 44 16
25 45 16
25 46 16
25 47 16
25 48 16
25 49 3
25 50 3
26 2 11
26 3 11
26 4 11
26 5 11
26 6 11
26 7 11
26 8 11
26 9 11
26 10 11
26 11 11
26 12 11
26 13 11
26 14 11
26 15 11
26 16 8
26 17 8
26 18 8
26 19 8
26 20 8
26 21 8
26 22 8
26 23 8
26 24 8
26 25 8
26 26 8
26 27 6
26 28 6
26 29 6
26 30 6
26 31 6
26 32 6
26 33 6
26 34 6
26 35 6
26 36 6
26 37 6
26 38 16
26 39 16
26 40 16
26 41 16
26 42 16
26 43 16
26 44 16
26 45 16
26 46 16
26 47 16
26 48 16
26 49 3
26 50 3
26 51 3
27 2 11
27 3 11
27 4 11
27 5 11
27 6 11
27 7 11
27 8 11
27 9 11
27 10 11
27 11 11
27 12 11
27 13 11
27 14 11
27 15 11
27 16 8
27 17 8
27 18 8
27 19 8
27 20 8
27 21 8
27 22 8
27 23 8
27 24 8
27 25 8
27 26 8
27 27 6
27 28 6
27 29 6
27 30 6
27 31 6
27 32 6
27 33 6
27 34 6
27 35 6
27 36 6
27 37 6
27 38 16
27 39 16
27 40 16
27 41 16
27 42 16
27 43 16
27 44 16
27 45 16
27 46 16
27 47 16
27 48 16
27 49 3
27 50 3
27 51 3
28 1 11
28 2 11
28 3 11
28 4 11
28 5 11
28 6 11
28 7 11
28 8 11
28 9 11
28 10 11
28 11 11
28 12 11
28 13 11
28 14 11
28 15 11
28 16 8
28 17 8
28 18 8
28 19 8
28 20 8
28 21 8
28 22 8
28 23 8
28 24 8
28 25 8
28 26 8
28 27 6
28 28 6
28 29 6
28 30 6
28 31 6
28 32 6
28 33 6
28 34 6
28 35 6
28 36 6
28 37 6
28 38 16
28 39 16
28 40 16
28 41 16
28 42 16
28 43 16
28 44 16
28 45 16
28 46 16
28 47 3
28 48 3
28 49 3
28 50 3
28 51 3
28 52 3
29 1 11
29 2 11
29 3 11
29 4 11
29 5 11
29 6 11
29 7 11
29 8 11
29 9 11
29 10 11
29 11 11
29 12 11
29 13 11
29 14 11
29 15 11
29 16 8
29 17 8
29 18 8
29 19 8
29 20 8
29 21 8
29 22 8
29 23 8
29 24 8
29 25 8
29 26 8
29 27 6
29 28 6
29 29 6
29 30 6
29 31 6
29 32 6
29 33 6
29 34 6
29 35 6
29 36 6
29 37 6
29 38 16
29 39 16
29 40 16
29 41 16
29 42 16
29 43 16
29 44 16
29 45 16
29 46 16
29 47 3
29 48 3
29 49 3
29 50 3
29 51 3
29 52 3
29 53 3
30 2 11
30 3 11
30 4 11
30 5 11
30 6 11
30 7 11
30 8 11
30 9 11
30 10 11
30 11 11
30 12 11
30 13 11
30 14 11
30 15 11
30 16 8
30 17 8
30 18 8
30 19 8
30 20 8
30 21 8
30 22 8
30 23 8
30 24 8
30 25 8
30 26 8
30 27 6
30 28 6
30 29 6
30 30 6
30 31 6
30 32 6
30 33 6
30 34 6
30 35 6
30 36 6
30 37 6
30 38 16
30 39 16
30 40 16
30 41 16
30 42 16
30 43 16
30 44 16
30 45 16
30 46 16
30 47 3
30 48 3
30 49 3
30 50 3
30 51 3
30 52 3
30 53 3
31 3 11
31 4 11
31 5 11
31 6 11
31 7 11
31 8 11
31 9 11
31 10 11
31 11 11
31 12 11
31 13 11
31 14 11
31 15 11
31 16 8
31 17 8
31 18 8
31 19 8
31 20 8
31 21 8
31 22 8
31 23 8
31 24 8
31 25 8
31 26 8
31 27 6
31 28 6
31 29 6
31 30 6
31 31 6
31 32 6
31 33 6
31 34 6
31 35 6
31 36 6
31 37 6
31 38 16
31 39 16
31 40 16
31 41 16
31 42 16
31 43 16
31 44 16
31 45 16
31 46 16
31 47 3
31 48 3
31 49 3
31 50 3
31 51 3
31 52 3
31 53 3
31 54 3
32 4 2
32 5 2
32 6 2
32 7 2
32 8 2
32 9 2
32 10 2
32 11 2
32 12 2
32 13 2
32 14 2
32 15 2
32 16 8
32 17 8
32 18 8
32 19 8
32 20 8
32 21 8
32 22 8
32 23 8
32 24 8
32 25 8
32 26 8
32 27 6
32 28 6
32 29 6
32 30 6
32 31 6
32 32 6
32 33 6
32 34 6
32 35 6
32 36 6
32 37 6
32 38 16
32 39 16
32 40 16
32 41 16
32 42 16
32 43 16
32 44 16
32 45 16
32 46 16
32 47 3
32 48 3
32 49 3
32 50 3
32 51 3
32 52 3
32 53 3
32 54 3
33 5 2
33 6 2
33 7 2
33 8 2
33 9 2
33 10 2
33 11 2
33 12 2
33 13 2
33 14 2
33 15 2
33 16 8
33 17 8
33 18 8
33 19 8
33 20 8
33 21 8
33 22 8
33 23 8
33 24 8
33 25 8
33 26 8
33 27 6
33 28 6
33 29 6
33 30 6
33 31 6
33 32 6
33 33 6
33 34 6
33 35 6
33 36 6
33 37 6
33 38 16
33 39 16
33 40 16
33 41 16
33 42 16
33 43 16
33 44 16
33 45 16
33 46 16
33 47 3
33 48 3
33 49 3
33 50 3
33 51 3
33 52 3
33 53 3
33 54 3
33 55 3
34 5 2
34 6 2
34 7 2
34 8 2
34 9 2
34 10 2
34 11 2
34 12 2
34 13 2
34 14 2
34 15 2
34 16 8
34 17 8
34 18 8
34 19 8
34 20 8
34 21 8
34 22 8
34 23 8
34 24 8
34 25 8
34 26 8
34 27 6
34 28 6
34 29 6
34 30 6
34 31 6
34 32 6
34 33 6
34 34 6
34 35 6
34 36 6
34 37 6
34 38 16
34 39 16
34 40 16
34 41 16
34 42 16
34 43 16
34 44 16
34 45 16
34 46 16
34 47 3
34 48 3
34 49 3
34 50 3
34 51 3
34 52 3
34 53 3
34 54 3
34 55 3
34 56 3
35 6 2
35 7 2
35 8 2
35 9 2
35 10 2
35 11 2
35 12 2
35 13 2
35 14 2
35 15 2
35 16 8
35 17 8
35 18 8
35 19 8
35 20 8
35 21 8
35 22 8
35 23 8
35 24 8
35 25 8
35 26 5
35 27 5
35 28 6
35 29 6
35 30 6
35 31 6
35 32 6
35 33 6
35 34 6
35 35 6
35 36 6
35 37 6
35 38 16
35 39 16
35 40 16
35 41 16
35 42 16
35 43 16
35 44 16
35 45 16
35 46 16
35 47 3
35 48 3
35 49 3
35 50 3
35 51 3
35 52 3
35 53 3
35 54 3
35 55 3
35 56 3
36 7 2
36 8 2
36 9 2
36 10 2
36 11 2
36 12 2
36 13 2
36 14 2
36 15 2
36 16 2
36 17 2
36 18 5
36 19 5
36 20 5
36 21 5
36 22 5
36 23 5
36 24 5
36 25 5
36 26 5
36 27 5
36 28 4
36 29 4
36 30 4
36 31 4
36 32 4
36 33 4
36 34 4
36 35 4
36 36 4
36 37 14
36 38 14
36 39 14
36 40 14
36 41 14
36 42 14
36 43 14
36 44 14
36 45 14
36 46 14
36 47 14
36 48 14
36 49 3
36 50 3
36 51 3
36 52 3
36 53 3
36 54 3
36 55 3
36 56 3
36 57 3
37 8 2
37 9 2
37 10 2
37 11 2
37 12 2
37 13 2
37 14 2
37 15 2
37 16 2
37 17 2
37 18 5
37 19 5
37 20 5
37 21 5
37 22 5
37 23 5
37 24 5
37 25 5
37 26 5
37 27 5
37 28 4
37 29 4
37 30 4
37 31 4
37 32 4
37 33 4
37 34 4
37 35 4
37 36 4
37 37 14
37 38 14
37 39 14
37 40 14
37 41 14
37 42 14
37 43 14
37 44 14
37 45 14
37 46 14
37 47 14
37 48 14
37 49 3
37 50 3
37 51 3
37 52 3
37 53 3
37 54 3
37 55 3
37 56 3
37 57 3
38 9 2
38 10 2
38 11 2
38 12 2
38 13 2
38 14 2
38 15 2
38 16 2
38 17 2
38 18 5
38 19 5
38 20 5
38 21 5
38 22 5
38 23 5
38 24 5
38 25 5
38 26 5
38 27 5
38 28 4
38 29 4
38 30 4
38 31 4
38 32 4
38 33 4
38 34 4
38 35 4
38 36 4
38 37 14
38 38 14
38 39 14
38 40 14
38 41 14
38 42 14
38 43 14
38 44 14
38 45 14
38 46 14
38 47 14
38 48 14
38 49 3
38 50 3
38 51 3
38 52 3
38 53 3
38 54 3
38 55 3
39 10 2
39 11 2
39 12 2
39 13 2
39 14 2
39 15 2
39 16 2
39 17 2
39 18 5
39 19 5
39 20 5
39 21 5
39 22 5
39 23 5
39 24 5
39 25 5
39 26 5
39 27 5
39 28 4
39 29 4
39 30 4
39 31 4
39 32 4
39 33 4
39 34 4
39 35 4
39 36 4
39 37 14
39 38 14
39 39 14
39 40 14
39 41 14
39 42 14
39 43 14
39 44 14
39 45 14
39 46 14
39 47 14
39 48 14
39 49 3
39 50 3
39 51 3
39 52 3
39 53 3
40 11 2
40 12 2
40 13 2
40 14 2
40 15 2
40 16 2
40 17 2
40 18 5
40 19 5
40 20 5
40 21 5
40 22 5
40 23 5
40 24 5
40 25 5
40 26 5
40 27 5
40 28 4
40 29 4
40 30 4
40 31 4
40 32 4
40 33 4
40 34 4
40 35 4
40 36 4
40 37 14
40 38 14
40 39 14
40 40 14
40 41 14
40 42 14
40 43 14
40 44 14
40 45 14
40 46 14
40 47 14
40 48 14
40 49 3
40 50 3
40 51 3
41 12 2
41 13 2
41 14 2
41 15 2
41 16 2
41 17 2
41 18 5
41 19 5
41 20 5
41 21 5
41 22 5
41 23 5
41 24 5
41 25 5
41 26 5
41 27 5
41 28 4
41 29 4
41 30 4
41 31 4
41 32 4
41 33 4
41 34 4
41 35 4
41 36 4
41 37 14
41 38 14
41 39 14
41 40 14
41 41 14
41 42 14
41 43 14
41 44 14
41 45 14
41 46 14
41 47 14
41 48 14
41 49 14
42 13 2
42 14 2
42 15 2
42 16 2
42 17 2
42 18 5
42 19 5
42 20 5
42 21 5
42 22 5
42 23 5
42 24 5
42 25 5
42 26 5
42 27 5
42 28 4
42 29 4
42 30 4
42 31 4
42 32 4
42 33 4
42 34 4
42 35 4
42 36 4
42 37 4
42 38 14
42 39 14
42 40 14
42 41 14
42 42 14
42 43 14
42 44 14
42 45 14
42 46 14
42 47 14
42 48 14
43 13 2
43 14 2
43 15 2
43 16 2
43 17 2
43 18 5
43 19 5
43 20 5
43 21 5
43 22 5
43 23 5
43 24 5
43 25 5
43 26 5
43 27 5
43 28 4
43 29 4
43 30 4
43 31 4
43 32 4
43 33 4
43 34 4
43 35 4
43 36 4
43 37 4
43 38 14
43 39 14
43 40 14
43 41 14
43 42 14
43 43 14
43 44 14
43 45 14
43 46 14
44 14 2
44 15 2
44 16 2
44 17 2
44 18 5
44 19 5
44 20 5
44 21 5
44 22 5
44 23 5
44 24 5
44 25 5
44 26 5
44 27 5
44 28 5
44 29 4
44 30 4
44 31 4
44 32 4
44 33 4
44 34 4
44 35 4
44 36 4
44 37 4
44 38 14
44 39 14
44 40 14
44 41 14
44 42 14
44 43 14
44 44 14
45 18 5
45 19 5
45 20 5
45 21 5
45 22 5
45 23 5
45 24 5
45 25 5
45 26 5
45 27 5
45 28 5
45 29 4
45 30 4
45 31 4
45 32 4
45 33 4
45 34 4
45 35 4
45 36 4
45 37 4
45 38 14
45 39 14
45 40 14
45 41 14
45 42 14
46 24 5
46 25 5
46 26 5
46 27 5
46 28 5
46 29 4
46 30 4
46 31 4
46 32 4
46 33 4
46 34 4
46 35 4
46 36 4
46 37 4
46 38 14
46 39 14
46 40 14
47 30 4
47 31 4
47 32 4
47 33 4
47 34 4
47 35 4
47 36 4
47 37 4
47 38 14
