22 22 327
1 1 3
2 1 3
3 1 3
4 1 3
5 1 3
6 1 3
1 2 3
2 2 3
3 2 3
4 2 3
5 2 3
6 2 3
7 2 3
8 2 3
9 2 3
10 2 3
11 2 3
12 2 3
1 3 3
2 3 3
3 3 3
4 3 3
5 3 3
6 3 3
7 3 3
8 3 3
9 3 3
10 3 3
11 3 3
12 3 3
13 3 3
1 4 3
2 4 3
3 4 3
4 4 3
5 4 3
6 4 3
7 4 3
8 4 3
9 4 3
10 4 3
11 4 3
12 4 3
13 4 3
2 5 3
3 5 3
4 5 3
5 5 3
6 5 3
7 5 3
8 5 3
9 5 3
10 5 3
11 5 3
12 5 3
13 5 3
14 5 3
2 6 3
3 6 3
4 6 3
5 6 3
6 6 3
7 6 3
8 6 3
9 6 3
10 6 3
11 6 3
12 6 3
13 6 3
14 6 3
15 6 3
2 7 3
3 7 3
4 7 3
5 7 3
6 7 3
7 7 3
8 7 3
9 7 3
10 7 3
11 7 3
12 7 3
13 7 3
14 7 3
15 7 3
2 8 3
3 8 3
4 8 3
5 8 3
6 8 3
7 8 3
8 8 3
9 8 3
10 8 3
11 8 3
12 8 3
13 8 3
14 8 3
15 8 2
16 8 2
2 9 3
3 9 3
4 9 3
5 9 3
6 9 3
7 9 3
8 9 3
9 9 3
10 9 3
11 9 3
12 9 3
13 9 2
14 9 2
15 9 2
16 9 2
17 9 2
2 10 1
3 10 1
4 10 1
5 10 1
6 10 1
7 10 1
8 10 1
9 10 1
10 10 1
11 10 1
12 10 1
13 10 2
14 10 2
15 10 2
16 10 2
17 10 2
2 11 1
3 11 1
4 11 1
5 11 1
6 11 1
7 11 1
8 11 1
9 11 1
10 11 1
11 11 1
12 11 1
13 11 2
14 11 2
15 11 2
16 11 2
17 11 2
18 11 2
2 12 1
3 12 1
4 12 1
5 12 1
6 12 1
7 12 1
8 12 1
9 12 1
10 12 1
11 12 1
12 12 1
13 12 2
14 12 2
15 12 2
16 12 2
17 12 2
18 12 2
19 12 2
2 13 1
3 13 1
4 13 1
5 13 1
6 13 1
7 13 1
8 13 1
9 13 1
10 13 1
11 13 1
12 13 1
13 13 2
14 13 2
15 13 2
16 13 2
17 13 2
18 13 2
19 13 2
2 14 1
3 14 1
4 14 1
5 14 1
6 14 1
7 14 1
8 14 1
9 14 1
10 14 1
11 14 1
12 14 2
13 14 2
14 14 2
15 14 2
16 14 2
17 14 2
18 14 2
19 14 2
20 14 2
2 15 1
3 15 1
4 15 1
5 15 1
6 15 1
7 15 1
8 15 1
9 15 1
10 15 1
11 15 1
12 15 2
13 15 2
14 15 2
15 15 2
16 15 2
17 15 2
18 15 2
19 15 2
20 15 2
21 15 2
2 16 1
3 16 1
4 16 1
5 16 1
6 16 1
7 16 1
8 16 1
9 16 1
10 16 1
11 16 1
12 16 2
13 16 2
14 16 2
15 16 2
16 16 2
17 16 2
18 16 2
19 16 2
20 16 2
21 16 2
3 17 1
4 17 1
5 17 1
6 17 1
7 17 1
8 17 1
9 17 1
10 17 1
11 17 1
12 17 2
13 17 2
14 17 2
15 17 2
16 17 2
17 17 2
18 17 2
19 17 2
20 17 2
21 17 2
4 18 1
5 18 1
6 18 1
7 18 1
8 18 1
9 18 1
10 18 1
11 18 1
12 18 2
13 18 2
14 18 2
15 18 2
16 18 2
17 18 2
18 18 2
19 18 2
20 18 2
21 18 2
5 19 1
6 19 1
7 19 1
8 19 1
9 19 1
10 19 1
11 19 1
12 19 2
13 19 2
14 19 2
15 19 2
16 19 2
17 19 2
18 19 2
19 19 2
20 19 2
21 19 2
6 20 1
7 20 1
8 20 1
9 20 1
10 20 1
11 20 1
12 20 2
13 20 2
14 20 2
15 20 2
16 20 2
17 20 2
18 20 2
19 20 2
20 20 2
7 21 1
8 21 1
9 21 1
10 21 1
11 21 1
12 21 2
13 21 2
14 21 2
15 21 2
16 21 2
17 21 2
18 21 2
19 21 2
20 21 2
