27 21 327
13 1 3
14 1 3
15 1 3
16 1 1
17 1 1
18 1 1
12 2 3
13 2 3
14 2 3
15 2 3
16 2 1
17 2 1
18 2 1
19 2 1
20 2 1
21 2 1
22 2 1
23 2 1
24 2 1
25 2 1
26 2 1
10 3 3
11 3 3
12 3 3
13 3 3
14 3 3
15 3 3
16 3 1
17 3 1
18 3 1
19 3 1
20 3 1
21 3 1
22 3 1
23 3 1
24 3 1
25 3 1
26 3 1
9 4 3
10 4 3
11 4 3
12 4 3
13 4 3
14 4 3
15 4 3
16 4 1
17 4 1
18 4 1
19 4 1
20 4 1
21 4 1
22 4 1
23 4 1
24 4 1
25 4 1
26 4 1
8 5 3
9 5 3
10 5 3
11 5 3
12 5 3
13 5 3
14 5 3
15 5 3
16 5 1
17 5 1
18 5 1
19 5 1
20 5 1
21 5 1
22 5 1
23 5 1
24 5 1
25 5 1
26 5 1
7 6 3
8 6 3
9 6 3
10 6 3
11 6 3
12 6 3
13 6 3
14 6 3
15 6 3
16 6 1
17 6 1
18 6 1
19 6 1
20 6 1
21 6 1
22 6 1
23 6 1
24 6 1
25 6 1
26 6 1
6 7 3
7 7 3
8 7 3
9 7 3
10 7 3
11 7 3
12 7 3
13 7 3
14 7 3
15 7 3
16 7 1
17 7 1
18 7 1
19 7 1
20 7 1
21 7 1
22 7 1
23 7 1
24 7 1
25 7 1
5 8 3
6 8 3
7 8 3
8 8 3
9 8 3
10 8 3
11 8 3
12 8 3
13 8 3
14 8 3
15 8 3
16 8 1
17 8 1
18 8 1
19 8 1
20 8 1
21 8 1
22 8 1
23 8 1
24 8 1
5 9 3
6 9 3
7 9 3
8 9 3
9 9 3
10 9 3
11 9 3
12 9 3
13 9 3
14 9 3
15 9 3
16 9 1
17 9 1
18 9 1
19 9 1
20 9 1
21 9 1
22 9 1
23 9 1
4 10 3
5 10 3
6 10 3
7 10 3
8 10 3
9 10 3
10 10 3
11 10 3
12 10 3
13 10 3
14 10 3
15 10 3
16 10 1
17 10 1
18 10 1
19 10 1
20 10 1
21 10 1
22 10 1
3 11 3
4 11 3
5 11 3
6 11 3
7 11 3
8 11 3
9 11 3
10 11 3
11 11 3
12 11 3
13 11 3
14 11 3
15 11 3
16 11 1
17 11 1
18 11 1
19 11 1
20 11 1
21 11 1
22 11 1
3 12 3
4 12 3
5 12 3
6 12 3
7 12 3
8 12 3
9 12 3
10 12 3
11 12 3
12 12 3
13 12 3
14 12 3
15 12 3
16 12 1
17 12 1
18 12 1
19 12 1
20 12 1
21 12 1
2 13 2
3 13 2
4 13 2
5 13 2
6 13 2
7 13 2
8 13 2
9 13 2
10 13 2
11 13 2
12 13 2
13 13 2
14 13 3
15 13 3
16 13 1
17 13 1
18 13 1
19 13 1
1 14 2
2 14 2
3 14 2
4 14 2
5 14 2
6 14 2
7 14 2
8 14 2
9 14 2
10 14 2
11 14 2
12 14 2
13 14 2
14 14 2
15 14 2
16 14 2
17 14 2
18 14 2
2 15 2
3 15 2
4 15 2
5 15 2
6 15 2
7 15 2
8 15 2
9 15 2
10 15 2
11 15 2
12 15 2
13 15 2
14 15 2
15 15 2
16 15 2
17 15 2
18 15 2
3 16 2
4 16 2
5 16 2
6 16 2
7 16 2
8 16 2
9 16 2
10 16 2
11 16 2
12 16 2
13 16 2
14 16 2
15 16 2
16 16 2
17 16 2
3 17 2
4 17 2
5 17 2
6 17 2
7 17 2
8 17 2
9 17 2
10 17 2
11 17 2
12 17 2
13 17 2
14 17 2
15 17 2
16 17 2
4 18 2
5 18 2
6 18 2
7 18 2
8 18 2
9 18 2
10 18 2
11 18 2
12 18 2
13 18 2
14 18 2
15 18 2
4 19 2
5 19 2
6 19 2
7 19 2
8 19 2
9 19 2
10 19 2
11 19 2
12 19 2
13 19 2
14 19 2
15 19 2
6 20 2
7 20 2
8 20 2
9 20 2
10 20 2
11 20 2
12 20 2
13 20 2
14 20 2
