42 39 1090
10 1 8
11 1 8
12 1 8
13 1 8
14 1 8
15 1 8
16 1 8
17 1 8
18 1 9
19 1 9
20 1 9
21 1 9
22 1 9
23 1 9
24 1 9
25 1 9
26 1 9
9 2 8
10 2 8
11 2 8
12 2 8
13 2 8
14 2 8
15 2 8
16 2 8
17 2 8
18 2 9
19 2 9
20 2 9
21 2 9
22 2 9
23 2 9
24 2 9
25 2 9
26 2 9
9 3 8
10 3 8
11 3 8
12 3 8
13 3 8
14 3 8
15 3 8
16 3 8
17 3 8
18 3 9
19 3 9
20 3 9
21 3 9
22 3 9
23 3 9
24 3 9
25 3 9
26 3 9
27 3 9
9 4 8
10 4 8
11 4 8
12 4 8
13 4 8
14 4 8
15 4 8
16 4 8
17 4 8
18 4 9
19 4 9
20 4 9
21 4 9
22 4 9
23 4 9
24 4 9
25 4 9
26 4 9
27 4 9
8 5 8
9 5 8
10 5 8
11 5 8
12 5 8
13 5 8
14 5 8
15 5 8
16 5 8
17 5 8
18 5 9
19 5 9
20 5 9
21 5 9
22 5 9
23 5 9
24 5 9
25 5 9
26 5 9
27 5 9
28 5 9
8 6 8
9 6 8
10 6 8
11 6 8
12 6 8
13 6 8
14 6 8
15 6 8
16 6 8
17 6 8
18 6 9
19 6 9
20 6 9
21 6 9
22 6 9
23 6 9
24 6 9
25 6 9
26 6 9
27 6 9
28 6 9
7 7 8
8 7 8
9 7 8
10 7 8
11 7 8
12 7 8
13 7 8
14 7 8
15 7 8
16 7 8
17 7 8
18 7 9
19 7 9
20 7 9
21 7 9
22 7 9
23 7 9
24 7 9
25 7 9
26 7 9
27 7 9
28 7 9
29 7 9
8 8 8
9 8 8
10 8 8
11 8 8
12 8 8
13 8 8
14 8 8
15 8 8
16 8 8
17 8 8
18 8 9
19 8 9
20 8 9
21 8 9
22 8 9
23 8 9
24 8 9
25 8 9
26 8 9
27 8 9
28 8 9
7 9 8
8 9 8
9 9 8
10 9 8
11 9 8
12 9 8
13 9 8
14 9 8
15 9 8
16 9 8
17 9 8
18 9 9
19 9 9
20 9 9
21 9 9
22 9 9
23 9 9
24 9 9
25 9 9
26 9 9
27 9 9
28 9 9
7 10 8
8 10 8
9 10 8
10 10 8
11 10 8
12 10 8
13 10 8
14 10 8
15 10 8
16 10 8
17 10 8
18 10 9
19 10 9
20 10 9
21 10 9
22 10 9
23 10 9
24 10 9
25 10 9
26 10 9
27 10 9
28 10 9
29 10 9
6 11 4
7 11 8
8 11 8
9 11 8
10 11 8
11 11 8
12 11 8
13 11 8
14 11 8
15 11 8
16 11 8
17 11 8
18 11 9
19 11 9
20 11 9
21 11 7
22 11 7
23 11 7
24 11 7
25 11 7
26 11 7
27 11 7
28 11 7
29 11 7
6 12 4
7 12 4
8 12 4
9 12 4
10 12 4
11 12 4
12 12 4
13 12 4
14 12 4
15 12 4
16 12 4
17 12 4
18 12 4
19 12 7
20 12 7
21 12 7
22 12 7
23 12 7
24 12 7
25 12 7
26 12 7
27 12 7
28 12 7
29 12 7
30 12 7
6 13 4
7 13 4
8 13 4
9 13 4
10 13 4
11 13 4
12 13 4
13 13 4
14 13 4
15 13 4
16 13 4
17 13 4
18 13 4
19 13 7
20 13 7
21 13 7
22 13 7
23 13 7
24 13 7
25 13 7
26 13 7
27 13 7
28 13 7
29 13 7
30 13 7
6 14 4
7 14 4
8 14 4
9 14 4
10 14 4
11 14 4
12 14 4
13 14 4
14 14 4
15 14 4
16 14 4
17 14 4
18 14 4
19 14 7
20 14 7
21 14 7
22 14 7
23 14 7
24 14 7
25 14 7
26 14 7
27 14 7
28 14 7
29 14 7
30 14 7
31 14 7
6 15 4
7 15 4
8 15 4
9 15 4
10 15 4
11 15 4
12 15 4
13 15 4
14 15 4
15 15 4
16 15 4
17 15 4
18 15 4
19 15 7
20 15 7
21 15 7
22 15 7
23 15 7
24 15 7
25 15 7
26 15 7
27 15 7
28 15 7
29 15 7
30 15 7
31 15 7
5 16 4
6 16 4
7 16 4
8 16 4
9 16 4
10 16 4
11 16 4
12 16 4
13 16 4
14 16 4
15 16 4
16 16 4
17 16 4
18 16 4
19 16 7
20 16 7
21 16 7
22 16 7
23 16 7
24 16 7
25 16 7
26 16 7
27 16 7
28 16 7
29 16 7
30 16 7
31 16 7
5 17 4
6 17 4
7 17 4
8 17 4
9 17 4
10 17 4
11 17 4
12 17 4
13 17 4
14 17 4
15 17 4
16 17 4
17 17 4
18 17 4
19 17 7
20 17 7
21 17 7
22 17 7
23 17 7
24 17 7
25 17 7
26 17 7
27 17 7
28 17 7
29 17 7
30 17 7
31 17 7
32 17 7
5 18 4
6 18 4
7 18 4
8 18 4
9 18 4
10 18 4
11 18 4
12 18 4
13 18 4
14 18 4
15 18 4
16 18 4
17 18 4
18 18 4
19 18 7
20 18 7
21 18 7
22 18 7
23 18 7
24 18 7
25 18 7
26 18 7
27 18 7
28 18 7
29 18 7
30 18 7
31 18 7
32 18 7
5 19 4
6 19 4
7 19 4
8 19 4
9 19 4
10 19 4
11 19 4
12 19 4
13 19 4
14 19 4
15 19 4
16 19 4
17 19 4
18 19 4
19 19 7
20 19 7
21 19 7
22 19 7
23 19 7
24 19 7
25 19 7
26 19 7
27 19 7
28 19 10
29 19 10
30 19 10
31 19 10
32 19 10
33 19 10
5 20 1
6 20 1
7 20 1
8 20 1
9 20 1
10 20 1
11 20 1
12 20 1
13 20 1
14 20 1
15 20 6
16 20 6
17 20 6
18 20 6
19 20 6
20 20 6
21 20 6
22 20 6
23 20 6
24 20 6
25 20 10
26 20 10
27 20 10
28 20 10
29 20 10
30 20 10
31 20 10
32 20 10
33 20 10
4 21 1
5 21 1
6 21 1
7 21 1
8 21 1
9 21 1
10 21 1
11 21 1
12 21 1
13 21 1
14 21 1
15 21 6
16 21 6
17 21 6
18 21 6
19 21 6
20 21 6
21 21 6
22 21 6
23 21 6
24 21 6
25 21 10
26 21 10
27 21 10
28 21 10
29 21 10
30 21 10
31 21 10
32 21 10
33 21 10
34 21 10
4 22 1
5 22 1
6 22 1
7 22 1
8 22 1
9 22 1
10 22 1
11 22 1
12 22 1
13 22 1
14 22 1
15 22 6
16 22 6
17 22 6
18 22 6
19 22 6
20 22 6
21 22 6
22 22 6
23 22 6
24 22 6
25 22 6
26 22 10
27 22 10
28 22 10
29 22 10
30 22 10
31 22 10
32 22 10
33 22 10
34 22 10
4 23 1
5 23 1
6 23 1
7 23 1
8 23 1
9 23 1
10 23 1
11 23 1
12 23 1
13 23 1
14 23 1
15 23 6
16 23 6
17 23 6
18 23 6
19 23 6
20 23 6
21 23 6
22 23 6
23 23 6
24 23 6
25 23 6
26 23 10
27 23 10
28 23 10
29 23 10
30 23 10
31 23 10
32 23 10
33 23 10
34 23 10
4 24 1
5 24 1
6 24 1
7 24 1
8 24 1
9 24 1
10 24 1
11 24 1
12 24 1
13 24 1
14 24 1
15 24 6
16 24 6
17 24 6
18 24 6
19 24 6
20 24 6
21 24 6
22 24 6
23 24 6
24 24 6
25 24 6
26 24 10
27 24 10
28 24 10
29 24 10
30 24 10
31 24 10
32 24 10
33 24 10
34 24 10
35 24 10
4 25 1
5 25 1
6 25 1
7 25 1
8 25 1
9 25 1
10 25 1
11 25 1
12 25 1
13 25 1
14 25 1
15 25 6
16 25 6
17 25 6
18 25 6
19 25 6
20 25 6
21 25 6
22 25 6
23 25 6
24 25 6
25 25 6
26 25 10
27 25 10
28 25 10
29 25 10
30 25 10
31 25 10
32 25 10
33 25 10
34 25 10
35 25 10
3 26 1
4 26 1
5 26 1
6 26 1
7 26 1
8 26 1
9 26 1
10 26 1
11 26 1
12 26 1
13 26 1
14 26 6
15 26 6
16 26 6
17 26 6
18 26 6
19 26 6
20 26 6
21 26 6
22 26 6
23 26 6
24 26 6
25 26 6
26 26 10
27 26 10
28 26 10
29 26 10
30 26 10
31 26 10
32 26 10
33 26 10
34 26 10
35 26 10
36 26 10
3 27 1
4 27 1
5 27 1
6 27 1
7 27 1
8 27 1
9 27 1
10 27 1
11 27 1
12 27 1
13 27 1
14 27 6
15 27 6
16 27 6
17 27 6
18 27 6
19 27 6
20 27 6
21 27 6
22 27 6
23 27 6
24 27 6
25 27 6
26 27 10
27 27 10
28 27 10
29 27 10
30 27 10
31 27 10
32 27 10
33 27 10
34 27 10
35 27 10
36 27 10
3 28 1
4 28 1
5 28 1
6 28 1
7 28 1
8 28 1
9 28 1
10 28 1
11 28 1
12 28 1
13 28 1
14 28 6
15 28 6
16 28 6
17 28 6
18 28 6
19 28 6
20 28 6
21 28 6
22 28 6
23 28 6
24 28 6
25 28 6
26 28 10
27 28 10
28 28 10
29 28 10
30 28 10
31 28 10
32 28 10
33 28 10
34 28 10
35 28 10
36 28 10
37 28 10
3 29 1
4 29 1
5 29 1
6 29 1
7 29 1
8 29 1
9 29 1
10 29 1
11 29 1
12 29 1
13 29 1
14 29 6
15 29 6
16 29 6
17 29 6
18 29 6
19 29 6
20 29 6
21 29 6
22 29 6
23 29 3
24 29 3
25 29 3
26 29 10
27 29 10
28 29 10
29 29 10
30 29 10
31 29 10
32 29 10
33 29 10
34 29 10
35 29 10
36 29 10
37 29 10
3 30 5
4 30 5
5 30 5
6 30 5
7 30 5
8 30 5
9 30 5
10 30 5
11 30 5
12 30 5
13 30 5
14 30 3
15 30 3
16 30 3
17 30 3
18 30 3
19 30 3
20 30 3
21 30 3
22 30 3
23 30 3
24 30 3
25 30 3
26 30 2
27 30 2
28 30 2
29 30 2
30 30 2
31 30 2
32 30 2
33 30 2
34 30 2
35 30 2
36 30 2
37 30 2
2 31 5
3 31 5
4 31 5
5 31 5
6 31 5
7 31 5
8 31 5
9 31 5
10 31 5
11 31 5
12 31 5
13 31 5
14 31 3
15 31 3
16 31 3
17 31 3
18 31 3
19 31 3
20 31 3
21 31 3
22 31 3
23 31 3
24 31 3
25 31 3
26 31 2
27 31 2
28 31 2
29 31 2
30 31 2
31 31 2
32 31 2
33 31 2
34 31 2
35 31 2
36 31 2
37 31 2
38 31 2
2 32 5
3 32 5
4 32 5
5 32 5
6 32 5
7 32 5
8 32 5
9 32 5
10 32 5
11 32 5
12 32 5
13 32 5
14 32 3
15 32 3
16 32 3
17 32 3
18 32 3
19 32 3
20 32 3
21 32 3
22 32 3
23 32 3
24 32 3
25 32 3
26 32 2
27 32 2
28 32 2
29 32 2
30 32 2
31 32 2
32 32 2
33 32 2
34 32 2
35 32 2
36 32 2
37 32 2
38 32 2
2 33 5
3 33 5
4 33 5
5 33 5
6 33 5
7 33 5
8 33 5
9 33 5
10 33 5
11 33 5
12 33 5
13 33 5
14 33 3
15 33 3
16 33 3
17 33 3
18 33 3
19 33 3
20 33 3
21 33 3
22 33 3
23 33 3
24 33 3
25 33 3
26 33 2
27 33 2
28 33 2
29 33 2
30 33 2
31 33 2
32 33 2
33 33 2
34 33 2
35 33 2
36 33 2
37 33 2
38 33 2
39 33 2
2 34 5
3 34 5
4 34 5
5 34 5
6 34 5
7 34 5
8 34 5
9 34 5
10 34 5
11 34 5
12 34 5
13 34 5
14 34 5
15 34 3
16 34 3
17 34 3
18 34 3
19 34 3
20 34 3
21 34 3
22 34 3
23 34 3
24 34 3
25 34 3
26 34 2
27 34 2
28 34 2
29 34 2
30 34 2
31 34 2
32 34 2
33 34 2
34 34 2
35 34 2
36 34 2
37 34 2
38 34 2
39 34 2
2 35 5
3 35 5
4 35 5
5 35 5
6 35 5
7 35 5
8 35 5
9 35 5
10 35 5
11 35 5
12 35 5
13 35 5
14 35 5
15 35 3
16 35 3
17 35 3
18 35 3
19 35 3
20 35 3
21 35 3
22 35 3
23 35 3
24 35 3
25 35 3
26 35 3
27 35 2
28 35 2
29 35 2
30 35 2
31 35 2
32 35 2
33 35 2
34 35 2
35 35 2
36 35 2
37 35 2
38 35 2
39 35 2
40 35 2
1 36 5
2 36 5
3 36 5
4 36 5
5 36 5
6 36 5
7 36 5
8 36 5
9 36 5
10 36 5
11 36 5
12 36 5
13 36 5
14 36 5
15 36 3
16 36 3
17 36 3
18 36 3
19 36 3
20 36 3
21 36 3
22 36 3
23 36 3
24 36 3
25 36 3
26 36 3
27 36 2
28 36 2
29 36 2
30 36 2
31 36 2
32 36 2
33 36 2
34 36 2
35 36 2
36 36 2
37 36 2
38 36 2
39 36 2
40 36 2
2 37 5
3 37 5
4 37 5
5 37 5
6 37 5
7 37 5
8 37 5
9 37 5
10 37 5
11 37 5
12 37 5
13 37 5
14 37 5
15 37 3
16 37 3
17 37 3
18 37 3
19 37 3
20 37 3
21 37 3
22 37 3
23 37 3
24 37 3
25 37 3
26 37 3
27 37 2
28 37 2
29 37 2
30 37 2
31 37 2
32 37 2
33 37 2
34 37 2
35 37 2
36 37 2
37 37 2
38 37 2
39 37 2
40 37 2
41 37 2
6 38 5
7 38 5
8 38 5
9 38 5
10 38 5
11 38 5
12 38 5
13 38 5
14 38 5
15 38 3
16 38 3
17 38 3
18 38 3
19 38 3
20 38 3
21 38 3
22 38 3
23 38 3
24 38 3
25 38 3
