38 34 872
16 1 5
17 1 5
18 1 5
19 1 5
20 1 5
21 1 5
11 2 4
12 2 4
13 2 4
14 2 4
15 2 5
16 2 5
17 2 5
18 2 5
19 2 5
20 2 5
21 2 5
22 2 5
5 3 4
6 3 4
7 3 4
8 3 4
9 3 4
10 3 4
11 3 4
12 3 4
13 3 4
14 3 4
15 3 5
16 3 5
17 3 5
18 3 5
19 3 5
20 3 5
21 3 5
22 3 5
23 3 5
5 4 4
6 4 4
7 4 4
8 4 4
9 4 4
10 4 4
11 4 4
12 4 4
13 4 4
14 4 4
15 4 4
16 4 5
17 4 5
18 4 5
19 4 5
20 4 5
21 4 5
22 4 5
23 4 5
24 4 5
5 5 4
6 5 4
7 5 4
8 5 4
9 5 4
10 5 4
11 5 4
12 5 4
13 5 4
14 5 4
15 5 4
16 5 5
17 5 5
18 5 5
19 5 5
20 5 5
21 5 5
22 5 5
23 5 5
24 5 5
25 5 5
5 6 4
6 6 4
7 6 4
8 6 4
9 6 4
10 6 4
11 6 4
12 6 4
13 6 4
14 6 4
15 6 4
16 6 5
17 6 5
18 6 5
19 6 5
20 6 5
21 6 5
22 6 5
23 6 5
24 6 5
25 6 5
5 7 4
6 7 4
7 7 4
8 7 4
9 7 4
10 7 4
11 7 4
12 7 4
13 7 4
14 7 4
15 7 4
16 7 5
17 7 5
18 7 5
19 7 5
20 7 5
21 7 5
22 7 5
23 7 5
24 7 5
25 7 5
26 7 5
5 8 4
6 8 4
7 8 4
8 8 4
9 8 4
10 8 4
11 8 4
12 8 4
13 8 4
14 8 4
15 8 4
16 8 5
17 8 5
18 8 5
19 8 5
20 8 5
21 8 5
22 8 5
23 8 5
24 8 5
25 8 5
26 8 5
27 8 5
5 9 4
6 9 4
7 9 4
8 9 4
9 9 4
10 9 4
11 9 4
12 9 4
13 9 4
14 9 4
15 9 4
16 9 5
17 9 5
18 9 5
19 9 5
20 9 5
21 9 5
22 9 5
23 9 5
24 9 5
25 9 5
26 9 5
27 9 5
5 10 4
6 10 4
7 10 4
8 10 4
9 10 4
10 10 4
11 10 4
12 10 4
13 10 4
14 10 4
15 10 4
16 10 5
17 10 5
18 10 5
19 10 5
20 10 5
21 10 5
22 10 5
23 10 5
24 10 5
25 10 5
26 10 5
27 10 5
28 10 3
4 11 2
5 11 2
6 11 4
7 11 4
8 11 4
9 11 4
10 11 4
11 11 4
12 11 4
13 11 4
14 11 4
15 11 4
16 11 8
17 11 5
18 11 5
19 11 5
20 11 5
21 11 5
22 11 5
23 11 5
24 11 5
25 11 5
26 11 5
27 11 3
28 11 3
29 11 3
4 12 2
5 12 2
6 12 4
7 12 4
8 12 4
9 12 4
10 12 4
11 12 4
12 12 4
13 12 4
14 12 8
15 12 8
16 12 8
17 12 8
18 12 8
19 12 8
20 12 8
21 12 8
22 12 8
23 12 8
24 12 3
25 12 3
26 12 3
27 12 3
28 12 3
29 12 3
30 12 3
4 13 2
5 13 2
6 13 2
7 13 2
8 13 2
9 13 2
10 13 2
11 13 2
12 13 2
13 13 2
14 13 8
15 13 8
16 13 8
17 13 8
18 13 8
19 13 8
20 13 8
21 13 8
22 13 8
23 13 8
24 13 3
25 13 3
26 13 3
27 13 3
28 13 3
29 13 3
30 13 3
4 14 2
5 14 2
6 14 2
7 14 2
8 14 2
9 14 2
10 14 2
11 14 2
12 14 2
13 14 2
14 14 8
15 14 8
16 14 8
17 14 8
18 14 8
19 14 8
20 14 8
21 14 8
22 14 8
23 14 8
24 14 3
25 14 3
26 14 3
27 14 3
28 14 3
29 14 3
30 14 3
31 14 3
4 15 2
5 15 2
6 15 2
7 15 2
8 15 2
9 15 2
10 15 2
11 15 2
12 15 2
13 15 2
14 15 8
15 15 8
16 15 8
17 15 8
18 15 8
19 15 8
20 15 8
21 15 8
22 15 8
23 15 8
24 15 3
25 15 3
26 15 3
27 15 3
28 15 3
29 15 3
30 15 3
31 15 3
32 15 3
4 16 2
5 16 2
6 16 2
7 16 2
8 16 2
9 16 2
10 16 2
11 16 2
12 16 2
13 16 2
14 16 8
15 16 8
16 16 8
17 16 8
18 16 8
19 16 8
20 16 8
21 16 8
22 16 8
23 16 8
24 16 3
25 16 3
26 16 3
27 16 3
28 16 3
29 16 3
30 16 3
31 16 3
32 16 3
33 16 3
4 17 2
5 17 2
6 17 2
7 17 2
8 17 2
9 17 2
10 17 2
11 17 2
12 17 2
13 17 2
14 17 8
15 17 8
16 17 8
17 17 8
18 17 8
19 17 8
20 17 8
21 17 8
22 17 8
23 17 8
24 17 3
25 17 3
26 17 3
27 17 3
28 17 3
29 17 3
30 17 3
31 17 3
32 17 3
33 17 3
3 18 2
4 18 2
5 18 2
6 18 2
7 18 2
8 18 2
9 18 2
10 18 2
11 18 2
12 18 2
13 18 2
14 18 8
15 18 8
16 18 8
17 18 8
18 18 8
19 18 8
20 18 8
21 18 8
22 18 8
23 18 8
24 18 3
25 18 3
26 18 3
27 18 3
28 18 3
29 18 3
30 18 3
31 18 3
32 18 3
33 18 3
34 18 3
3 19 2
4 19 2
5 19 2
6 19 2
7 19 2
8 19 2
9 19 2
10 19 2
11 19 2
12 19 2
13 19 2
14 19 8
15 19 8
16 19 8
17 19 8
18 19 8
19 19 8
20 19 8
21 19 8
22 19 8
23 19 8
24 19 3
25 19 3
26 19 3
27 19 3
28 19 3
29 19 3
30 19 3
31 19 3
32 19 3
33 19 3
34 19 3
3 20 2
4 20 2
5 20 2
6 20 2
7 20 2
8 20 2
9 20 2
10 20 2
11 20 2
12 20 2
13 20 2
14 20 8
15 20 8
16 20 8
17 20 8
18 20 8
19 20 8
20 20 8
21 20 8
22 20 8
23 20 8
24 20 3
25 20 3
26 20 3
27 20 3
28 20 3
29 20 3
30 20 3
31 20 3
32 20 3
33 20 3
34 20 3
35 20 3
3 21 2
4 21 2
5 21 2
6 21 2
7 21 2
8 21 2
9 21 2
10 21 2
11 21 2
12 21 2
13 21 2
14 21 8
15 21 8
16 21 8
17 21 8
18 21 8
19 21 8
20 21 8
21 21 8
22 21 8
23 21 8
24 21 3
25 21 3
26 21 3
27 21 3
28 21 3
29 21 3
30 21 3
31 21 3
32 21 3
33 21 3
34 21 3
35 21 3
3 22 2
4 22 2
5 22 2
6 22 2
7 22 2
8 22 2
9 22 2
10 22 2
11 22 2
12 22 2
13 22 2
14 22 7
15 22 7
16 22 8
17 22 8
18 22 8
19 22 8
20 22 8
21 22 8
22 22 8
23 22 8
24 22 3
25 22 3
26 22 3
27 22 3
28 22 3
29 22 3
30 22 3
31 22 3
32 22 6
33 22 6
34 22 6
35 22 6
36 22 6
3 23 1
4 23 1
5 23 1
6 23 1
7 23 1
8 23 1
9 23 1
10 23 1
11 23 1
12 23 1
13 23 7
14 23 7
15 23 7
16 23 7
17 23 7
18 23 7
19 23 7
20 23 7
21 23 7
22 23 7
23 23 7
24 23 6
25 23 6
26 23 6
27 23 6
28 23 6
29 23 6
30 23 6
31 23 6
32 23 6
33 23 6
34 23 6
35 23 6
36 23 6
3 24 1
4 24 1
5 24 1
6 24 1
7 24 1
8 24 1
9 24 1
10 24 1
11 24 1
12 24 1
13 24 7
14 24 7
15 24 7
16 24 7
17 24 7
18 24 7
19 24 7
20 24 7
21 24 7
22 24 7
23 24 7
24 24 6
25 24 6
26 24 6
27 24 6
28 24 6
29 24 6
30 24 6
31 24 6
32 24 6
33 24 6
34 24 6
35 24 6
36 24 6
37 24 6
2 25 1
3 25 1
4 25 1
5 25 1
6 25 1
7 25 1
8 25 1
9 25 1
10 25 1
11 25 1
12 25 1
13 25 7
14 25 7
15 25 7
16 25 7
17 25 7
18 25 7
19 25 7
20 25 7
21 25 7
22 25 7
23 25 7
24 25 6
25 25 6
26 25 6
27 25 6
28 25 6
29 25 6
30 25 6
31 25 6
32 25 6
33 25 6
34 25 6
35 25 6
36 25 6
2 26 1
3 26 1
4 26 1
5 26 1
6 26 1
7 26 1
8 26 1
9 26 1
10 26 1
11 26 1
12 26 1
13 26 7
14 26 7
15 26 7
16 26 7
17 26 7
18 26 7
19 26 7
20 26 7
21 26 7
22 26 7
23 26 7
24 26 6
25 26 6
26 26 6
27 26 6
28 26 6
29 26 6
30 26 6
31 26 6
32 26 6
33 26 6
34 26 6
35 26 6
36 26 6
2 27 1
3 27 1
4 27 1
5 27 1
6 27 1
7 27 1
8 27 1
9 27 1
10 27 1
11 27 1
12 27 1
13 27 7
14 27 7
15 27 7
16 27 7
17 27 7
18 27 7
19 27 7
20 27 7
21 27 7
22 27 7
23 27 7
24 27 6
25 27 6
26 27 6
27 27 6
28 27 6
29 27 6
30 27 6
31 27 6
32 27 6
33 27 6
34 27 6
35 27 6
36 27 6
2 28 1
3 28 1
4 28 1
5 28 1
6 28 1
7 28 1
8 28 1
9 28 1
10 28 1
11 28 1
12 28 1
13 28 7
14 28 7
15 28 7
16 28 7
17 28 7
18 28 7
19 28 7
20 28 7
21 28 7
22 28 7
23 28 7
24 28 6
25 28 6
26 28 6
27 28 6
28 28 6
29 28 6
30 28 6
31 28 6
32 28 6
33 28 6
34 28 6
2 29 1
3 29 1
4 29 1
5 29 1
6 29 1
7 29 1
8 29 1
9 29 1
10 29 1
11 29 1
12 29 1
13 29 7
14 29 7
15 29 7
16 29 7
17 29 7
18 29 7
19 29 7
20 29 7
21 29 7
22 29 7
23 29 7
24 29 6
25 29 6
26 29 6
27 29 6
28 29 6
29 29 6
30 29 6
31 29 6
32 29 6
33 29 6
2 30 1
3 30 1
4 30 1
5 30 1
6 30 1
7 30 1
8 30 1
9 30 1
10 30 1
11 30 1
12 30 1
13 30 7
14 30 7
15 30 7
16 30 7
17 30 7
18 30 7
19 30 7
20 30 7
21 30 7
22 30 7
23 30 7
24 30 6
25 30 6
26 30 6
27 30 6
28 30 6
29 30 6
30 30 6
31 30 6
32 30 6
2 31 1
3 31 1
4 31 1
5 31 1
6 31 1
7 31 1
8 31 1
9 31 1
10 31 1
11 31 1
12 31 1
13 31 7
14 31 7
15 31 7
16 31 7
17 31 7
18 31 7
19 31 7
20 31 7
21 31 7
22 31 7
23 31 7
24 31 6
25 31 6
26 31 6
27 31 6
28 31 6
29 31 6
30 31 6
31 31 6
1 32 1
2 32 1
3 32 1
4 32 1
5 32 1
6 32 1
7 32 1
8 32 1
9 32 1
10 32 1
11 32 1
12 32 7
13 32 7
14 32 7
15 32 7
16 32 7
17 32 7
18 32 7
19 32 7
7 33 1
