44 44 1417
4 1 10
5 1 10
6 1 10
7 1 10
8 1 10
9 1 10
10 1 10
11 1 10
12 1 10
13 1 13
14 1 13
15 1 13
16 1 13
17 1 13
18 1 13
4 2 10
5 2 10
6 2 10
7 2 10
8 2 10
9 2 10
10 2 10
11 2 10
12 2 10
13 2 13
14 2 13
15 2 13
16 2 13
17 2 13
18 2 13
19 2 13
20 2 13
21 2 13
22 2 13
23 2 13
24 2 13
4 3 10
5 3 10
6 3 10
7 3 10
8 3 10
9 3 10
10 3 10
11 3 10
12 3 10
13 3 13
14 3 13
15 3 13
16 3 13
17 3 13
18 3 13
19 3 13
20 3 13
21 3 13
22 3 13
23 3 13
24 3 13
25 3 7
26 3 7
4 4 10
5 4 10
6 4 10
7 4 10
8 4 10
9 4 10
10 4 10
11 4 10
12 4 10
13 4 13
14 4 13
15 4 13
16 4 13
17 4 13
18 4 13
19 4 13
20 4 13
21 4 13
22 4 13
23 4 13
24 4 13
25 4 7
26 4 7
27 4 7
28 4 7
29 4 7
4 5 10
5 5 10
6 5 10
7 5 10
8 5 10
9 5 10
10 5 10
11 5 10
12 5 10
13 5 13
14 5 13
15 5 13
16 5 13
17 5 13
18 5 13
19 5 13
20 5 13
21 5 13
22 5 13
23 5 13
24 5 13
25 5 7
26 5 7
27 5 7
28 5 7
29 5 7
30 5 7
31 5 7
4 6 10
5 6 10
6 6 10
7 6 10
8 6 10
9 6 10
10 6 10
11 6 10
12 6 10
13 6 10
14 6 13
15 6 13
16 6 13
17 6 13
18 6 13
19 6 13
20 6 13
21 6 13
22 6 13
23 6 13
24 6 13
25 6 7
26 6 7
27 6 7
28 6 7
29 6 7
30 6 7
31 6 7
32 6 7
33 6 4
34 6 4
4 7 10
5 7 10
6 7 10
7 7 10
8 7 10
9 7 10
10 7 10
11 7 10
12 7 10
13 7 10
14 7 13
15 7 13
16 7 13
17 7 13
18 7 13
19 7 13
20 7 13
21 7 13
22 7 13
23 7 13
24 7 13
25 7 7
26 7 7
27 7 7
28 7 7
29 7 7
30 7 7
31 7 7
32 7 7
33 7 4
34 7 4
35 7 4
36 7 4
37 7 4
3 8 10
4 8 10
5 8 10
6 8 10
7 8 10
8 8 10
9 8 10
10 8 10
11 8 10
12 8 10
13 8 10
14 8 13
15 8 13
16 8 13
17 8 13
18 8 13
19 8 13
20 8 13
21 8 13
22 8 13
23 8 13
24 8 13
25 8 7
26 8 7
27 8 7
28 8 7
29 8 7
30 8 7
31 8 7
32 8 7
33 8 4
34 8 4
35 8 4
36 8 4
37 8 4
38 8 4
39 8 4
40 8 4
3 9 10
4 9 10
5 9 10
6 9 10
7 9 10
8 9 10
9 9 10
10 9 10
11 9 10
12 9 10
13 9 10
14 9 13
15 9 13
16 9 13
17 9 13
18 9 13
19 9 13
20 9 13
21 9 13
22 9 13
23 9 13
24 9 13
25 9 7
26 9 7
27 9 7
28 9 7
29 9 7
30 9 7
31 9 7
32 9 7
33 9 4
34 9 4
35 9 4
36 9 4
37 9 4
38 9 4
39 9 4
40 9 4
41 9 4
42 9 4
43 9 4
3 10 10
4 10 10
5 10 10
6 10 10
7 10 10
8 10 10
9 10 10
10 10 10
11 10 10
12 10 10
13 10 10
14 10 13
15 10 13
16 10 13
17 10 13
18 10 13
19 10 13
20 10 13
21 10 13
22 10 13
23 10 13
24 10 13
25 10 7
26 10 7
27 10 7
28 10 7
29 10 7
30 10 7
31 10 7
32 10 7
33 10 4
34 10 4
35 10 4
36 10 4
37 10 4
38 10 4
39 10 4
40 10 4
41 10 4
42 10 4
2 11 2
3 11 10
4 11 10
5 11 10
6 11 10
7 11 10
8 11 10
9 11 10
10 11 10
11 11 10
12 11 10
13 11 10
14 11 3
15 11 3
16 11 3
17 11 3
18 11 3
19 11 3
20 11 3
21 11 3
22 11 3
23 11 3
24 11 7
25 11 7
26 11 7
27 11 7
28 11 7
29 11 7
30 11 7
31 11 7
32 11 7
33 11 4
34 11 4
35 11 4
36 11 4
37 11 4
38 11 4
39 11 4
40 11 4
41 11 4
42 11 4
2 12 2
3 12 2
4 12 2
5 12 2
6 12 2
7 12 2
8 12 2
9 12 2
10 12 2
11 12 2
12 12 2
13 12 2
14 12 3
15 12 3
16 12 3
17 12 3
18 12 3
19 12 3
20 12 3
21 12 3
22 12 3
23 12 3
24 12 3
25 12 7
26 12 7
27 12 7
28 12 7
29 12 7
30 12 7
31 12 7
32 12 7
33 12 4
34 12 4
35 12 4
36 12 4
37 12 4
38 12 4
39 12 4
40 12 4
41 12 4
42 12 4
2 13 2
3 13 2
4 13 2
5 13 2
6 13 2
7 13 2
8 13 2
9 13 2
10 13 2
11 13 2
12 13 2
13 13 2
14 13 3
15 13 3
16 13 3
17 13 3
18 13 3
19 13 3
20 13 3
21 13 3
22 13 3
23 13 3
24 13 3
25 13 7
26 13 7
27 13 7
28 13 7
29 13 7
30 13 7
31 13 7
32 13 7
33 13 4
34 13 4
35 13 4
36 13 4
37 13 4
38 13 4
39 13 4
40 13 4
41 13 4
2 14 2
3 14 2
4 14 2
5 14 2
6 14 2
7 14 2
8 14 2
9 14 2
10 14 2
11 14 2
12 14 2
13 14 2
14 14 3
15 14 3
16 14 3
17 14 3
18 14 3
19 14 3
20 14 3
21 14 3
22 14 3
23 14 3
24 14 3
25 14 7
26 14 7
27 14 7
28 14 7
29 14 7
30 14 7
31 14 7
32 14 7
33 14 4
34 14 4
35 14 4
36 14 4
37 14 4
38 14 4
39 14 4
40 14 4
41 14 4
2 15 2
3 15 2
4 15 2
5 15 2
6 15 2
7 15 2
8 15 2
9 15 2
10 15 2
11 15 2
12 15 2
13 15 2
14 15 3
15 15 3
16 15 3
17 15 3
18 15 3
19 15 3
20 15 3
21 15 3
22 15 3
23 15 3
24 15 3
25 15 7
26 15 7
27 15 7
28 15 7
29 15 7
30 15 7
31 15 7
32 15 7
33 15 4
34 15 4
35 15 4
36 15 4
37 15 4
38 15 4
39 15 4
40 15 4
41 15 4
2 16 2
3 16 2
4 16 2
5 16 2
6 16 2
7 16 2
8 16 2
9 16 2
10 16 2
11 16 2
12 16 2
13 16 2
14 16 3
15 16 3
16 16 3
17 16 3
18 16 3
19 16 3
20 16 3
21 16 3
22 16 3
23 16 3
24 16 3
25 16 7
26 16 7
27 16 7
28 16 7
29 16 7
30 16 7
31 16 7
32 16 7
33 16 4
34 16 4
35 16 4
36 16 4
37 16 4
38 16 4
39 16 4
40 16 4
41 16 4
2 17 2
3 17 2
4 17 2
5 17 2
6 17 2
7 17 2
8 17 2
9 17 2
10 17 2
11 17 2
12 17 2
13 17 2
14 17 3
15 17 3
16 17 3
17 17 3
18 17 3
19 17 3
20 17 3
21 17 3
22 17 3
23 17 3
24 17 3
25 17 3
26 17 6
27 17 6
28 17 7
29 17 7
30 17 7
31 17 7
32 17 7
33 17 4
34 17 4
35 17 4
36 17 4
37 17 4
38 17 4
39 17 4
40 17 4
2 18 2
3 18 2
4 18 2
5 18 2
6 18 2
7 18 2
8 18 2
9 18 2
10 18 2
11 18 2
12 18 2
13 18 2
14 18 3
15 18 3
16 18 3
17 18 3
18 18 3
19 18 3
20 18 3
21 18 3
22 18 3
23 18 3
24 18 3
25 18 3
26 18 6
27 18 6
28 18 6
29 18 6
30 18 6
31 18 6
32 18 7
33 18 4
34 18 4
35 18 4
36 18 4
37 18 4
38 18 4
39 18 4
40 18 4
2 19 2
3 19 2
4 19 2
5 19 2
6 19 2
7 19 2
8 19 2
9 19 2
10 19 2
11 19 2
12 19 2
13 19 2
14 19 3
15 19 3
16 19 3
17 19 3
18 19 3
19 19 3
20 19 3
21 19 3
22 19 3
23 19 3
24 19 6
25 19 6
26 19 6
27 19 6
28 19 6
29 19 6
30 19 6
31 19 6
32 19 8
33 19 8
34 19 8
35 19 8
36 19 8
37 19 8
38 19 8
39 19 8
40 19 4
2 20 2
3 20 2
4 20 2
5 20 2
6 20 2
7 20 2
8 20 2
9 20 2
10 20 2
11 20 2
12 20 2
13 20 2
14 20 3
15 20 3
16 20 3
17 20 3
18 20 3
19 20 3
20 20 3
21 20 3
22 20 3
23 20 3
24 20 6
25 20 6
26 20 6
27 20 6
28 20 6
29 20 6
30 20 6
31 20 6
32 20 8
33 20 8
34 20 8
35 20 8
36 20 8
37 20 8
38 20 8
39 20 8
2 21 5
3 21 5
4 21 5
5 21 5
6 21 5
7 21 5
8 21 5
9 21 5
10 21 5
11 21 5
12 21 5
13 21 5
14 21 11
15 21 11
16 21 11
17 21 11
18 21 11
19 21 11
20 21 11
21 21 11
22 21 11
23 21 11
24 21 6
25 21 6
26 21 6
27 21 6
28 21 6
29 21 6
30 21 6
31 21 6
32 21 8
33 21 8
34 21 8
35 21 8
36 21 8
37 21 8
38 21 8
39 21 8
2 22 5
3 22 5
4 22 5
5 22 5
6 22 5
7 22 5
8 22 5
9 22 5
10 22 5
11 22 5
12 22 5
13 22 5
14 22 11
15 22 11
16 22 11
17 22 11
18 22 11
19 22 11
20 22 11
21 22 11
22 22 11
23 22 11
24 22 6
25 22 6
26 22 6
27 22 6
28 22 6
29 22 6
30 22 6
31 22 6
32 22 8
33 22 8
34 22 8
35 22 8
36 22 8
37 22 8
38 22 8
39 22 8
1 23 5
2 23 5
3 23 5
4 23 5
5 23 5
6 23 5
7 23 5
8 23 5
9 23 5
10 23 5
11 23 5
12 23 5
13 23 5
14 23 11
15 23 11
16 23 11
17 23 11
18 23 11
19 23 11
20 23 11
21 23 11
22 23 11
23 23 11
24 23 6
25 23 6
26 23 6
27 23 6
28 23 6
29 23 6
30 23 6
31 23 6
32 23 8
33 23 8
34 23 8
35 23 8
36 23 8
37 23 8
38 23 8
39 23 8
1 24 5
2 24 5
3 24 5
4 24 5
5 24 5
6 24 5
7 24 5
8 24 5
9 24 5
10 24 5
11 24 5
12 24 5
13 24 5
14 24 11
15 24 11
16 24 11
17 24 11
18 24 11
19 24 11
20 24 11
21 24 11
22 24 11
23 24 11
24 24 6
25 24 6
26 24 6
27 24 6
28 24 6
29 24 6
30 24 6
31 24 6
32 24 8
33 24 8
34 24 8
35 24 8
36 24 8
37 24 8
38 24 8
2 25 5
3 25 5
4 25 5
5 25 5
6 25 5
7 25 5
8 25 5
9 25 5
10 25 5
11 25 5
12 25 5
13 25 5
14 25 11
15 25 11
16 25 11
17 25 11
18 25 11
19 25 11
20 25 11
21 25 11
22 25 11
23 25 11
24 25 6
25 25 6
26 25 6
27 25 6
28 25 6
29 25 6
30 25 6
31 25 8
32 25 8
33 25 8
34 25 8
35 25 8
36 25 8
37 25 8
38 25 8
2 26 5
3 26 5
4 26 5
5 26 5
6 26 5
7 26 5
8 26 5
9 26 5
10 26 5
11 26 5
12 26 5
13 26 5
14 26 11
15 26 11
16 26 11
17 26 11
18 26 11
19 26 11
20 26 11
21 26 11
22 26 11
23 26 11
24 26 6
25 26 6
26 26 6
27 26 6
28 26 6
29 26 6
30 26 6
31 26 8
32 26 8
33 26 8
34 26 8
35 26 8
36 26 8
37 26 8
38 26 8
2 27 5
3 27 5
4 27 5
5 27 5
6 27 5
7 27 5
8 27 5
9 27 5
10 27 5
11 27 5
12 27 5
13 27 5
14 27 11
15 27 11
16 27 11
17 27 11
18 27 11
19 27 11
20 27 11
21 27 11
22 27 11
23 27 11
24 27 6
25 27 6
26 27 6
27 27 6
28 27 6
29 27 6
30 27 6
31 27 8
32 27 8
33 27 8
34 27 8
35 27 8
36 27 8
37 27 8
38 27 8
2 28 5
3 28 5
4 28 5
5 28 5
6 28 5
7 28 5
8 28 5
9 28 5
10 28 5
11 28 5
12 28 5
13 28 5
14 28 11
15 28 11
16 28 11
17 28 11
18 28 11
19 28 11
20 28 11
21 28 11
22 28 11
23 28 11
24 28 6
25 28 6
26 28 6
27 28 6
28 28 6
29 28 6
30 28 6
31 28 8
32 28 8
33 28 8
34 28 8
35 28 8
36 28 8
37 28 8
3 29 5
4 29 5
5 29 5
6 29 5
7 29 5
8 29 5
9 29 5
10 29 5
11 29 5
12 29 5
13 29 5
14 29 11
15 29 11
16 29 11
17 29 11
18 29 11
19 29 11
20 29 11
21 29 11
22 29 11
23 29 11
24 29 6
25 29 6
26 29 6
27 29 6
28 29 6
29 29 6
30 29 6
31 29 8
32 29 8
33 29 8
34 29 8
35 29 8
36 29 8
37 29 8
3 30 1
4 30 1
5 30 1
6 30 1
7 30 1
8 30 1
9 30 1
10 30 1
11 30 1
12 30 1
13 30 1
14 30 11
15 30 11
16 30 11
17 30 11
18 30 11
19 30 11
20 30 11
21 30 11
22 30 11
23 30 11
24 30 6
25 30 6
26 30 6
27 30 6
28 30 6
29 30 6
30 30 8
31 30 8
32 30 8
33 30 8
34 30 8
35 30 8
36 30 8
37 30 8
3 31 1
4 31 1
5 31 1
6 31 1
7 31 1
8 31 1
9 31 1
10 31 1
11 31 1
12 31 1
13 31 1
14 31 1
15 31 11
16 31 11
17 31 11
18 31 11
19 31 11
20 31 11
21 31 11
22 31 11
23 31 11
24 31 6
25 31 6
26 31 6
27 31 6
28 31 6
29 31 6
30 31 8
31 31 8
32 31 8
33 31 8
34 31 8
35 31 8
36 31 8
3 32 1
4 32 1
5 32 1
6 32 1
7 32 1
8 32 1
9 32 1
10 32 1
11 32 1
12 32 1
13 32 1
14 32 12
15 32 12
16 32 12
17 32 12
18 32 12
19 32 12
20 32 12
21 32 12
22 32 12
23 32 12
24 32 6
25 32 6
26 32 6
27 32 6
28 32 6
29 32 6
30 32 8
31 32 8
32 32 8
33 32 8
34 32 8
35 32 8
36 32 8
3 33 1
4 33 1
5 33 1
6 33 1
7 33 1
8 33 1
9 33 1
10 33 1
11 33 1
12 33 1
13 33 1
14 33 12
15 33 12
16 33 12
17 33 12
18 33 12
19 33 12
20 33 12
21 33 12
22 33 12
23 33 12
24 33 12
25 33 9
26 33 9
27 33 9
28 33 9
29 33 9
30 33 9
31 33 9
32 33 9
33 33 9
34 33 9
35 33 8
36 33 8
4 34 1
5 34 1
6 34 1
7 34 1
8 34 1
9 34 1
10 34 1
11 34 1
12 34 1
13 34 1
14 34 12
15 34 12
16 34 12
17 34 12
18 34 12
19 34 12
20 34 12
21 34 12
22 34 12
23 34 12
24 34 12
25 34 9
26 34 9
27 34 9
28 34 9
29 34 9
30 34 9
31 34 9
32 34 9
33 34 9
34 34 9
35 34 9
4 35 1
5 35 1
6 35 1
7 35 1
8 35 1
9 35 1
10 35 1
11 35 1
12 35 1
13 35 1
14 35 12
15 35 12
16 35 12
17 35 12
18 35 12
19 35 12
20 35 12
21 35 12
22 35 12
23 35 12
24 35 12
25 35 9
26 35 9
27 35 9
28 35 9
29 35 9
30 35 9
31 35 9
32 35 9
33 35 9
34 35 9
35 35 9
4 36 1
5 36 1
6 36 1
7 36 1
8 36 1
9 36 1
10 36 1
11 36 1
12 36 1
13 36 1
14 36 12
15 36 12
16 36 12
17 36 12
18 36 12
19 36 12
20 36 12
21 36 12
22 36 12
23 36 12
24 36 12
25 36 9
26 36 9
27 36 9
28 36 9
29 36 9
30 36 9
31 36 9
32 36 9
33 36 9
34 36 9
35 36 9
4 37 1
5 37 1
6 37 1
7 37 1
8 37 1
9 37 1
10 37 1
11 37 1
12 37 1
13 37 1
14 37 12
15 37 12
16 37 12
17 37 12
18 37 12
19 37 12
20 37 12
21 37 12
22 37 12
23 37 12
24 37 12
25 37 9
26 37 9
27 37 9
28 37 9
29 37 9
30 37 9
31 37 9
32 37 9
33 37 9
34 37 9
35 37 9
4 38 1
5 38 1
6 38 1
7 38 1
8 38 1
9 38 1
10 38 1
11 38 1
12 38 1
13 38 1
14 38 12
15 38 12
16 38 12
17 38 12
18 38 12
19 38 12
20 38 12
21 38 12
22 38 12
23 38 12
24 38 12
25 38 9
26 38 9
27 38 9
28 38 9
29 38 9
30 38 9
31 38 9
32 38 9
33 38 9
34 38 9
6 39 1
7 39 1
8 39 1
9 39 1
10 39 1
11 39 1
12 39 1
13 39 1
14 39 12
15 39 12
16 39 12
17 39 12
18 39 12
19 39 12
20 39 12
21 39 12
22 39 12
23 39 12
24 39 12
25 39 9
26 39 9
27 39 9
28 39 9
29 39 9
30 39 9
31 39 9
32 39 9
33 39 9
34 39 9
8 40 1
9 40 1
10 40 1
11 40 1
12 40 1
13 40 1
14 40 12
15 40 12
16 40 12
17 40 12
18 40 12
19 40 12
20 40 12
21 40 12
22 40 12
23 40 12
24 40 12
25 40 9
26 40 9
27 40 9
28 40 9
29 40 9
30 40 9
31 40 9
32 40 9
33 40 9
34 40 9
17 41 12
18 41 12
19 41 12
20 41 12
21 41 12
22 41 12
23 41 12
24 41 12
25 41 9
26 41 9
27 41 9
28 41 9
29 41 9
30 41 9
31 41 9
32 41 9
33 41 9
22 42 12
23 42 12
24 42 12
25 42 9
26 42 9
27 42 9
28 42 9
29 42 9
30 42 9
31 42 9
32 42 9
33 42 9
27 43 9
28 43 9
29 43 9
30 43 9
31 43 9
32 43 9
33 43 9
