29 24 436
1 1 2
2 1 2
3 1 2
4 1 2
5 1 2
6 1 2
7 1 2
8 1 2
9 1 2
10 1 2
11 1 2
12 1 1
13 1 1
14 1 1
15 1 1
16 1 1
17 1 1
18 1 1
19 1 1
1 2 2
2 2 2
3 2 2
4 2 2
5 2 2
6 2 2
7 2 2
8 2 2
9 2 2
10 2 2
11 2 2
12 2 1
13 2 1
14 2 1
15 2 1
16 2 1
17 2 1
18 2 1
19 2 1
20 2 1
21 2 1
22 2 1
1 3 2
2 3 2
3 3 2
4 3 2
5 3 2
6 3 2
7 3 2
8 3 2
9 3 2
10 3 2
11 3 2
12 3 1
13 3 1
14 3 1
15 3 1
16 3 1
17 3 1
18 3 1
19 3 1
20 3 1
21 3 1
22 3 1
1 4 2
2 4 2
3 4 2
4 4 2
5 4 2
6 4 2
7 4 2
8 4 2
9 4 2
10 4 2
11 4 2
12 4 1
13 4 1
14 4 1
15 4 1
16 4 1
17 4 1
18 4 1
19 4 1
20 4 1
21 4 1
22 4 1
23 4 1
1 5 2
2 5 2
3 5 2
4 5 2
5 5 2
6 5 2
7 5 2
8 5 2
9 5 2
10 5 2
11 5 2
12 5 1
13 5 1
14 5 1
15 5 1
16 5 1
17 5 1
18 5 1
19 5 1
20 5 1
21 5 1
22 5 1
23 5 1
24 5 1
1 6 2
2 6 2
3 6 2
4 6 2
5 6 2
6 6 2
7 6 2
8 6 2
9 6 2
10 6 2
11 6 2
12 6 1
13 6 1
14 6 1
15 6 1
16 6 1
17 6 1
18 6 1
19 6 1
20 6 1
21 6 1
22 6 1
23 6 1
24 6 1
1 7 2
2 7 2
3 7 2
4 7 2
5 7 2
6 7 2
7 7 2
8 7 2
9 7 2
10 7 2
11 7 2
12 7 1
13 7 1
14 7 1
15 7 1
16 7 1
17 7 1
18 7 1
19 7 1
20 7 1
21 7 1
22 7 1
23 7 1
24 7 1
25 7 1
1 8 2
2 8 2
3 8 2
4 8 2
5 8 2
6 8 2
7 8 2
8 8 2
9 8 2
10 8 2
11 8 2
12 8 4
13 8 4
14 8 4
15 8 4
16 8 4
17 8 4
18 8 4
19 8 4
20 8 4
21 8 4
22 8 1
23 8 1
24 8 1
25 8 1
26 8 1
1 9 2
2 9 2
3 9 2
4 9 2
5 9 2
6 9 2
7 9 2
8 9 2
9 9 2
10 9 2
11 9 2
12 9 4
13 9 4
14 9 4
15 9 4
16 9 4
17 9 4
18 9 4
19 9 4
20 9 4
21 9 4
22 9 1
23 9 1
24 9 1
25 9 1
26 9 1
1 10 2
2 10 2
3 10 2
4 10 2
5 10 2
6 10 2
7 10 2
8 10 2
9 10 2
10 10 2
11 10 4
12 10 4
13 10 4
14 10 4
15 10 4
16 10 4
17 10 4
18 10 4
19 10 4
20 10 4
21 10 4
22 10 4
23 10 1
24 10 1
25 10 1
26 10 1
27 10 1
1 11 3
2 11 3
3 11 3
4 11 3
5 11 3
6 11 3
7 11 3
8 11 3
9 11 3
10 11 3
11 11 4
12 11 4
13 11 4
14 11 4
15 11 4
16 11 4
17 11 4
18 11 4
19 11 4
20 11 4
21 11 4
22 11 4
23 11 1
24 11 1
25 11 1
26 11 1
27 11 1
28 11 1
1 12 3
2 12 3
3 12 3
4 12 3
5 12 3
6 12 3
7 12 3
8 12 3
9 12 3
10 12 3
11 12 4
12 12 4
13 12 4
14 12 4
15 12 4
16 12 4
17 12 4
18 12 4
19 12 4
20 12 4
21 12 4
22 12 4
23 12 1
24 12 1
25 12 1
26 12 1
1 13 3
2 13 3
3 13 3
4 13 3
5 13 3
6 13 3
7 13 3
8 13 3
9 13 3
10 13 3
11 13 4
12 13 4
13 13 4
14 13 4
15 13 4
16 13 4
17 13 4
18 13 4
19 13 4
20 13 4
21 13 4
22 13 4
23 13 1
24 13 1
1 14 3
2 14 3
3 14 3
4 14 3
5 14 3
6 14 3
7 14 3
8 14 3
9 14 3
10 14 3
11 14 4
12 14 4
13 14 4
14 14 4
15 14 4
16 14 4
17 14 4
18 14 4
19 14 4
20 14 4
21 14 4
22 14 4
1 15 3
2 15 3
3 15 3
4 15 3
5 15 3
6 15 3
7 15 3
8 15 3
9 15 3
10 15 3
11 15 4
12 15 4
13 15 4
14 15 4
15 15 4
16 15 4
17 15 4
18 15 4
19 15 4
20 15 4
1 16 3
2 16 3
3 16 3
4 16 3
5 16 3
6 16 3
7 16 3
8 16 3
9 16 3
10 16 3
11 16 4
12 16 4
13 16 4
14 16 4
15 16 4
16 16 4
17 16 4
18 16 4
1 17 3
2 17 3
3 17 3
4 17 3
5 17 3
6 17 3
7 17 3
8 17 3
9 17 3
10 17 3
11 17 4
12 17 4
13 17 4
14 17 4
15 17 4
16 17 4
1 18 3
2 18 3
3 18 3
4 18 3
5 18 3
6 18 3
7 18 3
8 18 3
9 18 3
10 18 3
11 18 4
12 18 4
13 18 4
14 18 4
2 19 3
3 19 3
4 19 3
5 19 3
6 19 3
7 19 3
8 19 3
9 19 3
10 19 3
11 19 3
12 19 4
2 20 3
3 20 3
4 20 3
5 20 3
6 20 3
7 20 3
8 20 3
9 20 3
2 21 3
3 21 3
4 21 3
5 21 3
6 21 3
7 21 3
2 22 3
3 22 3
4 22 3
5 22 3
2 23 3
