41 43 1199
6 1 5
7 1 5
8 1 5
9 1 5
10 1 5
11 1 5
12 1 6
13 1 6
14 1 6
15 1 6
16 1 6
17 1 6
18 1 6
19 1 6
20 1 6
21 1 6
22 1 6
2 2 5
3 2 5
4 2 5
5 2 5
6 2 5
7 2 5
8 2 5
9 2 5
10 2 5
11 2 5
12 2 6
13 2 6
14 2 6
15 2 6
16 2 6
17 2 6
18 2 6
19 2 6
20 2 6
21 2 6
22 2 6
23 2 2
24 2 2
25 2 2
2 3 5
3 3 5
4 3 5
5 3 5
6 3 5
7 3 5
8 3 5
9 3 5
10 3 5
11 3 5
12 3 6
13 3 6
14 3 6
15 3 6
16 3 6
17 3 6
18 3 6
19 3 6
20 3 6
21 3 6
22 3 6
23 3 2
24 3 2
25 3 2
26 3 2
27 3 2
28 3 2
2 4 5
3 4 5
4 4 5
5 4 5
6 4 5
7 4 5
8 4 5
9 4 5
10 4 5
11 4 5
12 4 6
13 4 6
14 4 6
15 4 6
16 4 6
17 4 6
18 4 6
19 4 6
20 4 6
21 4 6
22 4 6
23 4 2
24 4 2
25 4 2
26 4 2
27 4 2
28 4 2
29 4 2
30 4 2
31 4 2
2 5 5
3 5 5
4 5 5
5 5 5
6 5 5
7 5 5
8 5 5
9 5 5
10 5 5
11 5 5
12 5 6
13 5 6
14 5 6
15 5 6
16 5 6
17 5 6
18 5 6
19 5 6
20 5 6
21 5 6
22 5 6
23 5 2
24 5 2
25 5 2
26 5 2
27 5 2
28 5 2
29 5 2
30 5 2
31 5 2
32 5 2
33 5 2
34 5 2
2 6 5
3 6 5
4 6 5
5 6 5
6 6 5
7 6 5
8 6 5
9 6 5
10 6 5
11 6 5
12 6 6
13 6 6
14 6 6
15 6 6
16 6 6
17 6 6
18 6 6
19 6 6
20 6 6
21 6 6
22 6 6
23 6 2
24 6 2
25 6 2
26 6 2
27 6 2
28 6 2
29 6 2
30 6 2
31 6 2
32 6 2
33 6 2
34 6 2
2 7 5
3 7 5
4 7 5
5 7 5
6 7 5
7 7 5
8 7 5
9 7 5
10 7 5
11 7 5
12 7 6
13 7 6
14 7 6
15 7 6
16 7 6
17 7 6
18 7 6
19 7 6
20 7 6
21 7 6
22 7 6
23 7 2
24 7 2
25 7 2
26 7 2
27 7 2
28 7 2
29 7 2
30 7 2
31 7 2
32 7 2
33 7 2
34 7 2
35 7 2
2 8 5
3 8 5
4 8 5
5 8 5
6 8 5
7 8 5
8 8 5
9 8 5
10 8 5
11 8 5
12 8 6
13 8 6
14 8 6
15 8 6
16 8 6
17 8 6
18 8 6
19 8 6
20 8 6
21 8 6
22 8 6
23 8 2
24 8 2
25 8 2
26 8 2
27 8 2
28 8 2
29 8 2
30 8 2
31 8 2
32 8 2
33 8 2
34 8 2
35 8 2
1 9 5
2 9 5
3 9 5
4 9 5
5 9 5
6 9 5
7 9 5
8 9 5
9 9 5
10 9 5
11 9 5
12 9 6
13 9 6
14 9 6
15 9 6
16 9 6
17 9 6
18 9 6
19 9 6
20 9 6
21 9 6
22 9 6
23 9 2
24 9 2
25 9 2
26 9 2
27 9 2
28 9 2
29 9 2
30 9 2
31 9 2
32 9 2
33 9 2
34 9 2
35 9 2
36 9 2
2 10 5
3 10 5
4 10 5
5 10 5
6 10 5
7 10 5
8 10 5
9 10 5
10 10 5
11 10 5
12 10 5
13 10 6
14 10 6
15 10 6
16 10 6
17 10 6
18 10 6
19 10 6
20 10 6
21 10 6
22 10 6
23 10 2
24 10 2
25 10 2
26 10 2
27 10 2
28 10 2
29 10 2
30 10 2
31 10 2
32 10 2
33 10 2
34 10 2
35 10 2
36 10 2
37 10 2
2 11 5
3 11 5
4 11 5
5 11 5
6 11 5
7 11 5
8 11 5
9 11 5
10 11 5
11 11 5
12 11 5
13 11 3
14 11 3
15 11 3
16 11 4
17 11 4
18 11 4
19 11 4
20 11 4
21 11 4
22 11 4
23 11 4
24 11 4
25 11 4
26 11 2
27 11 2
28 11 2
29 11 2
30 11 2
31 11 2
32 11 2
33 11 2
34 11 2
35 11 2
36 11 2
37 11 2
3 12 3
4 12 3
5 12 3
6 12 3
7 12 3
8 12 3
9 12 3
10 12 3
11 12 3
12 12 3
13 12 3
14 12 3
15 12 3
16 12 4
17 12 4
18 12 4
19 12 4
20 12 4
21 12 4
22 12 4
23 12 4
24 12 4
25 12 4
26 12 4
27 12 4
28 12 1
29 12 1
30 12 1
31 12 1
32 12 1
33 12 1
34 12 1
35 12 1
36 12 1
37 12 1
38 12 1
3 13 3
4 13 3
5 13 3
6 13 3
7 13 3
8 13 3
9 13 3
10 13 3
11 13 3
12 13 3
13 13 3
14 13 3
15 13 3
16 13 4
17 13 4
18 13 4
19 13 4
20 13 4
21 13 4
22 13 4
23 13 4
24 13 4
25 13 4
26 13 4
27 13 4
28 13 1
29 13 1
30 13 1
31 13 1
32 13 1
33 13 1
34 13 1
35 13 1
36 13 1
37 13 1
38 13 1
4 14 3
5 14 3
6 14 3
7 14 3
8 14 3
9 14 3
10 14 3
11 14 3
12 14 3
13 14 3
14 14 3
15 14 3
16 14 4
17 14 4
18 14 4
19 14 4
20 14 4
21 14 4
22 14 4
23 14 4
24 14 4
25 14 4
26 14 4
27 14 4
28 14 1
29 14 1
30 14 1
31 14 1
32 14 1
33 14 1
34 14 1
35 14 1
36 14 1
37 14 1
38 14 1
39 14 1
4 15 3
5 15 3
6 15 3
7 15 3
8 15 3
9 15 3
10 15 3
11 15 3
12 15 3
13 15 3
14 15 3
15 15 3
16 15 4
17 15 4
18 15 4
19 15 4
20 15 4
21 15 4
22 15 4
23 15 4
24 15 4
25 15 4
26 15 4
27 15 4
28 15 1
29 15 1
30 15 1
31 15 1
32 15 1
33 15 1
34 15 1
35 15 1
36 15 1
37 15 1
38 15 1
39 15 1
40 15 1
4 16 3
5 16 3
6 16 3
7 16 3
8 16 3
9 16 3
10 16 3
11 16 3
12 16 3
13 16 3
14 16 3
15 16 3
16 16 4
17 16 4
18 16 4
19 16 4
20 16 4
21 16 4
22 16 4
23 16 4
24 16 4
25 16 4
26 16 4
27 16 4
28 16 1
29 16 1
30 16 1
31 16 1
32 16 1
33 16 1
34 16 1
35 16 1
36 16 1
37 16 1
38 16 1
39 16 1
5 17 3
6 17 3
7 17 3
8 17 3
9 17 3
10 17 3
11 17 3
12 17 3
13 17 3
14 17 3
15 17 3
16 17 4
17 17 4
18 17 4
19 17 4
20 17 4
21 17 4
22 17 4
23 17 4
24 17 4
25 17 4
26 17 4
27 17 4
28 17 1
29 17 1
30 17 1
31 17 1
32 17 1
33 17 1
34 17 1
35 17 1
36 17 1
37 17 1
38 17 1
39 17 1
5 18 3
6 18 3
7 18 3
8 18 3
9 18 3
10 18 3
11 18 3
12 18 3
13 18 3
14 18 3
15 18 3
16 18 4
17 18 4
18 18 4
19 18 4
20 18 4
21 18 4
22 18 4
23 18 4
24 18 4
25 18 4
26 18 4
27 18 4
28 18 1
29 18 1
30 18 1
31 18 1
32 18 1
33 18 1
34 18 1
35 18 1
36 18 1
37 18 1
38 18 1
39 18 1
6 19 3
7 19 3
8 19 3
9 19 3
10 19 3
11 19 3
12 19 3
13 19 3
14 19 3
15 19 3
16 19 4
17 19 4
18 19 4
19 19 4
20 19 4
21 19 4
22 19 4
23 19 4
24 19 4
25 19 4
26 19 4
27 19 4
28 19 1
29 19 1
30 19 1
31 19 1
32 19 1
33 19 1
34 19 1
35 19 1
36 19 1
37 19 1
38 19 1
39 19 1
6 20 3
7 20 3
8 20 3
9 20 3
10 20 3
11 20 3
12 20 3
13 20 3
14 20 3
15 20 3
16 20 3
17 20 4
18 20 4
19 20 4
20 20 10
21 20 10
22 20 10
23 20 10
24 20 10
25 20 10
26 20 10
27 20 10
28 20 10
29 20 1
30 20 1
31 20 1
32 20 1
33 20 1
34 20 1
35 20 1
36 20 1
37 20 1
38 20 1
39 20 1
6 21 3
7 21 7
8 21 7
9 21 7
10 21 7
11 21 7
12 21 7
13 21 7
14 21 7
15 21 7
16 21 7
17 21 7
18 21 10
19 21 10
20 21 10
21 21 10
22 21 10
23 21 10
24 21 10
25 21 10
26 21 10
27 21 10
28 21 10
29 21 1
30 21 1
31 21 1
32 21 9
33 21 9
34 21 9
35 21 9
36 21 9
37 21 9
38 21 9
39 21 9
7 22 7
8 22 7
9 22 7
10 22 7
11 22 7
12 22 7
13 22 7
14 22 7
15 22 7
16 22 7
17 22 7
18 22 10
19 22 10
20 22 10
21 22 10
22 22 10
23 22 10
24 22 10
25 22 10
26 22 10
27 22 10
28 22 10
29 22 9
30 22 9
31 22 9
32 22 9
33 22 9
34 22 9
35 22 9
36 22 9
37 22 9
38 22 9
39 22 9
7 23 7
8 23 7
9 23 7
10 23 7
11 23 7
12 23 7
13 23 7
14 23 7
15 23 7
16 23 7
17 23 7
18 23 10
19 23 10
20 23 10
21 23 10
22 23 10
23 23 10
24 23 10
25 23 10
26 23 10
27 23 10
28 23 10
29 23 9
30 23 9
31 23 9
32 23 9
33 23 9
34 23 9
35 23 9
36 23 9
37 23 9
38 23 9
39 23 9
8 24 7
9 24 7
10 24 7
11 24 7
12 24 7
13 24 7
14 24 7
15 24 7
16 24 7
17 24 7
18 24 10
19 24 10
20 24 10
21 24 10
22 24 10
23 24 10
24 24 10
25 24 10
26 24 10
27 24 10
28 24 10
29 24 9
30 24 9
31 24 9
32 24 9
33 24 9
34 24 9
35 24 9
36 24 9
37 24 9
38 24 9
39 24 9
8 25 7
9 25 7
10 25 7
11 25 7
12 25 7
13 25 7
14 25 7
15 25 7
16 25 7
17 25 7
18 25 10
19 25 10
20 25 10
21 25 10
22 25 10
23 25 10
24 25 10
25 25 10
26 25 10
27 25 10
28 25 10
29 25 9
30 25 9
31 25 9
32 25 9
33 25 9
34 25 9
35 25 9
36 25 9
37 25 9
38 25 9
39 25 9
8 26 7
9 26 7
10 26 7
11 26 7
12 26 7
13 26 7
14 26 7
15 26 7
16 26 7
17 26 7
18 26 10
19 26 10
20 26 10
21 26 10
22 26 10
23 26 10
24 26 10
25 26 10
26 26 10
27 26 10
28 26 10
29 26 9
30 26 9
31 26 9
32 26 9
33 26 9
34 26 9
35 26 9
36 26 9
37 26 9
38 26 9
39 26 9
9 27 7
10 27 7
11 27 7
12 27 7
13 27 7
14 27 7
15 27 7
16 27 7
17 27 7
18 27 10
19 27 10
20 27 10
21 27 10
22 27 10
23 27 10
24 27 10
25 27 10
26 27 10
27 27 10
28 27 10
29 27 9
30 27 9
31 27 9
32 27 9
33 27 9
34 27 9
35 27 9
36 27 9
37 27 9
38 27 9
39 27 9
10 28 7
11 28 7
12 28 7
13 28 7
14 28 7
15 28 7
16 28 7
17 28 7
18 28 10
19 28 10
20 28 10
21 28 10
22 28 10
23 28 10
24 28 10
25 28 10
26 28 10
27 28 10
28 28 10
29 28 9
30 28 9
31 28 9
32 28 9
33 28 9
34 28 9
35 28 9
36 28 9
37 28 9
38 28 9
39 28 9
11 29 7
12 29 7
13 29 7
14 29 7
15 29 7
16 29 7
17 29 7
18 29 10
19 29 10
20 29 10
21 29 10
22 29 10
23 29 10
24 29 10
25 29 10
26 29 10
27 29 10
28 29 10
29 29 9
30 29 9
31 29 9
32 29 9
33 29 9
34 29 9
35 29 9
36 29 9
37 29 9
38 29 9
39 29 9
11 30 7
12 30 7
13 30 7
14 30 7
15 30 7
16 30 7
17 30 7
18 30 10
19 30 11
20 30 11
21 30 11
22 30 11
23 30 11
24 30 11
25 30 11
26 30 11
27 30 11
28 30 11
29 30 9
30 30 9
31 30 9
32 30 9
33 30 9
34 30 9
35 30 9
36 30 9
37 30 9
38 30 9
39 30 9
12 31 7
13 31 7
14 31 7
15 31 7
16 31 7
17 31 11
18 31 11
19 31 11
20 31 11
21 31 11
22 31 11
23 31 11
24 31 11
25 31 11
26 31 11
27 31 11
28 31 11
29 31 8
30 31 8
31 31 8
32 31 8
33 31 8
34 31 8
35 31 8
36 31 8
37 31 8
38 31 9
39 31 9
13 32 7
14 32 7
15 32 7
16 32 7
17 32 11
18 32 11
19 32 11
20 32 11
21 32 11
22 32 11
23 32 11
24 32 11
25 32 11
26 32 11
27 32 11
28 32 11
29 32 8
30 32 8
31 32 8
32 32 8
33 32 8
34 32 8
35 32 8
36 32 8
37 32 8
38 32 8
14 33 7
15 33 7
16 33 7
17 33 11
18 33 11
19 33 11
20 33 11
21 33 11
22 33 11
23 33 11
24 33 11
25 33 11
26 33 11
27 33 11
28 33 11
29 33 8
30 33 8
31 33 8
32 33 8
33 33 8
34 33 8
35 33 8
36 33 8
37 33 8
38 33 8
15 34 7
16 34 7
17 34 11
18 34 11
19 34 11
20 34 11
21 34 11
22 34 11
23 34 11
24 34 11
25 34 11
26 34 11
27 34 11
28 34 11
29 34 8
30 34 8
31 34 8
32 34 8
33 34 8
34 34 8
35 34 8
36 34 8
37 34 8
38 34 8
16 35 7
17 35 11
18 35 11
19 35 11
20 35 11
21 35 11
22 35 11
23 35 11
24 35 11
25 35 11
26 35 11
27 35 11
28 35 11
29 35 8
30 35 8
31 35 8
32 35 8
33 35 8
34 35 8
35 35 8
36 35 8
37 35 8
38 35 8
17 36 11
18 36 11
19 36 11
20 36 11
21 36 11
22 36 11
23 36 11
24 36 11
25 36 11
26 36 11
27 36 11
28 36 11
29 36 8
30 36 8
31 36 8
32 36 8
33 36 8
34 36 8
35 36 8
36 36 8
37 36 8
38 36 8
18 37 11
19 37 11
20 37 11
21 37 11
22 37 11
23 37 11
24 37 11
25 37 11
26 37 11
27 37 11
28 37 11
29 37 8
30 37 8
31 37 8
32 37 8
33 37 8
34 37 8
35 37 8
36 37 8
37 37 8
38 37 8
21 38 11
22 38 11
23 38 11
24 38 11
25 38 11
26 38 11
27 38 11
28 38 11
29 38 8
30 38 8
31 38 8
32 38 8
33 38 8
34 38 8
35 38 8
36 38 8
37 38 8
24 39 11
25 39 11
26 39 11
27 39 11
28 39 11
29 39 8
30 39 8
31 39 8
32 39 8
33 39 8
34 39 8
35 39 8
36 39 8
37 39 8
26 40 11
27 40 11
28 40 11
29 40 8
30 40 8
31 40 8
32 40 8
33 40 8
34 40 8
35 40 8
36 40 8
37 40 8
30 41 8
31 41 8
32 41 8
33 41 8
34 41 8
35 41 8
36 41 8
37 41 8
32 42 8
33 42 8
34 42 8
35 42 8
36 42 8
