45 35 1090
9 1 7
10 1 7
11 1 7
12 1 7
13 1 7
14 1 7
15 1 7
16 1 7
17 1 7
18 1 7
19 1 2
20 1 2
21 1 2
22 1 2
23 1 2
24 1 2
25 1 2
26 1 2
27 1 2
28 1 2
29 1 2
30 1 1
31 1 1
32 1 1
33 1 1
34 1 1
8 2 7
9 2 7
10 2 7
11 2 7
12 2 7
13 2 7
14 2 7
15 2 7
16 2 7
17 2 7
18 2 7
19 2 2
20 2 2
21 2 2
22 2 2
23 2 2
24 2 2
25 2 2
26 2 2
27 2 2
28 2 2
29 2 2
30 2 1
31 2 1
32 2 1
33 2 1
34 2 1
35 2 1
7 3 7
8 3 7
9 3 7
10 3 7
11 3 7
12 3 7
13 3 7
14 3 7
15 3 7
16 3 7
17 3 7
18 3 7
19 3 2
20 3 2
21 3 2
22 3 2
23 3 2
24 3 2
25 3 2
26 3 2
27 3 2
28 3 2
29 3 2
30 3 1
31 3 1
32 3 1
33 3 1
34 3 1
35 3 1
36 3 1
7 4 7
8 4 7
9 4 7
10 4 7
11 4 7
12 4 7
13 4 7
14 4 7
15 4 7
16 4 7
17 4 7
18 4 7
19 4 2
20 4 2
21 4 2
22 4 2
23 4 2
24 4 2
25 4 2
26 4 2
27 4 2
28 4 2
29 4 2
30 4 1
31 4 1
32 4 1
33 4 1
34 4 1
35 4 1
36 4 1
37 4 1
6 5 7
7 5 7
8 5 7
9 5 7
10 5 7
11 5 7
12 5 7
13 5 7
14 5 7
15 5 7
16 5 7
17 5 7
18 5 7
19 5 2
20 5 2
21 5 2
22 5 2
23 5 2
24 5 2
25 5 2
26 5 2
27 5 2
28 5 2
29 5 2
30 5 1
31 5 1
32 5 1
33 5 1
34 5 1
35 5 1
36 5 1
37 5 1
38 5 1
5 6 7
6 6 7
7 6 7
8 6 7
9 6 7
10 6 7
11 6 7
12 6 7
13 6 7
14 6 7
15 6 7
16 6 7
17 6 7
18 6 7
19 6 2
20 6 2
21 6 2
22 6 2
23 6 2
24 6 2
25 6 2
26 6 2
27 6 2
28 6 2
29 6 2
30 6 1
31 6 1
32 6 1
33 6 1
34 6 1
35 6 1
36 6 1
37 6 1
38 6 1
39 6 1
4 7 7
5 7 7
6 7 7
7 7 7
8 7 7
9 7 7
10 7 7
11 7 7
12 7 7
13 7 7
14 7 7
15 7 7
16 7 7
17 7 7
18 7 7
19 7 2
20 7 2
21 7 2
22 7 2
23 7 2
24 7 2
25 7 2
26 7 2
27 7 2
28 7 2
29 7 2
30 7 1
31 7 1
32 7 1
33 7 1
34 7 1
35 7 1
36 7 1
37 7 1
38 7 1
39 7 1
40 7 1
41 7 1
4 8 7
5 8 7
6 8 7
7 8 7
8 8 7
9 8 7
10 8 7
11 8 7
12 8 7
13 8 7
14 8 7
15 8 7
16 8 7
17 8 7
18 8 7
19 8 2
20 8 2
21 8 2
22 8 2
23 8 2
24 8 2
25 8 2
26 8 2
27 8 2
28 8 2
29 8 1
30 8 1
31 8 1
32 8 1
33 8 1
34 8 1
35 8 1
36 8 1
37 8 1
38 8 1
39 8 1
40 8 1
41 8 1
3 9 6
4 9 6
5 9 6
6 9 6
7 9 6
8 9 6
9 9 6
10 9 6
11 9 6
12 9 7
13 9 7
14 9 7
15 9 7
16 9 7
17 9 7
18 9 7
19 9 2
20 9 2
21 9 2
22 9 2
23 9 2
24 9 2
25 9 2
26 9 2
27 9 2
28 9 2
29 9 1
30 9 1
31 9 1
32 9 1
33 9 1
34 9 1
35 9 1
36 9 1
37 9 1
38 9 1
39 9 1
40 9 1
41 9 1
42 9 1
2 10 6
3 10 6
4 10 6
5 10 6
6 10 6
7 10 6
8 10 6
9 10 6
10 10 6
11 10 6
12 10 6
13 10 6
14 10 4
15 10 4
16 10 4
17 10 4
18 10 4
19 10 4
20 10 4
21 10 4
22 10 4
23 10 2
24 10 2
25 10 2
26 10 2
27 10 2
28 10 2
29 10 1
30 10 1
31 10 1
32 10 1
33 10 1
34 10 1
35 10 1
36 10 1
37 10 1
38 10 1
39 10 1
40 10 1
41 10 1
42 10 1
1 11 6
2 11 6
3 11 6
4 11 6
5 11 6
6 11 6
7 11 6
8 11 6
9 11 6
10 11 6
11 11 6
12 11 6
13 11 6
14 11 4
15 11 4
16 11 4
17 11 4
18 11 4
19 11 4
20 11 4
21 11 4
22 11 4
23 11 2
24 11 2
25 11 2
26 11 2
27 11 2
28 11 2
29 11 1
30 11 1
31 11 1
32 11 1
33 11 1
34 11 1
35 11 1
36 11 1
37 11 1
38 11 1
39 11 1
40 11 9
41 11 9
42 11 9
43 11 9
2 12 6
3 12 6
4 12 6
5 12 6
6 12 6
7 12 6
8 12 6
9 12 6
10 12 6
11 12 6
12 12 6
13 12 6
14 12 4
15 12 4
16 12 4
17 12 4
18 12 4
19 12 4
20 12 4
21 12 4
22 12 4
23 12 4
24 12 4
25 12 3
26 12 3
27 12 3
28 12 3
29 12 3
30 12 3
31 12 3
32 12 3
33 12 3
34 12 3
35 12 9
36 12 9
37 12 9
38 12 9
39 12 9
40 12 9
41 12 9
42 12 9
43 12 9
44 12 9
3 13 6
4 13 6
5 13 6
6 13 6
7 13 6
8 13 6
9 13 6
10 13 6
11 13 6
12 13 6
13 13 6
14 13 4
15 13 4
16 13 4
17 13 4
18 13 4
19 13 4
20 13 4
21 13 4
22 13 4
23 13 4
24 13 4
25 13 3
26 13 3
27 13 3
28 13 3
29 13 3
30 13 3
31 13 3
32 13 3
33 13 3
34 13 3
35 13 9
36 13 9
37 13 9
38 13 9
39 13 9
40 13 9
41 13 9
42 13 9
43 13 9
3 14 6
4 14 6
5 14 6
6 14 6
7 14 6
8 14 6
9 14 6
10 14 6
11 14 6
12 14 6
13 14 4
14 14 4
15 14 4
16 14 4
17 14 4
18 14 4
19 14 4
20 14 4
21 14 4
22 14 4
23 14 4
24 14 4
25 14 3
26 14 3
27 14 3
28 14 3
29 14 3
30 14 3
31 14 3
32 14 3
33 14 3
34 14 9
35 14 9
36 14 9
37 14 9
38 14 9
39 14 9
40 14 9
41 14 9
42 14 9
43 14 9
4 15 6
5 15 6
6 15 6
7 15 6
8 15 6
9 15 6
10 15 6
11 15 6
12 15 6
13 15 4
14 15 4
15 15 4
16 15 4
17 15 4
18 15 4
19 15 4
20 15 4
21 15 4
22 15 4
23 15 4
24 15 4
25 15 3
26 15 3
27 15 3
28 15 3
29 15 3
30 15 3
31 15 3
32 15 3
33 15 3
34 15 9
35 15 9
36 15 9
37 15 9
38 15 9
39 15 9
40 15 9
41 15 9
42 15 9
43 15 9
5 16 6
6 16 6
7 16 6
8 16 6
9 16 6
10 16 6
11 16 6
12 16 6
13 16 4
14 16 4
15 16 4
16 16 4
17 16 4
18 16 4
19 16 4
20 16 4
21 16 4
22 16 4
23 16 4
24 16 4
25 16 3
26 16 3
27 16 3
28 16 3
29 16 3
30 16 3
31 16 3
32 16 3
33 16 3
34 16 9
35 16 9
36 16 9
37 16 9
38 16 9
39 16 9
40 16 9
41 16 9
42 16 9
43 16 9
5 17 6
6 17 6
7 17 6
8 17 6
9 17 6
10 17 6
11 17 6
12 17 6
13 17 4
14 17 4
15 17 4
16 17 4
17 17 4
18 17 4
19 17 4
20 17 4
21 17 4
22 17 4
23 17 4
24 17 4
25 17 3
26 17 3
27 17 3
28 17 3
29 17 3
30 17 3
31 17 3
32 17 3
33 17 3
34 17 9
35 17 9
36 17 9
37 17 9
38 17 9
39 17 9
40 17 9
41 17 9
42 17 9
43 17 9
6 18 6
7 18 6
8 18 6
9 18 6
10 18 6
11 18 6
12 18 6
13 18 4
14 18 4
15 18 4
16 18 4
17 18 4
18 18 4
19 18 4
20 18 4
21 18 4
22 18 4
23 18 4
24 18 3
25 18 3
26 18 3
27 18 3
28 18 3
29 18 3
30 18 3
31 18 3
32 18 3
33 18 3
34 18 9
35 18 9
36 18 9
37 18 9
38 18 9
39 18 9
40 18 9
41 18 9
42 18 9
43 18 9
7 19 6
8 19 6
9 19 6
10 19 6
11 19 6
12 19 6
13 19 4
14 19 4
15 19 4
16 19 4
17 19 4
18 19 4
19 19 4
20 19 4
21 19 4
22 19 4
23 19 3
24 19 3
25 19 3
26 19 3
27 19 3
28 19 3
29 19 3
30 19 3
31 19 3
32 19 3
33 19 3
34 19 9
35 19 9
36 19 9
37 19 9
38 19 9
39 19 9
40 19 9
41 19 9
42 19 9
8 20 6
9 20 6
10 20 6
11 20 6
12 20 8
13 20 8
14 20 8
15 20 8
16 20 8
17 20 8
18 20 8
19 20 8
20 20 8
21 20 8
22 20 8
23 20 3
24 20 3
25 20 3
26 20 3
27 20 3
28 20 3
29 20 3
30 20 3
31 20 3
32 20 3
33 20 3
34 20 9
35 20 9
36 20 9
37 20 9
38 20 9
39 20 9
40 20 9
41 20 9
42 20 9
9 21 8
10 21 8
11 21 8
12 21 8
13 21 8
14 21 8
15 21 8
16 21 8
17 21 8
18 21 8
19 21 8
20 21 8
21 21 8
22 21 8
23 21 3
24 21 3
25 21 3
26 21 3
27 21 3
28 21 3
29 21 3
30 21 3
31 21 3
32 21 3
33 21 3
34 21 9
35 21 9
36 21 9
37 21 9
38 21 9
39 21 9
40 21 9
41 21 9
42 21 9
9 22 8
10 22 8
11 22 8
12 22 8
13 22 8
14 22 8
15 22 8
16 22 8
17 22 8
18 22 8
19 22 8
20 22 8
21 22 8
22 22 8
23 22 3
24 22 3
25 22 3
26 22 3
27 22 3
28 22 3
29 22 3
30 22 3
31 22 3
32 22 3
33 22 10
34 22 9
35 22 9
36 22 9
37 22 9
38 22 9
39 22 9
40 22 9
41 22 9
42 22 9
10 23 8
11 23 8
12 23 8
13 23 8
14 23 8
15 23 8
16 23 8
17 23 8
18 23 8
19 23 8
20 23 8
21 23 8
22 23 8
23 23 5
24 23 5
25 23 5
26 23 5
27 23 5
28 23 5
29 23 5
30 23 5
31 23 5
32 23 10
33 23 10
34 23 10
35 23 10
36 23 10
37 23 10
38 23 10
39 23 10
40 23 10
41 23 10
42 23 10
11 24 8
12 24 8
13 24 8
14 24 8
15 24 8
16 24 8
17 24 8
18 24 8
19 24 8
20 24 8
21 24 8
22 24 8
23 24 5
24 24 5
25 24 5
26 24 5
27 24 5
28 24 5
29 24 5
30 24 5
31 24 5
32 24 10
33 24 10
34 24 10
35 24 10
36 24 10
37 24 10
38 24 10
39 24 10
40 24 10
41 24 10
42 24 10
12 25 8
13 25 8
14 25 8
15 25 8
16 25 8
17 25 8
18 25 8
19 25 8
20 25 8
21 25 8
22 25 8
23 25 5
24 25 5
25 25 5
26 25 5
27 25 5
28 25 5
29 25 5
30 25 5
31 25 5
32 25 10
33 25 10
34 25 10
35 25 10
36 25 10
37 25 10
38 25 10
39 25 10
40 25 10
41 25 10
42 25 10
13 26 8
14 26 8
15 26 8
16 26 8
17 26 8
18 26 8
19 26 8
20 26 8
21 26 8
22 26 8
23 26 5
24 26 5
25 26 5
26 26 5
27 26 5
28 26 5
29 26 5
30 26 5
31 26 5
32 26 10
33 26 10
34 26 10
35 26 10
36 26 10
37 26 10
38 26 10
39 26 10
40 26 10
41 26 10
42 26 10
13 27 8
14 27 8
15 27 8
16 27 8
17 27 8
18 27 8
19 27 8
20 27 8
21 27 8
22 27 8
23 27 5
24 27 5
25 27 5
26 27 5
27 27 5
28 27 5
29 27 5
30 27 5
31 27 5
32 27 5
33 27 10
34 27 10
35 27 10
36 27 10
37 27 10
38 27 10
39 27 10
40 27 10
41 27 10
42 27 10
16 28 8
17 28 8
18 28 8
19 28 8
20 28 8
21 28 8
22 28 8
23 28 5
24 28 5
25 28 5
26 28 5
27 28 5
28 28 5
29 28 5
30 28 5
31 28 5
32 28 5
33 28 10
34 28 10
35 28 10
36 28 10
37 28 10
38 28 10
39 28 10
40 28 10
41 28 10
18 29 8
19 29 8
20 29 8
21 29 8
22 29 8
23 29 5
24 29 5
25 29 5
26 29 5
27 29 5
28 29 5
29 29 5
30 29 5
31 29 5
32 29 5
33 29 10
34 29 10
35 29 10
36 29 10
37 29 10
38 29 10
39 29 10
40 29 10
41 29 10
20 30 8
21 30 8
22 30 5
23 30 5
24 30 5
25 30 5
26 30 5
27 30 5
28 30 5
29 30 5
30 30 5
31 30 5
32 30 5
33 30 10
34 30 10
35 30 10
36 30 10
37 30 10
38 30 10
39 30 10
40 30 10
41 30 10
22 31 5
23 31 5
24 31 5
25 31 5
26 31 5
27 31 5
28 31 5
29 31 5
30 31 5
31 31 5
32 31 5
33 31 10
34 31 10
35 31 10
36 31 10
37 31 10
38 31 10
39 31 10
40 31 10
41 31 10
24 32 5
25 32 5
26 32 5
27 32 5
28 32 5
29 32 5
30 32 5
31 32 5
32 32 5
33 32 10
34 32 10
35 32 10
36 32 10
37 32 10
38 32 10
39 32 10
40 32 10
41 32 10
26 33 5
27 33 5
28 33 5
29 33 5
30 33 5
31 33 5
32 33 5
33 33 10
34 33 10
35 33 10
36 33 10
37 33 10
38 33 10
28 34 5
29 34 5
30 34 5
31 34 5
32 34 5
33 34 10
34 34 10
35 34 10
