67 74 3270
1 3 22
1 4 22
1 5 22
1 6 22
1 7 22
1 8 22
1 9 22
1 10 22
1 11 22
1 12 22
1 13 22
1 14 22
1 15 22
1 16 22
1 17 22
1 18 22
1 19 8
1 20 8
1 21 8
1 22 8
1 23 8
1 24 8
1 25 8
1 26 8
1 27 8
1 28 8
1 29 8
1 30 8
1 31 8
1 32 8
1 33 8
2 3 22
2 4 22
2 5 22
2 6 22
2 7 22
2 8 22
2 9 22
2 10 22
2 11 22
2 12 22
2 13 22
2 14 22
2 15 22
2 16 22
2 17 22
2 18 22
2 19 8
2 20 8
2 21 8
2 22 8
2 23 8
2 24 8
2 25 8
2 26 8
2 27 8
2 28 8
2 29 8
2 30 8
2 31 8
2 32 8
2 33 8
2 34 8
3 3 22
3 4 22
3 5 22
3 6 22
3 7 22
3 8 22
3 9 22
3 10 22
3 11 22
3 12 22
3 13 22
3 14 22
3 15 22
3 16 22
3 17 22
3 18 22
3 19 8
3 20 8
3 21 8
3 22 8
3 23 8
3 24 8
3 25 8
3 26 8
3 27 8
3 28 8
3 29 8
3 30 8
3 31 8
3 32 8
3 33 8
3 34 8
4 4 22
4 5 22
4 6 22
4 7 22
4 8 22
4 9 22
4 10 22
4 11 22
4 12 22
4 13 22
4 14 22
4 15 22
4 16 22
4 17 22
4 18 22
4 19 8
4 20 8
4 21 8
4 22 8
4 23 8
4 24 8
4 25 8
4 26 8
4 27 8
4 28 8
4 29 8
4 30 8
4 31 8
4 32 8
4 33 8
4 34 8
4 35 21
5 3 22
5 4 22
5 5 22
5 6 22
5 7 22
5 8 22
5 9 22
5 10 22
5 11 22
5 12 22
5 13 22
5 14 22
5 15 22
5 16 22
5 17 22
5 18 22
5 19 8
5 20 8
5 21 8
5 22 8
5 23 8
5 24 8
5 25 8
5 26 8
5 27 8
5 28 8
5 29 8
5 30 8
5 31 8
5 32 8
5 33 8
5 34 8
5 35 21
5 36 21
6 3 22
6 4 22
6 5 22
6 6 22
6 7 22
6 8 22
6 9 22
6 10 22
6 11 22
6 12 22
6 13 22
6 14 22
6 15 22
6 16 22
6 17 22
6 18 22
6 19 8
6 20 8
6 21 8
6 22 8
6 23 8
6 24 8
6 25 8
6 26 8
6 27 8
6 28 8
6 29 8
6 30 8
6 31 8
6 32 8
6 33 8
6 34 8
6 35 21
6 36 21
6 37 21
6 38 21
7 3 22
7 4 22
7 5 22
7 6 22
7 7 22
7 8 22
7 9 22
7 10 22
7 11 22
7 12 22
7 13 22
7 14 22
7 15 22
7 16 22
7 17 18
7 18 18
7 19 18
7 20 8
7 21 8
7 22 8
7 23 8
7 24 8
7 25 8
7 26 8
7 27 8
7 28 8
7 29 8
7 30 8
7 31 8
7 32 8
7 33 8
7 34 21
7 35 21
7 36 21
7 37 21
7 38 21
7 39 21
8 2 7
8 3 7
8 4 7
8 5 7
8 6 7
8 7 7
8 8 7
8 9 7
8 10 7
8 11 18
8 12 18
8 13 18
8 14 18
8 15 18
8 16 18
8 17 18
8 18 18
8 19 18
8 20 18
8 21 18
8 22 18
8 23 18
8 24 18
8 25 18
8 26 18
8 27 18
8 28 18
8 29 18
8 30 21
8 31 21
8 32 21
8 33 21
8 34 21
8 35 21
8 36 21
8 37 21
8 38 21
8 39 21
8 40 21
9 2 7
9 3 7
9 4 7
9 5 7
9 6 7
9 7 7
9 8 7
9 9 7
9 10 7
9 11 18
9 12 18
9 13 18
9 14 18
9 15 18
9 16 18
9 17 18
9 18 18
9 19 18
9 20 18
9 21 18
9 22 18
9 23 18
9 24 18
9 25 18
9 26 18
9 27 18
9 28 18
9 29 18
9 30 21
9 31 21
9 32 21
9 33 21
9 34 21
9 35 21
9 36 21
9 37 21
9 38 21
9 39 21
9 40 21
9 41 21
10 2 7
10 3 7
10 4 7
10 5 7
10 6 7
10 7 7
10 8 7
10 9 7
10 10 7
10 11 18
10 12 18
10 13 18
10 14 18
10 15 18
10 16 18
10 17 18
10 18 18
10 19 18
10 20 18
10 21 18
10 22 18
10 23 18
10 24 18
10 25 18
10 26 18
10 27 18
10 28 18
10 29 18
10 30 21
10 31 21
10 32 21
10 33 21
10 34 21
10 35 21
10 36 21
10 37 21
10 38 21
10 39 21
10 40 21
10 41 21
10 42 21
11 1 7
11 2 7
11 3 7
11 4 7
11 5 7
11 6 7
11 7 7
11 8 7
11 9 7
11 10 7
11 11 18
11 12 18
11 13 18
11 14 18
11 15 18
11 16 18
11 17 18
11 18 18
11 19 18
11 20 18
11 21 18
11 22 18
11 23 18
11 24 18
11 25 18
11 26 18
11 27 18
11 28 18
11 29 18
11 30 21
11 31 21
11 32 21
11 33 21
11 34 21
11 35 21
11 36 21
11 37 21
11 38 21
11 39 21
11 40 21
11 41 21
11 42 21
11 43 21
12 2 7
12 3 7
12 4 7
12 5 7
12 6 7
12 7 7
12 8 7
12 9 7
12 10 7
12 11 18
12 12 18
12 13 18
12 14 18
12 15 18
12 16 18
12 17 18
12 18 18
12 19 18
12 20 18
12 21 18
12 22 18
12 23 18
12 24 18
12 25 18
12 26 18
12 27 18
12 28 18
12 29 18
12 30 21
12 31 21
12 32 21
12 33 21
12 34 21
12 35 21
12 36 21
12 37 21
12 38 21
12 39 21
12 40 21
12 41 21
12 42 21
12 43 21
12 44 21
12 45 21
13 2 7
13 3 7
13 4 7
13 5 7
13 6 7
13 7 7
13 8 7
13 9 7
13 10 7
13 11 7
13 12 18
13 13 18
13 14 18
13 15 18
13 16 18
13 17 18
13 18 18
13 19 18
13 20 18
13 21 18
13 22 18
13 23 17
13 24 17
13 25 17
13 26 17
13 27 17
13 28 17
13 29 17
13 30 17
13 31 21
13 32 21
13 33 21
13 34 21
13 35 21
13 36 21
13 37 21
13 38 21
13 39 21
13 40 21
13 41 21
13 42 21
13 43 21
13 44 21
13 45 21
13 46 21
14 2 7
14 3 7
14 4 7
14 5 7
14 6 7
14 7 7
14 8 7
14 9 7
14 10 7
14 11 7
14 12 12
14 13 12
14 14 12
14 15 12
14 16 12
14 17 12
14 18 12
14 19 12
14 20 12
14 21 12
14 22 12
14 23 17
14 24 17
14 25 17
14 26 17
14 27 17
14 28 17
14 29 17
14 30 17
14 31 28
14 32 28
14 33 28
14 34 28
14 35 28
14 36 28
14 37 28
14 38 28
14 39 21
14 40 21
14 41 21
14 42 21
14 43 21
14 44 21
14 45 21
14 46 21
14 47 6
15 2 7
15 3 7
15 4 7
15 5 7
15 6 7
15 7 7
15 8 7
15 9 7
15 10 7
15 11 12
15 12 12
15 13 12
15 14 12
15 15 12
15 16 12
15 17 12
15 18 12
15 19 12
15 20 12
15 21 12
15 22 12
15 23 17
15 24 17
15 25 17
15 26 17
15 27 17
15 28 17
15 29 17
15 30 17
15 31 28
15 32 28
15 33 28
15 34 28
15 35 28
15 36 28
15 37 28
15 38 28
15 39 21
15 40 21
15 41 21
15 42 21
15 43 21
15 44 21
15 45 6
15 46 6
15 47 6
15 48 6
16 2 7
16 3 7
16 4 7
16 5 7
16 6 7
16 7 7
16 8 7
16 9 7
16 10 7
16 11 12
16 12 12
16 13 12
16 14 12
16 15 12
16 16 12
16 17 12
16 18 12
16 19 12
16 20 12
16 21 12
16 22 17
16 23 17
16 24 17
16 25 17
16 26 17
16 27 17
16 28 17
16 29 17
16 30 17
16 31 28
16 32 28
16 33 28
16 34 28
16 35 28
16 36 28
16 37 28
16 38 28
16 39 28
16 40 28
16 41 6
16 42 6
16 43 6
16 44 6
16 45 6
16 46 6
16 47 6
16 48 6
16 49 6
17 2 7
17 3 7
17 4 7
17 5 7
17 6 7
17 7 7
17 8 7
17 9 7
17 10 7
17 11 12
17 12 12
17 13 12
17 14 12
17 15 12
17 16 12
17 17 12
17 18 12
17 19 12
17 20 12
17 21 12
17 22 17
17 23 17
17 24 17
17 25 17
17 26 17
17 27 17
17 28 17
17 29 17
17 30 17
17 31 28
17 32 28
17 33 28
17 34 28
17 35 28
17 36 28
17 37 28
17 38 28
17 39 28
17 40 28
17 41 6
17 42 6
17 43 6
17 44 6
17 45 6
17 46 6
17 47 6
17 48 6
17 49 6
17 50 6
18 3 7
18 4 7
18 5 7
18 6 7
18 7 7
18 8 7
18 9 7
18 10 7
18 11 12
18 12 12
18 13 12
18 14 12
18 15 12
18 16 12
18 17 12
18 18 12
18 19 12
18 20 12
18 21 12
18 22 17
18 23 17
18 24 17
18 25 17
18 26 17
18 27 17
18 28 17
18 29 17
18 30 17
18 31 28
18 32 28
18 33 28
18 34 28
18 35 28
18 36 28
18 37 28
18 38 28
18 39 28
18 40 28
18 41 6
18 42 6
18 43 6
18 44 6
18 45 6
18 46 6
18 47 6
18 48 6
18 49 6
18 50 6
18 51 6
18 52 6
19 3 7
19 4 7
19 5 7
19 6 7
19 7 7
19 8 7
19 9 7
19 10 7
19 11 12
19 12 12
19 13 12
19 14 12
19 15 12
19 16 12
19 17 12
19 18 12
19 19 12
19 20 12
19 21 12
19 22 17
19 23 17
19 24 17
19 25 17
19 26 17
19 27 17
19 28 17
19 29 17
19 30 17
19 31 28
19 32 28
19 33 28
19 34 28
19 35 28
19 36 28
19 37 28
19 38 28
19 39 28
19 40 28
19 41 6
19 42 6
19 43 6
19 44 6
19 45 6
19 46 6
19 47 6
19 48 6
19 49 6
19 50 6
19 51 6
19 52 6
19 53 9
20 3 15
20 4 15
20 5 15
20 6 15
20 7 15
20 8 15
20 9 15
20 10 15
20 11 12
20 12 12
20 13 12
20 14 12
20 15 12
20 16 12
20 17 12
20 18 12
20 19 12
20 20 12
20 21 12
20 22 17
20 23 17
20 24 17
20 25 17
20 26 17
20 27 17
20 28 17
20 29 17
20 30 17
20 31 28
20 32 28
20 33 28
20 34 28
20 35 28
20 36 28
20 37 28
20 38 28
20 39 28
20 40 28
20 41 6
20 42 6
20 43 6
20 44 6
20 45 6
20 46 6
20 47 6
20 48 6
20 49 6
20 50 6
20 51 6
20 52 9
20 53 9
20 54 9
21 3 15
21 4 15
21 5 15
21 6 15
21 7 15
21 8 15
21 9 15
21 10 15
21 11 12
21 12 12
21 13 12
21 14 12
21 15 12
21 16 12
21 17 12
21 18 12
21 19 12
21 20 12
21 21 12
21 22 17
21 23 17
21 24 17
21 25 17
21 26 17
21 27 17
21 28 17
21 29 17
21 30 17
21 31 17
21 32 28
21 33 28
21 34 28
21 35 28
21 36 28
21 37 28
21 38 28
21 39 28
21 40 28
21 41 6
21 42 6
21 43 6
21 44 6
21 45 6
21 46 6
21 47 6
21 48 6
21 49 6
21 50 6
21 51 9
21 52 9
21 53 9
21 54 9
21 55 9
22 3 15
22 4 15
22 5 15
22 6 15
22 7 15
22 8 15
22 9 15
22 10 15
22 11 15
22 12 12
22 13 12
22 14 12
22 15 12
22 16 12
22 17 12
22 18 12
22 19 12
22 20 12
22 21 12
22 22 17
22 23 17
22 24 17
22 25 17
22 26 17
22 27 17
22 28 17
22 29 17
22 30 17
22 31 17
22 32 28
22 33 28
22 34 28
22 35 28
22 36 28
22 37 28
22 38 28
22 39 28
22 40 28
22 41 6
22 42 6
22 43 6
22 44 6
22 45 6
22 46 6
22 47 6
22 48 6
22 49 6
22 50 6
22 51 9
22 52 9
22 53 9
22 54 9
22 55 9
22 56 9
23 3 15
23 4 15
23 5 15
23 6 15
23 7 15
23 8 15
23 9 15
23 10 15
23 11 15
23 12 12
23 13 12
23 14 12
23 15 12
23 16 12
23 17 12
23 18 12
23 19 12
23 20 12
23 21 12
23 22 17
23 23 17
23 24 17
23 25 17
23 26 17
23 27 17
23 28 17
23 29 17
23 30 17
23 31 17
23 32 28
23 33 28
23 34 28
23 35 28
23 36 28
23 37 28
23 38 28
23 39 28
23 40 28
23 41 6
23 42 6
23 43 6
23 44 6
23 45 6
23 46 6
23 47 6
23 48 6
23 49 6
23 50 6
23 51 9
23 52 9
23 53 9
23 54 9
23 55 9
23 56 9
23 57 9
24 3 15
24 4 15
24 5 15
24 6 15
24 7 15
24 8 15
24 9 15
24 10 15
24 11 15
24 12 25
24 13 25
24 14 25
24 15 25
24 16 25
24 17 25
24 18 25
24 19 25
24 20 25
24 21 25
24 22 17
24 23 17
24 24 17
24 25 17
24 26 17
24 27 17
24 28 17
24 29 17
24 30 17
24 31 17
24 32 28
24 33 28
24 34 28
24 35 28
24 36 28
24 37 28
24 38 28
24 39 28
24 40 28
24 41 6
24 42 6
24 43 6
24 44 6
24 45 6
24 46 6
24 47 6
24 48 6
24 49 6
24 50 6
24 51 9
24 52 9
24 53 9
24 54 9
24 55 9
24 56 9
24 57 9
24 58 9
24 59 9
25 4 15
25 5 15
25 6 15
25 7 15
25 8 15
25 9 15
25 10 15
25 11 15
25 12 25
25 13 25
25 14 25
25 15 25
25 16 25
25 17 25
25 18 25
25 19 25
25 20 25
25 21 25
25 22 3
25 23 3
25 24 3
25 25 3
25 26 3
25 27 3
25 28 3
25 29 3
25 30 4
25 31 4
25 32 4
25 33 4
25 34 28
25 35 28
25 36 28
25 37 28
25 38 28
25 39 28
25 40 28
25 41 6
25 42 6
25 43 6
25 44 6
25 45 6
25 46 6
25 47 6
25 48 6
25 49 6
25 50 6
25 51 9
25 52 9
25 53 9
25 54 9
25 55 9
25 56 9
25 57 9
25 58 9
25 59 9
25 60 9
26 4 15
26 5 15
26 6 15
26 7 15
26 8 15
26 9 15
26 10 15
26 11 15
26 12 25
26 13 25
26 14 25
26 15 25
26 16 25
26 17 25
26 18 25
26 19 25
26 20 25
26 21 25
26 22 3
26 23 3
26 24 3
26 25 3
26 26 3
26 27 3
26 28 3
26 29 3
26 30 4
26 31 4
26 32 4
26 33 4
26 34 4
26 35 4
26 36 4
26 37 4
26 38 4
26 39 4
26 40 4
26 41 24
26 42 24
26 43 24
26 44 24
26 45 24
26 46 24
26 47 24
26 48 24
26 49 24
26 50 24
26 51 9
26 52 9
26 53 9
26 54 9
26 55 9
26 56 9
26 57 9
26 58 9
26 59 9
26 60 9
26 61 9
27 4 15
27 5 15
27 6 15
27 7 15
27 8 15
27 9 15
27 10 15
27 11 15
27 12 25
27 13 25
27 14 25
27 15 25
27 16 25
27 17 25
27 18 25
27 19 25
27 20 25
27 21 25
27 22 3
27 23 3
27 24 3
27 25 3
27 26 3
27 27 3
27 28 3
27 29 3
27 30 4
27 31 4
27 32 4
27 33 4
27 34 4
27 35 4
27 36 4
27 37 4
27 38 4
27 39 4
27 40 4
27 41 24
27 42 24
27 43 24
27 44 24
27 45 24
27 46 24
27 47 24
27 48 24
27 49 24
27 50 24
27 51 9
27 52 9
27 53 9
27 54 9
27 55 9
27 56 9
27 57 9
27 58 9
27 59 9
27 60 9
27 61 9
27 62 9
28 4 15
28 5 15
28 6 15
28 7 15
28 8 15
28 9 15
28 10 15
28 11 15
28 12 25
28 13 25
28 14 25
28 15 25
28 16 25
28 17 25
28 18 25
28 19 25
28 20 25
28 21 25
28 22 3
28 23 3
28 24 3
28 25 3
28 26 3
28 27 3
28 28 3
28 29 3
28 30 4
28 31 4
28 32 4
28 33 4
28 34 4
28 35 4
28 36 4
28 37 4
28 38 4
28 39 4
28 40 4
28 41 24
28 42 24
28 43 24
28 44 24
28 45 24
28 46 24
28 47 24
28 48 24
28 49 24
28 50 24
28 51 24
28 52 9
28 53 9
28 54 9
28 55 9
28 56 9
28 57 9
28 58 9
28 59 9
28 60 9
28 61 9
28 62 9
28 63 9
29 5 15
29 6 15
29 7 15
29 8 15
29 9 15
29 10 15
29 11 15
29 12 25
29 13 25
29 14 25
29 15 25
29 16 25
29 17 25
29 18 25
29 19 25
29 20 25
29 21 25
29 22 3
29 23 3
29 24 3
29 25 3
29 26 3
29 27 3
29 28 3
29 29 3
29 30 4
29 31 4
29 32 4
29 33 4
29 34 4
29 35 4
29 36 4
29 37 4
29 38 4
29 39 4
29 40 4
29 41 24
29 42 24
29 43 24
29 44 24
29 45 24
29 46 24
29 47 24
29 48 24
29 49 24
29 50 24
29 51 24
29 52 24
29 53 9
29 54 9
29 55 9
29 56 9
29 57 9
29 58 9
29 59 9
29 60 9
29 61 9
29 62 9
29 63 9
29 64 9
30 5 15
30 6 15
30 7 15
30 8 15
30 9 15
30 10 15
30 11 15
30 12 25
30 13 25
30 14 25
30 15 25
30 16 25
30 17 25
30 18 25
30 19 25
30 20 25
30 21 3
30 22 3
30 23 3
30 24 3
30 25 3
30 26 3
30 27 3
30 28 3
30 29 3
30 30 4
30 31 4
30 32 4
30 33 4
30 34 4
30 35 4
30 36 4
30 37 4
30 38 4
30 39 4
30 40 4
30 41 24
30 42 24
30 43 24
30 44 24
30 45 24
30 46 24
30 47 24
30 48 24
30 49 24
30 50 24
30 51 24
30 52 24
30 53 9
30 54 9
30 55 9
30 56 9
30 57 9
30 58 9
30 59 9
30 60 9
30 61 9
30 62 9
30 63 9
30 64 9
30 65 9
30 66 30
31 5 15
31 6 15
31 7 15
31 8 15
31 9 15
31 10 15
31 11 15
31 12 25
31 13 25
31 14 25
31 15 25
31 16 25
31 17 25
31 18 25
31 19 25
31 20 25
31 21 3
31 22 3
31 23 3
31 24 3
31 25 3
31 26 3
31 27 3
31 28 3
31 29 3
31 30 4
31 31 4
31 32 4
31 33 4
31 34 4
31 35 4
31 36 4
31 37 4
31 38 4
31 39 4
31 40 4
31 41 24
31 42 24
31 43 24
31 44 24
31 45 24
31 46 24
31 47 24
31 48 24
31 49 24
31 50 24
31 51 24
31 52 24
31 53 14
31 54 14
31 55 14
31 56 14
31 57 14
31 58 9
31 59 9
31 60 9
31 61 9
31 62 9
31 63 9
31 64 9
31 65 9
31 66 30
31 67 30
32 5 15
32 6 15
32 7 15
32 8 15
32 9 15
32 10 15
32 11 15
32 12 25
32 13 25
32 14 25
32 15 25
32 16 25
32 17 25
32 18 25
32 19 25
32 20 25
32 21 3
32 22 3
32 23 3
32 24 3
32 25 3
32 26 3
32 27 3
32 28 3
32 29 3
32 30 4
32 31 4
32 32 4
32 33 4
32 34 4
32 35 4
32 36 4
32 37 4
32 38 4
32 39 4
32 40 4
32 41 24
32 42 24
32 43 24
32 44 24
32 45 24
32 46 24
32 47 24
32 48 24
32 49 24
32 50 24
32 51 24
32 52 24
32 53 14
32 54 14
32 55 14
32 56 14
32 57 14
32 58 14
32 59 14
32 60 14
32 61 14
32 62 30
32 63 30
32 64 30
32 65 30
32 66 30
32 67 30
32 68 30
33 6 15
33 7 15
33 8 15
33 9 15
33 10 15
33 11 15
33 12 25
33 13 25
33 14 25
33 15 25
33 16 25
33 17 25
33 18 25
33 19 25
33 20 25
33 21 3
33 22 3
33 23 3
33 24 3
33 25 3
33 26 3
33 27 3
33 28 3
33 29 3
33 30 4
33 31 4
33 32 4
33 33 4
33 34 4
33 35 4
33 36 4
33 37 19
33 38 19
33 39 19
33 40 19
33 41 24
33 42 24
33 43 24
33 44 24
33 45 24
33 46 24
33 47 24
33 48 24
33 49 24
33 50 24
33 51 24
33 52 24
33 53 14
33 54 14
33 55 14
33 56 14
33 57 14
33 58 14
33 59 14
33 60 14
33 61 14
33 62 30
33 63 30
33 64 30
33 65 30
33 66 30
33 67 30
33 68 30
33 69 30
34 6 27
34 7 27
34 8 27
34 9 27
34 10 27
34 11 27
34 12 27
34 13 25
34 14 25
34 15 25
34 16 25
34 17 25
34 18 25
34 19 25
34 20 25
34 21 3
34 22 3
34 23 3
34 24 3
34 25 3
34 26 3
34 27 3
34 28 3
34 29 3
34 30 4
34 31 4
34 32 4
34 33 4
34 34 4
34 35 4
34 36 4
34 37 19
34 38 19
34 39 19
34 40 19
34 41 19
34 42 19
34 43 24
34 44 24
34 45 24
34 46 24
34 47 24
34 48 24
34 49 24
34 50 24
34 51 24
34 52 24
34 53 14
34 54 14
34 55 14
34 56 14
34 57 14
34 58 14
34 59 14
34 60 14
34 61 14
34 62 30
34 63 30
34 64 30
34 65 30
34 66 30
34 67 30
34 68 30
34 69 30
34 70 30
35 6 27
35 7 27
35 8 27
35 9 27
35 10 27
35 11 27
35 12 27
35 13 27
35 14 27
35 15 27
35 16 25
35 17 25
35 18 25
35 19 25
35 20 25
35 21 3
35 22 3
35 23 3
35 24 3
35 25 3
35 26 3
35 27 3
35 28 3
35 29 3
35 30 4
35 31 4
35 32 4
35 33 4
35 34 4
35 35 4
35 36 4
35 37 19
35 38 19
35 39 19
35 40 19
35 41 19
35 42 19
35 43 19
35 44 19
35 45 24
35 46 24
35 47 24
35 48 24
35 49 24
35 50 24
35 51 24
35 52 24
35 53 14
35 54 14
35 55 14
35 56 14
35 57 14
35 58 14
35 59 14
35 60 14
35 61 14
35 62 30
35 63 30
35 64 30
35 65 30
35 66 30
35 67 30
35 68 30
35 69 30
35 70 30
35 71 30
36 6 27
36 7 27
36 8 27
36 9 27
36 10 27
36 11 27
36 12 27
36 13 27
36 14 27
36 15 27
36 16 16
36 17 16
36 18 16
36 19 16
36 20 16
36 21 3
36 22 3
36 23 3
36 24 3
36 25 3
36 26 3
36 27 3
36 28 3
36 29 3
36 30 4
36 31 4
36 32 4
36 33 4
36 34 4
36 35 4
36 36 4
36 37 19
36 38 19
36 39 19
36 40 19
36 41 19
36 42 19
36 43 19
36 44 19
36 45 1
36 46 1
36 47 1
36 48 1
36 49 1
36 50 1
36 51 1
36 52 1
36 53 14
36 54 14
36 55 14
36 56 14
36 57 14
36 58 14
36 59 14
36 60 14
36 61 14
36 62 30
36 63 30
36 64 30
36 65 30
36 66 30
36 67 30
36 68 30
36 69 30
36 70 30
36 71 30
36 72 30
36 73 30
37 6 27
37 7 27
37 8 27
37 9 27
37 10 27
37 11 27
37 12 27
37 13 27
37 14 27
37 15 27
37 16 16
37 17 16
37 18 16
37 19 16
37 20 16
37 21 16
37 22 16
37 23 16
37 24 3
37 25 3
37 26 3
37 27 3
37 28 3
37 29 3
37 30 26
37 31 26
37 32 26
37 33 26
37 34 26
37 35 26
37 36 26
37 37 19
37 38 19
37 39 19
37 40 19
37 41 19
37 42 19
37 43 19
37 44 19
37 45 1
37 46 1
37 47 1
37 48 1
37 49 1
37 50 1
37 51 1
37 52 1
37 53 14
37 54 14
37 55 14
37 56 14
37 57 14
37 58 14
37 59 14
37 60 14
37 61 14
37 62 30
37 63 30
37 64 30
37 65 30
37 66 30
37 67 30
37 68 30
37 69 30
37 70 30
37 71 30
37 72 30
38 7 27
38 8 27
38 9 27
38 10 27
38 11 27
38 12 27
38 13 27
38 14 27
38 15 27
38 16 16
38 17 16
38 18 16
38 19 16
38 20 16
38 21 16
38 22 16
38 23 16
38 24 16
38 25 16
38 26 26
38 27 26
38 28 26
38 29 26
38 30 26
38 31 26
38 32 26
38 33 26
38 34 26
38 35 26
38 36 26
38 37 19
38 38 19
38 39 19
38 40 19
38 41 19
38 42 19
38 43 19
38 44 19
38 45 1
38 46 1
38 47 1
38 48 1
38 49 1
38 50 1
38 51 1
38 52 1
38 53 14
38 54 14
38 55 14
38 56 14
38 57 14
38 58 14
38 59 14
38 60 14
38 61 14
38 62 30
38 63 30
38 64 30
38 65 30
38 66 30
38 67 30
38 68 30
38 69 30
38 70 30
38 71 30
38 72 30
39 7 27
39 8 27
39 9 27
39 10 27
39 11 27
39 12 27
39 13 27
39 14 27
39 15 27
39 16 27
39 17 16
39 18 16
39 19 16
39 20 16
39 21 16
39 22 16
39 23 16
39 24 16
39 25 16
39 26 26
39 27 26
39 28 26
39 29 26
39 30 26
39 31 26
39 32 26
39 33 26
39 34 26
39 35 26
39 36 26
39 37 19
39 38 19
39 39 19
39 40 19
39 41 19
39 42 19
39 43 19
39 44 19
39 45 1
39 46 1
39 47 1
39 48 1
39 49 1
39 50 1
39 51 1
39 52 1
39 53 14
39 54 14
39 55 14
39 56 14
39 57 14
39 58 14
39 59 14
39 60 14
39 61 14
39 62 30
39 63 30
39 64 30
39 65 30
39 66 30
39 67 30
39 68 30
39 69 30
39 70 30
39 71 30
40 8 27
40 9 27
40 10 27
40 11 27
40 12 27
40 13 27
40 14 27
40 15 27
40 16 27
40 17 16
40 18 16
40 19 16
40 20 16
40 21 16
40 22 16
40 23 16
40 24 16
40 25 16
40 26 26
40 27 26
40 28 26
40 29 26
40 30 26
40 31 26
40 32 26
40 33 26
40 34 26
40 35 26
40 36 26
40 37 19
40 38 19
40 39 19
40 40 19
40 41 19
40 42 19
40 43 19
40 44 19
40 45 1
40 46 1
40 47 1
40 48 1
40 49 1
40 50 1
40 51 1
40 52 1
40 53 14
40 54 14
40 55 14
40 56 14
40 57 14
40 58 14
40 59 14
40 60 14
40 61 14
40 62 30
40 63 30
40 64 30
40 65 30
40 66 30
40 67 30
40 68 30
40 69 30
40 70 30
40 71 30
41 8 27
41 9 27
41 10 27
41 11 27
41 12 27
41 13 27
41 14 27
41 15 27
41 16 27
41 17 16
41 18 16
41 19 16
41 20 16
41 21 16
41 22 16
41 23 16
41 24 16
41 25 16
41 26 26
41 27 26
41 28 26
41 29 26
41 30 26
41 31 26
41 32 26
41 33 26
41 34 26
41 35 26
41 36 26
41 37 19
41 38 19
41 39 19
41 40 19
41 41 19
41 42 19
41 43 19
41 44 19
41 45 1
41 46 1
41 47 1
41 48 1
41 49 1
41 50 1
41 51 1
41 52 1
41 53 14
41 54 14
41 55 14
41 56 14
41 57 14
41 58 14
41 59 14
41 60 14
41 61 14
41 62 30
41 63 30
41 64 30
41 65 30
41 66 30
41 67 30
41 68 30
41 69 30
41 70 30
42 8 27
42 9 27
42 10 27
42 11 27
42 12 27
42 13 27
42 14 27
42 15 27
42 16 27
42 17 16
42 18 16
42 19 16
42 20 16
42 21 16
42 22 16
42 23 16
42 24 16
42 25 16
42 26 26
42 27 26
42 28 26
42 29 26
42 30 26
42 31 26
42 32 26
42 33 26
42 34 26
42 35 26
42 36 26
42 37 19
42 38 19
42 39 19
42 40 19
42 41 19
42 42 19
42 43 19
42 44 19
42 45 1
42 46 1
42 47 1
42 48 1
42 49 1
42 50 1
42 51 1
42 52 1
42 53 14
42 54 14
42 55 14
42 56 14
42 57 14
42 58 14
42 59 14
42 60 14
42 61 14
42 62 30
42 63 30
42 64 30
42 65 30
42 66 30
42 67 30
42 68 30
42 69 30
42 70 30
43 9 27
43 10 27
43 11 27
43 12 27
43 13 27
43 14 27
43 15 27
43 16 27
43 17 16
43 18 16
43 19 16
43 20 16
43 21 16
43 22 16
43 23 16
43 24 16
43 25 16
43 26 26
43 27 26
43 28 26
43 29 26
43 30 26
43 31 26
43 32 26
43 33 26
43 34 26
43 35 26
43 36 26
43 37 19
43 38 19
43 39 19
43 40 19
43 41 19
43 42 19
43 43 19
43 44 19
43 45 1
43 46 1
43 47 1
43 48 1
43 49 1
43 50 1
43 51 1
43 52 1
43 53 14
43 54 14
43 55 14
43 56 14
43 57 14
43 58 20
43 59 20
43 60 20
43 61 20
43 62 20
43 63 20
43 64 20
43 65 20
43 66 20
43 67 20
43 68 20
43 69 20
44 9 27
44 10 27
44 11 27
44 12 27
44 13 27
44 14 27
44 15 27
44 16 27
44 17 16
44 18 16
44 19 16
44 20 16
44 21 16
44 22 16
44 23 16
44 24 16
44 25 16
44 26 26
44 27 26
44 28 26
44 29 26
44 30 26
44 31 26
44 32 26
44 33 26
44 34 26
44 35 26
44 36 26
44 37 19
44 38 19
44 39 19
44 40 19
44 41 19
44 42 19
44 43 19
44 44 19
44 45 1
44 46 1
44 47 1
44 48 1
44 49 1
44 50 1
44 51 1
44 52 1
44 53 1
44 54 1
44 55 20
44 56 20
44 57 20
44 58 20
44 59 20
44 60 20
44 61 20
44 62 20
44 63 20
44 64 20
44 65 20
44 66 20
44 67 20
44 68 20
44 69 20
45 10 27
45 11 27
45 12 27
45 13 27
45 14 27
45 15 27
45 16 27
45 17 16
45 18 16
45 19 16
45 20 16
45 21 16
45 22 16
45 23 16
45 24 16
45 25 16
45 26 26
45 27 26
45 28 26
45 29 26
45 30 26
45 31 26
45 32 26
45 33 26
45 34 26
45 35 26
45 36 26
45 37 19
45 38 19
45 39 19
45 40 19
45 41 19
45 42 19
45 43 19
45 44 19
45 45 1
45 46 1
45 47 1
45 48 1
45 49 1
45 50 1
45 51 1
45 52 1
45 53 1
45 54 1
45 55 20
45 56 20
45 57 20
45 58 20
45 59 20
45 60 20
45 61 20
45 62 20
45 63 20
45 64 20
45 65 20
45 66 20
45 67 20
45 68 20
45 69 20
46 10 27
46 11 27
46 12 27
46 13 2
46 14 2
46 15 2
46 16 2
46 17 2
46 18 2
46 19 16
46 20 16
46 21 16
46 22 16
46 23 16
46 24 16
46 25 16
46 26 16
46 27 26
46 28 26
46 29 26
46 30 26
46 31 26
46 32 26
46 33 26
46 34 26
46 35 26
46 36 26
46 37 19
46 38 19
46 39 19
46 40 19
46 41 19
46 42 19
46 43 19
46 44 19
46 45 1
46 46 1
46 47 1
46 48 1
46 49 1
46 50 1
46 51 1
46 52 1
46 53 1
46 54 1
46 55 20
46 56 20
46 57 20
46 58 20
46 59 20
46 60 20
46 61 20
46 62 20
46 63 20
46 64 20
46 65 20
46 66 20
46 67 20
46 68 20
47 10 2
47 11 2
47 12 2
47 13 2
47 14 2
47 15 2
47 16 2
47 17 2
47 18 2
47 19 2
47 20 2
47 21 2
47 22 16
47 23 16
47 24 16
47 25 16
47 26 16
47 27 26
47 28 26
47 29 26
47 30 26
47 31 13
47 32 13
47 33 13
47 34 13
47 35 13
47 36 13
47 37 13
47 38 13
47 39 19
47 40 19
47 41 19
47 42 29
47 43 29
47 44 29
47 45 29
47 46 29
47 47 1
47 48 1
47 49 1
47 50 1
47 51 1
47 52 1
47 53 1
47 54 1
47 55 20
47 56 20
47 57 20
47 58 20
47 59 20
47 60 20
47 61 20
47 62 20
47 63 20
47 64 20
47 65 20
47 66 20
47 67 20
47 68 20
48 11 2
48 12 2
48 13 2
48 14 2
48 15 2
48 16 2
48 17 2
48 18 2
48 19 2
48 20 2
48 21 2
48 22 16
48 23 16
48 24 16
48 25 16
48 26 16
48 27 13
48 28 13
48 29 13
48 30 13
48 31 13
48 32 13
48 33 13
48 34 13
48 35 13
48 36 13
48 37 13
48 38 13
48 39 13
48 40 29
48 41 29
48 42 29
48 43 29
48 44 29
48 45 29
48 46 29
48 47 29
48 48 1
48 49 1
48 50 1
48 51 1
48 52 1
48 53 1
48 54 1
48 55 20
48 56 20
48 57 20
48 58 20
48 59 20
48 60 20
48 61 20
48 62 20
48 63 20
48 64 20
48 65 20
48 66 20
48 67 20
49 11 2
49 12 2
49 13 2
49 14 2
49 15 2
49 16 2
49 17 2
49 18 2
49 19 2
49 20 2
49 21 2
49 22 16
49 23 16
49 24 16
49 25 16
49 26 16
49 27 13
49 28 13
49 29 13
49 30 13
49 31 13
49 32 13
49 33 13
49 34 13
49 35 13
49 36 13
49 37 13
49 38 13
49 39 13
49 40 29
49 41 29
49 42 29
49 43 29
49 44 29
49 45 29
49 46 29
49 47 29
49 48 29
49 49 29
49 50 29
49 51 29
49 52 29
49 53 29
49 54 29
49 55 20
49 56 20
49 57 20
49 58 20
49 59 20
49 60 20
49 61 20
49 62 20
49 63 20
49 64 20
49 65 20
49 66 20
49 67 20
50 12 2
50 13 2
50 14 2
50 15 2
50 16 2
50 17 2
50 18 2
50 19 2
50 20 2
50 21 2
50 22 23
50 23 23
50 24 23
50 25 23
50 26 23
50 27 13
50 28 13
50 29 13
50 30 13
50 31 13
50 32 13
50 33 13
50 34 13
50 35 13
50 36 13
50 37 13
50 38 13
50 39 13
50 40 29
50 41 29
50 42 29
50 43 29
50 44 29
50 45 29
50 46 29
50 47 29
50 48 29
50 49 29
50 50 29
50 51 29
50 52 29
50 53 29
50 54 29
50 55 20
50 56 20
50 57 20
50 58 20
50 59 20
50 60 20
50 61 20
50 62 20
50 63 20
50 64 20
50 65 20
50 66 20
51 12 2
51 13 2
51 14 2
51 15 2
51 16 2
51 17 2
51 18 2
51 19 2
51 20 2
51 21 2
51 22 23
51 23 23
51 24 23
51 25 23
51 26 23
51 27 13
51 28 13
51 29 13
51 30 13
51 31 13
51 32 13
51 33 13
51 34 13
51 35 13
51 36 13
51 37 13
51 38 13
51 39 13
51 40 29
51 41 29
51 42 29
51 43 29
51 44 29
51 45 29
51 46 29
51 47 29
51 48 29
51 49 29
51 50 29
51 51 29
51 52 29
51 53 29
51 54 29
51 55 5
51 56 5
51 57 5
51 58 5
51 59 5
51 60 5
51 61 5
51 62 5
51 63 5
51 64 5
51 65 5
51 66 20
52 12 2
52 13 2
52 14 2
52 15 2
52 16 2
52 17 2
52 18 2
52 19 2
52 20 2
52 21 23
52 22 23
52 23 23
52 24 23
52 25 23
52 26 23
52 27 13
52 28 13
52 29 13
52 30 13
52 31 13
52 32 13
52 33 13
52 34 13
52 35 13
52 36 13
52 37 13
52 38 13
52 39 13
52 40 29
52 41 29
52 42 29
52 43 29
52 44 29
52 45 29
52 46 29
52 47 29
52 48 29
52 49 29
52 50 29
52 51 29
52 52 29
52 53 29
52 54 29
52 55 5
52 56 5
52 57 5
52 58 5
52 59 5
52 60 5
52 61 5
52 62 5
52 63 5
52 64 5
52 65 5
53 13 2
53 14 2
53 15 2
53 16 2
53 17 2
53 18 2
53 19 2
53 20 2
53 21 23
53 22 23
53 23 23
53 24 23
53 25 23
53 26 23
53 27 23
53 28 13
53 29 13
53 30 13
53 31 13
53 32 13
53 33 13
53 34 13
53 35 13
53 36 13
53 37 13
53 38 13
53 39 13
53 40 29
53 41 29
53 42 29
53 43 29
53 44 29
53 45 29
53 46 29
53 47 29
53 48 29
53 49 29
53 50 29
53 51 29
53 52 29
53 53 29
53 54 29
53 55 5
53 56 5
53 57 5
53 58 5
53 59 5
53 60 5
53 61 5
53 62 5
53 63 5
53 64 5
53 65 5
54 13 2
54 14 2
54 15 2
54 16 2
54 17 2
54 18 2
54 19 2
54 20 2
54 21 23
54 22 23
54 23 23
54 24 23
54 25 23
54 26 23
54 27 23
54 28 13
54 29 13
54 30 13
54 31 13
54 32 13
54 33 13
54 34 13
54 35 13
54 36 13
54 37 13
54 38 13
54 39 13
54 40 29
54 41 29
54 42 29
54 43 29
54 44 29
54 45 29
54 46 29
54 47 29
54 48 29
54 49 29
54 50 29
54 51 29
54 52 29
54 53 29
54 54 29
54 55 5
54 56 5
54 57 5
54 58 5
54 59 5
54 60 5
54 61 5
54 62 5
54 63 5
54 64 5
54 65 5
55 13 2
55 14 2
55 15 2
55 16 2
55 17 2
55 18 2
55 19 2
55 20 2
55 21 23
55 22 23
55 23 23
55 24 23
55 25 23
55 26 23
55 27 23
55 28 13
55 29 13
55 30 13
55 31 13
55 32 13
55 33 13
55 34 13
55 35 13
55 36 13
55 37 13
55 38 13
55 39 13
55 40 29
55 41 29
55 42 29
55 43 29
55 44 29
55 45 29
55 46 10
55 47 10
55 48 10
55 49 10
55 50 10
55 51 10
55 52 10
55 53 10
55 54 5
55 55 5
55 56 5
55 57 5
55 58 5
55 59 5
55 60 5
55 61 5
55 62 5
55 63 5
55 64 5
56 15 2
56 16 2
56 17 2
56 18 2
56 19 2
56 20 2
56 21 23
56 22 23
56 23 23
56 24 23
56 25 23
56 26 23
56 27 23
56 28 23
56 29 23
56 30 23
56 31 11
56 32 11
56 33 11
56 34 11
56 35 11
56 36 11
56 37 11
56 38 11
56 39 11
56 40 11
56 41 11
56 42 10
56 43 10
56 44 10
56 45 10
56 46 10
56 47 10
56 48 10
56 49 10
56 50 10
56 51 10
56 52 10
56 53 10
56 54 5
56 55 5
56 56 5
56 57 5
56 58 5
56 59 5
56 60 5
56 61 5
56 62 5
56 63 5
56 64 5
57 16 2
57 17 2
57 18 2
57 19 2
57 20 2
57 21 23
57 22 23
57 23 23
57 24 23
57 25 23
57 26 23
57 27 23
57 28 23
57 29 23
57 30 23
57 31 11
57 32 11
57 33 11
57 34 11
57 35 11
57 36 11
57 37 11
57 38 11
57 39 11
57 40 11
57 41 11
57 42 10
57 43 10
57 44 10
57 45 10
57 46 10
57 47 10
57 48 10
57 49 10
57 50 10
57 51 10
57 52 10
57 53 10
57 54 10
57 55 5
57 56 5
57 57 5
57 58 5
57 59 5
57 60 5
57 61 5
57 62 5
57 63 5
58 18 2
58 19 2
58 20 2
58 21 23
58 22 23
58 23 23
58 24 23
58 25 23
58 26 23
58 27 23
58 28 23
58 29 23
58 30 11
58 31 11
58 32 11
58 33 11
58 34 11
58 35 11
58 36 11
58 37 11
58 38 11
58 39 11
58 40 11
58 41 11
58 42 10
58 43 10
58 44 10
58 45 10
58 46 10
58 47 10
58 48 10
58 49 10
58 50 10
58 51 10
58 52 10
58 53 10
58 54 10
58 55 5
58 56 5
58 57 5
58 58 5
58 59 5
58 60 5
58 61 5
58 62 5
58 63 5
59 19 2
59 20 2
59 21 23
59 22 23
59 23 23
59 24 23
59 25 23
59 26 23
59 27 23
59 28 23
59 29 23
59 30 11
59 31 11
59 32 11
59 33 11
59 34 11
59 35 11
59 36 11
59 37 11
59 38 11
59 39 11
59 40 11
59 41 11
59 42 10
59 43 10
59 44 10
59 45 10
59 46 10
59 47 10
59 48 10
59 49 10
59 50 10
59 51 10
59 52 10
59 53 10
59 54 10
59 55 5
59 56 5
59 57 5
59 58 5
59 59 5
59 60 5
59 61 5
59 62 5
60 21 23
60 22 23
60 23 23
60 24 23
60 25 23
60 26 23
60 27 23
60 28 23
60 29 23
60 30 11
60 31 11
60 32 11
60 33 11
60 34 11
60 35 11
60 36 11
60 37 11
60 38 11
60 39 11
60 40 11
60 41 11
60 42 10
60 43 10
60 44 10
60 45 10
60 46 10
60 47 10
60 48 10
60 49 10
60 50 10
60 51 10
60 52 10
60 53 10
60 54 10
60 55 5
60 56 5
60 57 5
60 58 5
60 59 5
60 60 5
60 61 5
60 62 5
61 22 23
61 23 23
61 24 23
61 25 23
61 26 23
61 27 23
61 28 23
61 29 23
61 30 11
61 31 11
61 32 11
61 33 11
61 34 11
61 35 11
61 36 11
61 37 11
61 38 11
61 39 11
61 40 11
61 41 11
61 42 10
61 43 10
61 44 10
61 45 10
61 46 10
61 47 10
61 48 10
61 49 10
61 50 10
61 51 10
61 52 10
61 53 10
61 54 10
61 55 5
61 56 5
61 57 5
61 58 5
61 59 5
61 60 5
61 61 5
61 62 5
62 24 23
62 25 23
62 26 23
62 27 23
62 28 23
62 29 23
62 30 11
62 31 11
62 32 11
62 33 11
62 34 11
62 35 11
62 36 11
62 37 11
62 38 11
62 39 11
62 40 11
62 41 10
62 42 10
62 43 10
62 44 10
62 45 10
62 46 10
62 47 10
62 48 10
62 49 10
62 50 10
62 51 10
62 52 10
62 53 10
62 54 10
62 55 5
63 25 23
63 26 23
63 27 23
63 28 23
63 29 23
63 30 11
63 31 11
63 32 11
63 33 11
63 34 11
63 35 11
63 36 11
63 37 11
63 38 11
63 39 11
63 40 11
63 41 10
63 42 10
63 43 10
63 44 10
63 45 10
63 46 10
63 47 10
63 48 10
64 27 23
64 28 23
64 29 23
64 30 11
64 31 11
64 32 11
64 33 11
64 34 11
64 35 11
64 36 11
64 37 11
64 38 11
64 39 11
64 40 11
64 41 10
64 42 10
65 28 23
65 29 23
65 30 11
65 31 11
65 32 11
65 33 11
65 34 11
65 35 11
66 29 23
