64 53 2071
22 1 4
23 1 4
24 1 4
25 1 4
26 1 5
27 1 5
28 1 5
29 1 5
30 1 5
19 2 4
20 2 4
21 2 4
22 2 4
23 2 4
24 2 4
25 2 4
26 2 5
27 2 5
28 2 5
29 2 5
30 2 5
31 2 5
16 3 4
17 3 4
18 3 4
19 3 4
20 3 4
21 3 4
22 3 4
23 3 4
24 3 4
25 3 4
26 3 5
27 3 5
28 3 5
29 3 5
30 3 5
31 3 5
32 3 5
16 4 4
17 4 4
18 4 4
19 4 4
20 4 4
21 4 4
22 4 4
23 4 4
24 4 4
25 4 4
26 4 5
27 4 5
28 4 5
29 4 5
30 4 5
31 4 5
32 4 5
33 4 5
34 4 5
16 5 4
17 5 4
18 5 4
19 5 4
20 5 4
21 5 4
22 5 4
23 5 4
24 5 4
25 5 4
26 5 5
27 5 5
28 5 5
29 5 5
30 5 5
31 5 5
32 5 5
33 5 5
34 5 5
35 5 5
15 6 4
16 6 4
17 6 4
18 6 4
19 6 4
20 6 4
21 6 4
22 6 4
23 6 4
24 6 4
25 6 4
26 6 5
27 6 5
28 6 5
29 6 5
30 6 5
31 6 5
32 6 5
33 6 5
34 6 5
35 6 5
36 6 5
15 7 4
16 7 4
17 7 4
18 7 4
19 7 4
20 7 4
21 7 4
22 7 4
23 7 4
24 7 4
25 7 4
26 7 5
27 7 5
28 7 5
29 7 5
30 7 5
31 7 5
32 7 5
33 7 5
34 7 5
35 7 5
36 7 5
37 7 10
38 7 10
14 8 4
15 8 4
16 8 4
17 8 4
18 8 4
19 8 4
20 8 4
21 8 4
22 8 4
23 8 4
24 8 4
25 8 4
26 8 5
27 8 5
28 8 5
29 8 5
30 8 5
31 8 5
32 8 5
33 8 5
34 8 5
35 8 5
36 8 5
37 8 10
38 8 10
39 8 10
14 9 4
15 9 4
16 9 4
17 9 4
18 9 4
19 9 4
20 9 4
21 9 4
22 9 4
23 9 4
24 9 4
25 9 4
26 9 5
27 9 5
28 9 5
29 9 5
30 9 5
31 9 5
32 9 5
33 9 5
34 9 5
35 9 5
36 9 5
37 9 10
38 9 10
39 9 10
40 9 10
13 10 11
14 10 4
15 10 4
16 10 4
17 10 4
18 10 4
19 10 4
20 10 4
21 10 4
22 10 4
23 10 4
24 10 4
25 10 4
26 10 5
27 10 5
28 10 5
29 10 5
30 10 5
31 10 5
32 10 5
33 10 5
34 10 5
35 10 5
36 10 5
37 10 10
38 10 10
39 10 10
40 10 10
41 10 10
42 10 10
13 11 11
14 11 11
15 11 11
16 11 4
17 11 4
18 11 4
19 11 4
20 11 4
21 11 4
22 11 4
23 11 4
24 11 4
25 11 4
26 11 5
27 11 5
28 11 5
29 11 5
30 11 5
31 11 5
32 11 5
33 11 5
34 11 5
35 11 5
36 11 5
37 11 10
38 11 10
39 11 10
40 11 10
41 11 10
42 11 10
12 12 11
13 12 11
14 12 11
15 12 11
16 12 11
17 12 11
18 12 8
19 12 8
20 12 8
21 12 8
22 12 8
23 12 8
24 12 8
25 12 8
26 12 5
27 12 5
28 12 5
29 12 5
30 12 5
31 12 5
32 12 13
33 12 13
34 12 13
35 12 13
36 12 13
37 12 10
38 12 10
39 12 10
40 12 10
41 12 10
42 12 10
43 12 10
12 13 11
13 13 11
14 13 11
15 13 11
16 13 11
17 13 11
18 13 8
19 13 8
20 13 8
21 13 8
22 13 8
23 13 8
24 13 8
25 13 8
26 13 8
27 13 8
28 13 13
29 13 13
30 13 13
31 13 13
32 13 13
33 13 13
34 13 13
35 13 13
36 13 13
37 13 10
38 13 10
39 13 10
40 13 10
41 13 10
42 13 10
43 13 10
44 13 10
11 14 11
12 14 11
13 14 11
14 14 11
15 14 11
16 14 11
17 14 11
18 14 8
19 14 8
20 14 8
21 14 8
22 14 8
23 14 8
24 14 8
25 14 8
26 14 8
27 14 8
28 14 13
29 14 13
30 14 13
31 14 13
32 14 13
33 14 13
34 14 13
35 14 13
36 14 13
37 14 10
38 14 10
39 14 10
40 14 10
41 14 10
42 14 10
43 14 10
44 14 10
11 15 11
12 15 11
13 15 11
14 15 11
15 15 11
16 15 11
17 15 11
18 15 8
19 15 8
20 15 8
21 15 8
22 15 8
23 15 8
24 15 8
25 15 8
26 15 8
27 15 8
28 15 13
29 15 13
30 15 13
31 15 13
32 15 13
33 15 13
34 15 13
35 15 13
36 15 13
37 15 10
38 15 10
39 15 10
40 15 10
41 15 10
42 15 10
43 15 10
44 15 10
45 15 10
10 16 11
11 16 11
12 16 11
13 16 11
14 16 11
15 16 11
16 16 11
17 16 11
18 16 8
19 16 8
20 16 8
21 16 8
22 16 8
23 16 8
24 16 8
25 16 8
26 16 8
27 16 8
28 16 13
29 16 13
30 16 13
31 16 13
32 16 13
33 16 13
34 16 13
35 16 13
36 16 13
37 16 10
38 16 10
39 16 10
40 16 10
41 16 10
42 16 10
43 16 10
44 16 10
45 16 10
46 16 10
10 17 11
11 17 11
12 17 11
13 17 11
14 17 11
15 17 11
16 17 11
17 17 11
18 17 11
19 17 8
20 17 8
21 17 8
22 17 8
23 17 8
24 17 8
25 17 8
26 17 8
27 17 8
28 17 13
29 17 13
30 17 13
31 17 13
32 17 13
33 17 13
34 17 13
35 17 13
36 17 13
37 17 10
38 17 10
39 17 10
40 17 10
41 17 10
42 17 10
43 17 10
44 17 10
45 17 10
46 17 10
9 18 11
10 18 11
11 18 11
12 18 11
13 18 11
14 18 11
15 18 11
16 18 11
17 18 11
18 18 11
19 18 8
20 18 8
21 18 8
22 18 8
23 18 8
24 18 8
25 18 8
26 18 8
27 18 8
28 18 13
29 18 13
30 18 13
31 18 13
32 18 13
33 18 13
34 18 13
35 18 13
36 18 13
37 18 10
38 18 10
39 18 10
40 18 10
41 18 10
42 18 10
43 18 10
44 18 10
45 18 10
46 18 10
47 18 10
9 19 11
10 19 11
11 19 11
12 19 11
13 19 11
14 19 11
15 19 11
16 19 11
17 19 11
18 19 11
19 19 8
20 19 8
21 19 8
22 19 8
23 19 8
24 19 8
25 19 8
26 19 8
27 19 8
28 19 13
29 19 13
30 19 13
31 19 13
32 19 13
33 19 13
34 19 13
35 19 13
36 19 13
37 19 13
38 19 10
39 19 10
40 19 10
41 19 10
42 19 10
43 19 10
44 19 10
45 19 10
46 19 10
47 19 10
48 19 10
9 20 11
10 20 11
11 20 11
12 20 11
13 20 11
14 20 11
15 20 11
16 20 11
17 20 11
18 20 11
19 20 8
20 20 8
21 20 8
22 20 8
23 20 8
24 20 8
25 20 8
26 20 8
27 20 8
28 20 13
29 20 13
30 20 13
31 20 13
32 20 13
33 20 13
34 20 13
35 20 13
36 20 13
37 20 13
38 20 10
39 20 10
40 20 10
41 20 10
42 20 10
43 20 10
44 20 10
45 20 10
46 20 10
47 20 10
48 20 10
8 21 11
9 21 11
10 21 11
11 21 11
12 21 11
13 21 11
14 21 11
15 21 11
16 21 11
17 21 11
18 21 11
19 21 8
20 21 8
21 21 8
22 21 8
23 21 8
24 21 8
25 21 8
26 21 8
27 21 8
28 21 13
29 21 13
30 21 13
31 21 13
32 21 13
33 21 13
34 21 13
35 21 13
36 21 13
37 21 13
38 21 10
39 21 10
40 21 10
41 21 14
42 21 14
43 21 14
44 21 14
45 21 14
46 21 14
47 21 14
48 21 14
49 21 14
8 22 11
9 22 11
10 22 11
11 22 11
12 22 11
13 22 11
14 22 11
15 22 11
16 22 11
17 22 11
18 22 11
19 22 8
20 22 8
21 22 8
22 22 8
23 22 8
24 22 8
25 22 8
26 22 8
27 22 8
28 22 13
29 22 13
30 22 13
31 22 13
32 22 13
33 22 13
34 22 13
35 22 13
36 22 13
37 22 13
38 22 14
39 22 14
40 22 14
41 22 14
42 22 14
43 22 14
44 22 14
45 22 14
46 22 14
47 22 14
48 22 14
49 22 14
50 22 14
7 23 11
8 23 11
9 23 11
10 23 11
11 23 11
12 23 11
13 23 11
14 23 11
15 23 11
16 23 11
17 23 15
18 23 15
19 23 15
20 23 15
21 23 8
22 23 8
23 23 8
24 23 8
25 23 8
26 23 8
27 23 8
28 23 13
29 23 13
30 23 13
31 23 13
32 23 13
33 23 13
34 23 13
35 23 13
36 23 13
37 23 13
38 23 14
39 23 14
40 23 14
41 23 14
42 23 14
43 23 14
44 23 14
45 23 14
46 23 14
47 23 14
48 23 14
49 23 14
50 23 14
7 24 1
8 24 1
9 24 1
10 24 1
11 24 1
12 24 1
13 24 1
14 24 1
15 24 1
16 24 15
17 24 15
18 24 15
19 24 15
20 24 15
21 24 15
22 24 15
23 24 15
24 24 15
25 24 15
26 24 16
27 24 16
28 24 16
29 24 16
30 24 16
31 24 16
32 24 16
33 24 16
34 24 16
35 24 16
36 24 16
37 24 16
38 24 14
39 24 14
40 24 14
41 24 14
42 24 14
43 24 14
44 24 14
45 24 14
46 24 14
47 24 14
48 24 14
49 24 14
50 24 14
51 24 14
6 25 1
7 25 1
8 25 1
9 25 1
10 25 1
11 25 1
12 25 1
13 25 1
14 25 1
15 25 1
16 25 15
17 25 15
18 25 15
19 25 15
20 25 15
21 25 15
22 25 15
23 25 15
24 25 15
25 25 15
26 25 16
27 25 16
28 25 16
29 25 16
30 25 16
31 25 16
32 25 16
33 25 16
34 25 16
35 25 16
36 25 16
37 25 16
38 25 14
39 25 14
40 25 14
41 25 14
42 25 14
43 25 14
44 25 14
45 25 14
46 25 14
47 25 14
48 25 14
49 25 14
50 25 14
51 25 14
52 25 14
6 26 1
7 26 1
8 26 1
9 26 1
10 26 1
11 26 1
12 26 1
13 26 1
14 26 1
15 26 1
16 26 15
17 26 15
18 26 15
19 26 15
20 26 15
21 26 15
22 26 15
23 26 15
24 26 15
25 26 15
26 26 16
27 26 16
28 26 16
29 26 16
30 26 16
31 26 16
32 26 16
33 26 16
34 26 16
35 26 16
36 26 16
37 26 16
38 26 14
39 26 14
40 26 14
41 26 14
42 26 14
43 26 14
44 26 14
45 26 14
46 26 14
47 26 14
48 26 14
49 26 14
50 26 14
51 26 14
52 26 14
5 27 1
6 27 1
7 27 1
8 27 1
9 27 1
10 27 1
11 27 1
12 27 1
13 27 1
14 27 1
15 27 1
16 27 15
17 27 15
18 27 15
19 27 15
20 27 15
21 27 15
22 27 15
23 27 15
24 27 15
25 27 15
26 27 16
27 27 16
28 27 16
29 27 16
30 27 16
31 27 16
32 27 16
33 27 16
34 27 16
35 27 16
36 27 16
37 27 16
38 27 14
39 27 14
40 27 14
41 27 14
42 27 14
43 27 14
44 27 14
45 27 14
46 27 14
47 27 14
48 27 7
49 27 7
50 27 7
51 27 7
52 27 7
53 27 7
5 28 1
6 28 1
7 28 1
8 28 1
9 28 1
10 28 1
11 28 1
12 28 1
13 28 1
14 28 1
15 28 1
16 28 15
17 28 15
18 28 15
19 28 15
20 28 15
21 28 15
22 28 15
23 28 15
24 28 15
25 28 15
26 28 16
27 28 16
28 28 16
29 28 16
30 28 16
31 28 16
32 28 16
33 28 16
34 28 16
35 28 16
36 28 16
37 28 16
38 28 14
39 28 14
40 28 14
41 28 14
42 28 14
43 28 14
44 28 14
45 28 14
46 28 14
47 28 14
48 28 7
49 28 7
50 28 7
51 28 7
52 28 7
53 28 7
54 28 7
4 29 1
5 29 1
6 29 1
7 29 1
8 29 1
9 29 1
10 29 1
11 29 1
12 29 1
13 29 1
14 29 1
15 29 1
16 29 15
17 29 15
18 29 15
19 29 15
20 29 15
21 29 15
22 29 15
23 29 15
24 29 15
25 29 15
26 29 16
27 29 16
28 29 16
29 29 16
30 29 16
31 29 16
32 29 16
33 29 16
34 29 16
35 29 16
36 29 16
37 29 16
38 29 14
39 29 14
40 29 14
41 29 14
42 29 14
43 29 14
44 29 14
45 29 14
46 29 14
47 29 14
48 29 7
49 29 7
50 29 7
51 29 7
52 29 7
53 29 7
54 29 7
55 29 7
4 30 1
5 30 1
6 30 1
7 30 1
8 30 1
9 30 1
10 30 1
11 30 1
12 30 1
13 30 1
14 30 1
15 30 1
16 30 15
17 30 15
18 30 15
19 30 15
20 30 15
21 30 15
22 30 15
23 30 15
24 30 15
25 30 15
26 30 16
27 30 16
28 30 16
29 30 16
30 30 16
31 30 16
32 30 16
33 30 16
34 30 16
35 30 16
36 30 18
37 30 18
38 30 18
39 30 18
40 30 18
41 30 18
42 30 18
43 30 18
44 30 18
45 30 18
46 30 18
47 30 18
48 30 7
49 30 7
50 30 7
51 30 7
52 30 7
53 30 7
54 30 7
55 30 7
3 31 1
4 31 1
5 31 1
6 31 1
7 31 1
8 31 1
9 31 1
10 31 1
11 31 1
12 31 1
13 31 1
14 31 1
15 31 1
16 31 15
17 31 15
18 31 15
19 31 15
20 31 15
21 31 15
22 31 15
23 31 15
24 31 15
25 31 15
26 31 16
27 31 16
28 31 16
29 31 16
30 31 16
31 31 16
32 31 16
33 31 16
34 31 16
35 31 16
36 31 18
37 31 18
38 31 18
39 31 18
40 31 18
41 31 18
42 31 18
43 31 18
44 31 18
45 31 18
46 31 18
47 31 18
48 31 7
49 31 7
50 31 7
51 31 7
52 31 7
53 31 7
54 31 7
55 31 7
3 32 1
4 32 1
5 32 1
6 32 1
7 32 1
8 32 1
9 32 1
10 32 1
11 32 1
12 32 1
13 32 1
14 32 1
15 32 1
16 32 15
17 32 15
18 32 15
19 32 15
20 32 15
21 32 15
22 32 15
23 32 15
24 32 15
25 32 15
26 32 16
27 32 16
28 32 16
29 32 16
30 32 16
31 32 16
32 32 16
33 32 16
34 32 16
35 32 16
36 32 18
37 32 18
38 32 18
39 32 18
40 32 18
41 32 18
42 32 18
43 32 18
44 32 18
45 32 18
46 32 18
47 32 18
48 32 7
49 32 7
50 32 7
51 32 7
52 32 7
53 32 7
54 32 7
55 32 7
56 32 7
2 33 17
3 33 17
4 33 17
5 33 17
6 33 17
7 33 17
8 33 1
9 33 1
10 33 1
11 33 1
12 33 1
13 33 1
14 33 1
15 33 1
16 33 15
17 33 15
18 33 15
19 33 15
20 33 15
21 33 15
22 33 15
23 33 15
24 33 15
25 33 15
26 33 6
27 33 6
28 33 6
29 33 16
30 33 16
31 33 16
32 33 16
33 33 16
34 33 16
35 33 16
36 33 18
37 33 18
38 33 18
39 33 18
40 33 18
41 33 18
42 33 18
43 33 18
44 33 18
45 33 18
46 33 18
47 33 18
48 33 7
49 33 7
50 33 7
51 33 7
52 33 7
53 33 7
54 33 7
55 33 7
56 33 7
2 34 17
3 34 17
4 34 17
5 34 17
6 34 17
7 34 17
8 34 17
9 34 17
10 34 17
11 34 19
12 34 19
13 34 19
14 34 19
15 34 19
16 34 19
17 34 19
18 34 15
19 34 15
20 34 15
21 34 15
22 34 15
23 34 6
24 34 6
25 34 6
26 34 6
27 34 6
28 34 6
29 34 6
30 34 6
31 34 6
32 34 6
33 34 6
34 34 6
35 34 6
36 34 18
37 34 18
38 34 18
39 34 18
40 34 18
41 34 18
42 34 18
43 34 18
44 34 18
45 34 18
46 34 18
47 34 18
48 34 7
49 34 7
50 34 7
51 34 7
52 34 7
53 34 7
54 34 7
55 34 7
56 34 7
1 35 17
2 35 17
3 35 17
4 35 17
5 35 17
6 35 17
7 35 17
8 35 17
9 35 17
10 35 17
11 35 19
12 35 19
13 35 19
14 35 19
15 35 19
16 35 19
17 35 19
18 35 19
19 35 19
20 35 6
21 35 6
22 35 6
23 35 6
24 35 6
25 35 6
26 35 6
27 35 6
28 35 6
29 35 6
30 35 6
31 35 6
32 35 6
33 35 6
34 35 6
35 35 6
36 35 18
37 35 18
38 35 18
39 35 18
40 35 18
41 35 18
42 35 18
43 35 18
44 35 18
45 35 18
46 35 18
47 35 18
48 35 7
49 35 7
50 35 7
51 35 7
52 35 7
53 35 7
54 35 7
55 35 7
56 35 7
57 35 7
1 36 17
2 36 17
3 36 17
4 36 17
5 36 17
6 36 17
7 36 17
8 36 17
9 36 17
10 36 17
11 36 19
12 36 19
13 36 19
14 36 19
15 36 19
16 36 19
17 36 19
18 36 19
19 36 19
20 36 6
21 36 6
22 36 6
23 36 6
24 36 6
25 36 6
26 36 6
27 36 6
28 36 6
29 36 6
30 36 6
31 36 6
32 36 6
33 36 6
34 36 6
35 36 6
36 36 18
37 36 18
38 36 18
39 36 18
40 36 18
41 36 18
42 36 18
43 36 18
44 36 18
45 36 18
46 36 18
47 36 18
48 36 7
49 36 7
50 36 7
51 36 7
52 36 7
53 36 7
54 36 7
55 36 7
56 36 7
57 36 7
1 37 17
2 37 17
3 37 17
4 37 17
5 37 17
6 37 17
7 37 17
8 37 17
9 37 17
10 37 17
11 37 19
12 37 19
13 37 19
14 37 19
15 37 19
16 37 19
17 37 19
18 37 19
19 37 19
20 37 6
21 37 6
22 37 6
23 37 6
24 37 6
25 37 6
26 37 6
27 37 6
28 37 6
29 37 6
30 37 6
31 37 6
32 37 6
33 37 6
34 37 6
35 37 6
36 37 18
37 37 18
38 37 18
39 37 18
40 37 18
41 37 18
42 37 18
43 37 18
44 37 18
45 37 18
46 37 18
47 37 18
48 37 7
49 37 7
50 37 7
51 37 7
52 37 7
53 37 7
54 37 7
55 37 7
56 37 7
57 37 7
1 38 17
2 38 17
3 38 17
4 38 17
5 38 17
6 38 17
7 38 17
8 38 17
9 38 17
10 38 17
11 38 19
12 38 19
13 38 19
14 38 19
15 38 19
16 38 19
17 38 19
18 38 19
19 38 19
20 38 6
21 38 6
22 38 6
23 38 6
24 38 6
25 38 6
26 38 6
27 38 6
28 38 6
29 38 6
30 38 6
31 38 6
32 38 6
33 38 6
34 38 6
35 38 6
36 38 12
37 38 12
38 38 12
39 38 12
40 38 18
41 38 18
42 38 18
43 38 18
44 38 18
45 38 18
46 38 18
47 38 18
48 38 9
49 38 9
50 38 7
51 38 7
52 38 7
53 38 7
54 38 7
55 38 7
56 38 7
57 38 7
58 38 7
1 39 17
2 39 17
3 39 17
4 39 17
5 39 17
6 39 17
7 39 17
8 39 17
9 39 17
10 39 17
11 39 19
12 39 19
13 39 19
14 39 19
15 39 19
16 39 19
17 39 19
18 39 19
19 39 19
20 39 6
21 39 6
22 39 6
23 39 6
24 39 6
25 39 6
26 39 6
27 39 6
28 39 6
29 39 6
30 39 6
31 39 6
32 39 6
33 39 6
34 39 6
35 39 12
36 39 12
37 39 12
38 39 12
39 39 12
40 39 12
41 39 12
42 39 12
43 39 18
44 39 18
45 39 18
46 39 18
47 39 18
48 39 9
49 39 9
50 39 9
51 39 9
52 39 9
53 39 7
54 39 7
55 39 7
56 39 7
57 39 7
58 39 7
1 40 17
2 40 17
3 40 17
4 40 17
5 40 17
6 40 17
7 40 17
8 40 17
9 40 17
10 40 17
11 40 19
12 40 19
13 40 19
14 40 19
15 40 19
16 40 19
17 40 19
18 40 19
19 40 19
20 40 6
21 40 6
22 40 6
23 40 6
24 40 6
25 40 6
26 40 6
27 40 6
28 40 6
29 40 6
30 40 6
31 40 6
32 40 6
33 40 6
34 40 3
35 40 12
36 40 12
37 40 12
38 40 12
39 40 12
40 40 12
41 40 12
42 40 12
43 40 12
44 40 9
45 40 9
46 40 9
47 40 9
48 40 9
49 40 9
50 40 9
51 40 9
52 40 9
53 40 2
54 40 2
55 40 2
56 40 2
57 40 2
58 40 2
1 41 17
2 41 17
3 41 17
4 41 17
5 41 17
6 41 17
7 41 17
8 41 17
9 41 17
10 41 17
11 41 19
12 41 19
13 41 19
14 41 19
15 41 19
16 41 19
17 41 19
18 41 19
19 41 19
20 41 3
21 41 3
22 41 3
23 41 3
24 41 3
25 41 3
26 41 3
27 41 3
28 41 3
29 41 3
30 41 3
31 41 3
32 41 3
33 41 3
34 41 3
35 41 12
36 41 12
37 41 12
38 41 12
39 41 12
40 41 12
41 41 12
42 41 12
43 41 12
44 41 9
45 41 9
46 41 9
47 41 9
48 41 9
49 41 9
50 41 9
51 41 9
52 41 9
53 41 2
54 41 2
55 41 2
56 41 2
57 41 2
58 41 2
59 41 2
1 42 17
2 42 17
3 42 17
4 42 17
5 42 17
6 42 17
7 42 17
8 42 17
9 42 17
10 42 17
11 42 19
12 42 19
13 42 19
14 42 19
15 42 19
16 42 19
17 42 19
18 42 19
19 42 19
20 42 3
21 42 3
22 42 3
23 42 3
24 42 3
25 42 3
26 42 3
27 42 3
28 42 3
29 42 3
30 42 3
31 42 3
32 42 3
33 42 3
34 42 3
35 42 12
36 42 12
37 42 12
38 42 12
39 42 12
40 42 12
41 42 12
42 42 12
43 42 12
44 42 9
45 42 9
46 42 9
47 42 9
48 42 9
49 42 9
50 42 9
51 42 9
52 42 9
53 42 2
54 42 2
55 42 2
56 42 2
57 42 2
58 42 2
59 42 2
3 43 17
4 43 17
5 43 17
6 43 17
7 43 17
8 43 17
9 43 17
10 43 17
11 43 19
12 43 19
13 43 19
14 43 19
15 43 19
16 43 19
17 43 19
18 43 19
19 43 19
20 43 3
21 43 3
22 43 3
23 43 3
24 43 3
25 43 3
26 43 3
27 43 3
28 43 3
29 43 3
30 43 3
31 43 3
32 43 3
33 43 3
34 43 3
35 43 12
36 43 12
37 43 12
38 43 12
39 43 12
40 43 12
41 43 12
42 43 12
43 43 12
44 43 9
45 43 9
46 43 9
47 43 9
48 43 9
49 43 9
50 43 9
51 43 9
52 43 9
53 43 2
54 43 2
55 43 2
56 43 2
57 43 2
58 43 2
59 43 2
5 44 17
6 44 17
7 44 17
8 44 17
9 44 17
10 44 17
11 44 19
12 44 19
13 44 19
14 44 19
15 44 19
16 44 19
17 44 19
18 44 19
19 44 19
20 44 3
21 44 3
22 44 3
23 44 3
24 44 3
25 44 3
26 44 3
27 44 3
28 44 3
29 44 3
30 44 3
31 44 3
32 44 3
33 44 3
34 44 3
35 44 12
36 44 12
37 44 12
38 44 12
39 44 12
40 44 12
41 44 12
42 44 12
43 44 12
44 44 9
45 44 9
46 44 9
47 44 9
48 44 9
49 44 9
50 44 9
51 44 9
52 44 9
53 44 2
54 44 2
55 44 2
56 44 2
57 44 2
58 44 2
59 44 2
60 44 2
11 45 19
12 45 19
13 45 19
14 45 19
15 45 19
16 45 19
17 45 19
18 45 19
19 45 19
20 45 3
21 45 3
22 45 3
23 45 3
24 45 3
25 45 3
26 45 3
27 45 3
28 45 3
29 45 3
30 45 3
31 45 3
32 45 3
33 45 3
34 45 3
35 45 12
36 45 12
37 45 12
38 45 12
39 45 12
40 45 12
41 45 12
42 45 12
43 45 12
44 45 9
45 45 9
46 45 9
47 45 9
48 45 9
49 45 9
50 45 9
51 45 9
52 45 9
53 45 2
54 45 2
55 45 2
56 45 2
57 45 2
58 45 2
59 45 2
60 45 2
17 46 19
18 46 19
19 46 19
20 46 3
21 46 3
22 46 3
23 46 3
24 46 3
25 46 3
26 46 3
27 46 3
28 46 3
29 46 3
30 46 3
31 46 3
32 46 3
33 46 3
34 46 3
35 46 12
36 46 12
37 46 12
38 46 12
39 46 12
40 46 12
41 46 12
42 46 12
43 46 12
44 46 9
45 46 9
46 46 9
47 46 9
48 46 9
49 46 9
50 46 9
51 46 9
52 46 9
53 46 2
54 46 2
55 46 2
56 46 2
57 46 2
58 46 2
59 46 2
60 46 2
23 47 3
24 47 3
25 47 3
26 47 3
27 47 3
28 47 3
29 47 3
30 47 3
31 47 3
32 47 3
33 47 3
34 47 3
35 47 12
36 47 12
37 47 12
38 47 12
39 47 12
40 47 12
41 47 12
42 47 12
43 47 12
44 47 12
45 47 9
46 47 9
47 47 9
48 47 9
49 47 9
50 47 9
51 47 9
52 47 9
53 47 2
54 47 2
55 47 2
56 47 2
57 47 2
58 47 2
59 47 2
60 47 2
61 47 2
29 48 3
30 48 3
31 48 3
32 48 3
33 48 3
34 48 3
35 48 12
36 48 12
37 48 12
38 48 12
39 48 12
40 48 12
41 48 12
42 48 12
43 48 12
44 48 12
45 48 9
46 48 9
47 48 9
48 48 9
49 48 9
50 48 9
51 48 9
52 48 9
53 48 2
54 48 2
55 48 2
56 48 2
57 48 2
58 48 2
59 48 2
60 48 2
61 48 2
35 49 12
36 49 12
37 49 12
38 49 12
39 49 12
40 49 12
41 49 12
42 49 12
43 49 12
44 49 12
45 49 9
46 49 9
47 49 9
48 49 9
49 49 9
50 49 9
51 49 9
52 49 9
53 49 2
54 49 2
55 49 2
56 49 2
57 49 2
58 49 2
59 49 2
60 49 2
61 49 2
41 50 12
42 50 12
43 50 12
44 50 12
45 50 9
46 50 9
47 50 9
48 50 9
49 50 9
50 50 9
51 50 9
52 50 9
53 50 2
54 50 2
55 50 2
56 50 2
57 50 2
58 50 2
59 50 2
60 50 2
61 50 2
62 50 2
47 51 9
48 51 9
49 51 9
50 51 9
51 51 9
52 51 9
53 51 2
54 51 2
55 51 2
56 51 2
57 51 2
58 51 2
59 51 2
60 51 2
61 51 2
62 51 2
52 52 9
53 52 2
54 52 2
55 52 2
56 52 2
57 52 2
58 52 2
59 52 2
60 52 2
61 52 2
62 52 2
63 52 2
