48 44 1199
7 1 6
8 1 6
9 1 6
10 1 6
11 1 3
12 1 3
13 1 3
14 1 3
15 1 3
16 1 3
17 1 3
18 1 3
19 1 3
20 1 3
21 1 3
22 1 3
23 1 3
24 1 3
25 1 3
26 1 3
27 1 3
1 2 6
2 2 6
3 2 6
4 2 6
5 2 6
6 2 6
7 2 6
8 2 6
9 2 6
10 2 6
11 2 3
12 2 3
13 2 3
14 2 3
15 2 3
16 2 3
17 2 3
18 2 3
19 2 3
20 2 3
21 2 3
22 2 3
23 2 3
24 2 3
25 2 3
26 2 3
27 2 3
28 2 3
2 3 6
3 3 6
4 3 6
5 3 6
6 3 6
7 3 6
8 3 6
9 3 6
10 3 6
11 3 6
12 3 3
13 3 3
14 3 3
15 3 3
16 3 3
17 3 3
18 3 3
19 3 3
20 3 3
21 3 3
22 3 3
23 3 3
24 3 3
25 3 3
26 3 3
27 3 3
28 3 3
29 3 3
2 4 6
3 4 6
4 4 6
5 4 6
6 4 6
7 4 6
8 4 6
9 4 6
10 4 6
11 4 6
12 4 3
13 4 3
14 4 3
15 4 3
16 4 3
17 4 3
18 4 3
19 4 3
20 4 3
21 4 3
22 4 3
23 4 3
24 4 3
25 4 3
26 4 3
27 4 3
28 4 10
29 4 10
30 4 10
3 5 6
4 5 6
5 5 6
6 5 6
7 5 6
8 5 6
9 5 6
10 5 6
11 5 6
12 5 3
13 5 3
14 5 3
15 5 3
16 5 3
17 5 3
18 5 3
19 5 3
20 5 3
21 5 3
22 5 3
23 5 3
24 5 3
25 5 3
26 5 3
27 5 3
28 5 10
29 5 10
30 5 10
31 5 10
3 6 6
4 6 6
5 6 6
6 6 6
7 6 6
8 6 6
9 6 6
10 6 6
11 6 6
12 6 3
13 6 3
14 6 3
15 6 3
16 6 3
17 6 3
18 6 3
19 6 3
20 6 3
21 6 3
22 6 3
23 6 3
24 6 3
25 6 3
26 6 3
27 6 3
28 6 10
29 6 10
30 6 10
31 6 10
32 6 10
3 7 6
4 7 6
5 7 6
6 7 6
7 7 6
8 7 6
9 7 6
10 7 6
11 7 6
12 7 6
13 7 2
14 7 2
15 7 2
16 7 2
17 7 2
18 7 2
19 7 2
20 7 3
21 7 3
22 7 3
23 7 3
24 7 3
25 7 3
26 7 3
27 7 3
28 7 10
29 7 10
30 7 10
31 7 10
32 7 10
33 7 10
3 8 6
4 8 6
5 8 6
6 8 6
7 8 6
8 8 6
9 8 6
10 8 6
11 8 6
12 8 6
13 8 2
14 8 2
15 8 2
16 8 2
17 8 2
18 8 2
19 8 2
20 8 2
21 8 2
22 8 2
23 8 2
24 8 2
25 8 2
26 8 10
27 8 10
28 8 10
29 8 10
30 8 10
31 8 10
32 8 10
33 8 10
34 8 10
35 8 10
3 9 6
4 9 6
5 9 6
6 9 6
7 9 6
8 9 6
9 9 6
10 9 6
11 9 6
12 9 6
13 9 2
14 9 2
15 9 2
16 9 2
17 9 2
18 9 2
19 9 2
20 9 2
21 9 2
22 9 2
23 9 2
24 9 2
25 9 2
26 9 10
27 9 10
28 9 10
29 9 10
30 9 10
31 9 10
32 9 10
33 9 10
34 9 10
35 9 10
36 9 8
3 10 6
4 10 6
5 10 6
6 10 6
7 10 6
8 10 6
9 10 6
10 10 6
11 10 6
12 10 6
13 10 2
14 10 2
15 10 2
16 10 2
17 10 2
18 10 2
19 10 2
20 10 2
21 10 2
22 10 2
23 10 2
24 10 2
25 10 2
26 10 10
27 10 10
28 10 10
29 10 10
30 10 10
31 10 10
32 10 10
33 10 10
34 10 10
35 10 10
36 10 8
37 10 8
3 11 6
4 11 6
5 11 6
6 11 6
7 11 6
8 11 6
9 11 6
10 11 6
11 11 6
12 11 6
13 11 2
14 11 2
15 11 2
16 11 2
17 11 2
18 11 2
19 11 2
20 11 2
21 11 2
22 11 2
23 11 2
24 11 2
25 11 2
26 11 10
27 11 10
28 11 10
29 11 10
30 11 10
31 11 10
32 11 10
33 11 10
34 11 10
35 11 8
36 11 8
37 11 8
38 11 8
39 11 8
3 12 6
4 12 6
5 12 6
6 12 6
7 12 6
8 12 6
9 12 6
10 12 1
11 12 1
12 12 1
13 12 2
14 12 2
15 12 2
16 12 2
17 12 2
18 12 2
19 12 2
20 12 2
21 12 2
22 12 2
23 12 2
24 12 2
25 12 2
26 12 10
27 12 10
28 12 10
29 12 10
30 12 10
31 12 10
32 12 10
33 12 10
34 12 10
35 12 8
36 12 8
37 12 8
38 12 8
39 12 8
40 12 8
4 13 1
5 13 1
6 13 1
7 13 1
8 13 1
9 13 1
10 13 1
11 13 1
12 13 1
13 13 2
14 13 2
15 13 2
16 13 2
17 13 2
18 13 2
19 13 2
20 13 2
21 13 2
22 13 2
23 13 2
24 13 2
25 13 2
26 13 10
27 13 10
28 13 10
29 13 10
30 13 10
31 13 10
32 13 10
33 13 10
34 13 10
35 13 8
36 13 8
37 13 8
38 13 8
39 13 8
40 13 8
41 13 8
4 14 1
5 14 1
6 14 1
7 14 1
8 14 1
9 14 1
10 14 1
11 14 1
12 14 1
13 14 2
14 14 2
15 14 2
16 14 2
17 14 2
18 14 2
19 14 2
20 14 2
21 14 2
22 14 2
23 14 2
24 14 2
25 14 2
26 14 10
27 14 10
28 14 10
29 14 10
30 14 10
31 14 10
32 14 10
33 14 10
34 14 10
35 14 8
36 14 8
37 14 8
38 14 8
39 14 8
40 14 8
41 14 8
42 14 8
43 14 8
4 15 1
5 15 1
6 15 1
7 15 1
8 15 1
9 15 1
10 15 1
11 15 1
12 15 1
13 15 1
14 15 1
15 15 2
16 15 2
17 15 2
18 15 2
19 15 2
20 15 2
21 15 2
22 15 2
23 15 2
24 15 2
25 15 2
26 15 10
27 15 10
28 15 10
29 15 10
30 15 10
31 15 10
32 15 10
33 15 10
34 15 10
35 15 8
36 15 8
37 15 8
38 15 8
39 15 8
40 15 8
41 15 8
42 15 8
43 15 8
44 15 8
4 16 1
5 16 1
6 16 1
7 16 1
8 16 1
9 16 1
10 16 1
11 16 1
12 16 1
13 16 1
14 16 1
15 16 4
16 16 4
17 16 4
18 16 4
19 16 4
20 16 4
21 16 4
22 16 4
23 16 4
24 16 4
25 16 4
26 16 4
27 16 10
28 16 10
29 16 10
30 16 10
31 16 10
32 16 10
33 16 10
34 16 10
35 16 8
36 16 8
37 16 8
38 16 8
39 16 8
40 16 8
41 16 8
42 16 8
43 16 8
44 16 8
45 16 8
4 17 1
5 17 1
6 17 1
7 17 1
8 17 1
9 17 1
10 17 1
11 17 1
12 17 1
13 17 1
14 17 1
15 17 4
16 17 4
17 17 4
18 17 4
19 17 4
20 17 4
21 17 4
22 17 4
23 17 4
24 17 4
25 17 4
26 17 4
27 17 10
28 17 10
29 17 10
30 17 10
31 17 10
32 17 10
33 17 10
34 17 10
35 17 8
36 17 8
37 17 8
38 17 8
39 17 8
40 17 8
41 17 8
42 17 8
43 17 8
44 17 8
45 17 8
46 17 8
47 17 8
4 18 1
5 18 1
6 18 1
7 18 1
8 18 1
9 18 1
10 18 1
11 18 1
12 18 1
13 18 1
14 18 1
15 18 4
16 18 4
17 18 4
18 18 4
19 18 4
20 18 4
21 18 4
22 18 4
23 18 4
24 18 4
25 18 4
26 18 4
27 18 7
28 18 7
29 18 7
30 18 7
31 18 7
32 18 7
33 18 7
34 18 7
35 18 7
36 18 8
37 18 8
38 18 8
39 18 8
40 18 8
41 18 8
42 18 8
43 18 8
44 18 8
45 18 8
4 19 1
5 19 1
6 19 1
7 19 1
8 19 1
9 19 1
10 19 1
11 19 1
12 19 1
13 19 1
14 19 1
15 19 4
16 19 4
17 19 4
18 19 4
19 19 4
20 19 4
21 19 4
22 19 4
23 19 4
24 19 4
25 19 4
26 19 4
27 19 7
28 19 7
29 19 7
30 19 7
31 19 7
32 19 7
33 19 7
34 19 7
35 19 7
36 19 8
37 19 8
38 19 8
39 19 8
40 19 8
41 19 8
42 19 8
43 19 8
44 19 8
4 20 1
5 20 1
6 20 1
7 20 1
8 20 1
9 20 1
10 20 1
11 20 1
12 20 1
13 20 1
14 20 1
15 20 4
16 20 4
17 20 4
18 20 4
19 20 4
20 20 4
21 20 4
22 20 4
23 20 4
24 20 4
25 20 4
26 20 4
27 20 7
28 20 7
29 20 7
30 20 7
31 20 7
32 20 7
33 20 7
34 20 7
35 20 7
36 20 8
37 20 8
38 20 8
39 20 8
40 20 8
41 20 8
42 20 8
43 20 8
4 21 1
5 21 1
6 21 1
7 21 1
8 21 1
9 21 1
10 21 1
11 21 1
12 21 1
13 21 1
14 21 1
15 21 4
16 21 4
17 21 4
18 21 4
19 21 4
20 21 4
21 21 4
22 21 4
23 21 4
24 21 4
25 21 4
26 21 7
27 21 7
28 21 7
29 21 7
30 21 7
31 21 7
32 21 7
33 21 7
34 21 7
35 21 7
36 21 8
37 21 8
38 21 8
39 21 8
40 21 8
41 21 8
4 22 1
5 22 1
6 22 1
7 22 1
8 22 1
9 22 1
10 22 1
11 22 1
12 22 1
13 22 1
14 22 1
15 22 4
16 22 4
17 22 4
18 22 4
19 22 4
20 22 4
21 22 4
22 22 4
23 22 4
24 22 4
25 22 4
26 22 7
27 22 7
28 22 7
29 22 7
30 22 7
31 22 7
32 22 7
33 22 7
34 22 7
35 22 7
36 22 8
37 22 8
38 22 8
39 22 8
40 22 8
5 23 9
6 23 9
7 23 9
8 23 9
9 23 9
10 23 9
11 23 9
12 23 9
13 23 9
14 23 9
15 23 9
16 23 9
17 23 4
18 23 4
19 23 4
20 23 4
21 23 4
22 23 4
23 23 4
24 23 4
25 23 4
26 23 7
27 23 7
28 23 7
29 23 7
30 23 7
31 23 7
32 23 7
33 23 7
34 23 7
35 23 7
36 23 8
37 23 8
38 23 8
39 23 8
5 24 9
6 24 9
7 24 9
8 24 9
9 24 9
10 24 9
11 24 9
12 24 9
13 24 9
14 24 9
15 24 9
16 24 9
17 24 4
18 24 4
19 24 4
20 24 4
21 24 4
22 24 4
23 24 4
24 24 4
25 24 4
26 24 7
27 24 7
28 24 7
29 24 7
30 24 7
31 24 7
32 24 7
33 24 7
34 24 7
35 24 7
36 24 8
37 24 8
5 25 9
6 25 9
7 25 9
8 25 9
9 25 9
10 25 9
11 25 9
12 25 9
13 25 9
14 25 9
15 25 9
16 25 9
17 25 4
18 25 4
19 25 4
20 25 4
21 25 4
22 25 4
23 25 4
24 25 4
25 25 4
26 25 7
27 25 7
28 25 7
29 25 7
30 25 7
31 25 7
32 25 7
33 25 7
34 25 7
35 25 7
36 25 8
5 26 9
6 26 9
7 26 9
8 26 9
9 26 9
10 26 9
11 26 9
12 26 9
13 26 9
14 26 9
15 26 9
16 26 9
17 26 11
18 26 11
19 26 11
20 26 11
21 26 11
22 26 11
23 26 11
24 26 11
25 26 11
26 26 11
27 26 7
28 26 7
29 26 7
30 26 7
31 26 7
32 26 7
33 26 7
34 26 7
35 26 7
5 27 9
6 27 9
7 27 9
8 27 9
9 27 9
10 27 9
11 27 9
12 27 9
13 27 9
14 27 9
15 27 9
16 27 9
17 27 11
18 27 11
19 27 11
20 27 11
21 27 11
22 27 11
23 27 11
24 27 11
25 27 11
26 27 11
27 27 7
28 27 7
29 27 7
30 27 7
31 27 7
32 27 7
33 27 7
34 27 7
5 28 9
6 28 9
7 28 9
8 28 9
9 28 9
10 28 9
11 28 9
12 28 9
13 28 9
14 28 9
15 28 9
16 28 9
17 28 11
18 28 11
19 28 11
20 28 11
21 28 11
22 28 11
23 28 11
24 28 11
25 28 11
26 28 11
27 28 7
28 28 7
29 28 7
30 28 7
31 28 7
32 28 7
5 29 9
6 29 9
7 29 9
8 29 9
9 29 9
10 29 9
11 29 9
12 29 9
13 29 9
14 29 9
15 29 9
16 29 9
17 29 11
18 29 11
19 29 11
20 29 11
21 29 11
22 29 11
23 29 11
24 29 11
25 29 11
26 29 11
27 29 7
28 29 7
29 29 7
30 29 7
31 29 7
5 30 9
6 30 9
7 30 9
8 30 9
9 30 9
10 30 9
11 30 9
12 30 9
13 30 9
14 30 9
15 30 9
16 30 9
17 30 11
18 30 11
19 30 11
20 30 11
21 30 11
22 30 11
23 30 11
24 30 11
25 30 11
26 30 11
27 30 7
28 30 7
29 30 7
30 30 7
5 31 9
6 31 9
7 31 9
8 31 9
9 31 9
10 31 9
11 31 9
12 31 9
13 31 9
14 31 9
15 31 9
16 31 9
17 31 11
18 31 11
19 31 11
20 31 11
21 31 11
22 31 11
23 31 11
24 31 11
25 31 11
26 31 11
27 31 11
28 31 11
5 32 9
6 32 5
7 32 5
8 32 5
9 32 5
10 32 5
11 32 5
12 32 5
13 32 5
14 32 5
15 32 5
16 32 5
17 32 11
18 32 11
19 32 11
20 32 11
21 32 11
22 32 11
23 32 11
24 32 11
25 32 11
26 32 11
27 32 11
6 33 5
7 33 5
8 33 5
9 33 5
10 33 5
11 33 5
12 33 5
13 33 5
14 33 5
15 33 5
16 33 5
17 33 11
18 33 11
19 33 11
20 33 11
21 33 11
22 33 11
23 33 11
24 33 11
25 33 11
26 33 11
6 34 5
7 34 5
8 34 5
9 34 5
10 34 5
11 34 5
12 34 5
13 34 5
14 34 5
15 34 5
16 34 5
17 34 11
18 34 11
19 34 11
20 34 11
21 34 11
22 34 11
23 34 11
24 34 11
6 35 5
7 35 5
8 35 5
9 35 5
10 35 5
11 35 5
12 35 5
13 35 5
14 35 5
15 35 5
16 35 5
17 35 11
18 35 11
19 35 11
20 35 11
21 35 11
22 35 11
23 35 11
6 36 5
7 36 5
8 36 5
9 36 5
10 36 5
11 36 5
12 36 5
13 36 5
14 36 5
15 36 5
16 36 5
17 36 5
18 36 11
19 36 11
20 36 11
21 36 11
22 36 11
6 37 5
7 37 5
8 37 5
9 37 5
10 37 5
11 37 5
12 37 5
13 37 5
14 37 5
15 37 5
16 37 5
17 37 5
18 37 11
19 37 11
20 37 11
21 37 11
6 38 5
7 38 5
8 38 5
9 38 5
10 38 5
11 38 5
12 38 5
13 38 5
14 38 5
15 38 5
16 38 5
17 38 5
18 38 11
19 38 11
6 39 5
7 39 5
8 39 5
9 39 5
10 39 5
11 39 5
12 39 5
13 39 5
14 39 5
15 39 5
16 39 5
6 40 5
7 40 5
8 40 5
9 40 5
10 40 5
11 40 5
12 40 5
13 40 5
6 41 5
7 41 5
8 41 5
9 41 5
10 41 5
11 41 5
6 42 5
7 42 5
8 42 5
6 43 5
