44 32 872
23 1 8
24 1 8
25 1 8
26 1 8
27 1 8
20 2 8
21 2 8
22 2 8
23 2 8
24 2 8
25 2 8
26 2 8
27 2 8
28 2 8
29 2 8
19 3 8
20 3 8
21 3 8
22 3 8
23 3 8
24 3 8
25 3 8
26 3 8
27 3 8
28 3 8
29 3 8
30 3 8
31 3 8
18 4 8
19 4 8
20 4 8
21 4 8
22 4 8
23 4 8
24 4 8
25 4 8
26 4 8
27 4 8
28 4 8
29 4 8
30 4 8
31 4 8
32 4 2
33 4 2
17 5 8
18 5 8
19 5 8
20 5 8
21 5 8
22 5 8
23 5 8
24 5 8
25 5 8
26 5 8
27 5 8
28 5 8
29 5 8
30 5 8
31 5 8
32 5 2
33 5 2
34 5 2
16 6 8
17 6 8
18 6 8
19 6 8
20 6 8
21 6 8
22 6 8
23 6 8
24 6 8
25 6 8
26 6 8
27 6 8
28 6 8
29 6 8
30 6 8
31 6 8
32 6 2
33 6 2
34 6 2
35 6 2
15 7 6
16 7 8
17 7 8
18 7 8
19 7 8
20 7 8
21 7 8
22 7 8
23 7 8
24 7 8
25 7 8
26 7 8
27 7 8
28 7 8
29 7 8
30 7 2
31 7 2
32 7 2
33 7 2
34 7 2
35 7 2
36 7 2
14 8 6
15 8 6
16 8 8
17 8 8
18 8 8
19 8 8
20 8 8
21 8 8
22 8 8
23 8 8
24 8 8
25 8 8
26 8 8
27 8 8
28 8 8
29 8 2
30 8 2
31 8 2
32 8 2
33 8 2
34 8 2
35 8 2
36 8 2
37 8 2
13 9 6
14 9 6
15 9 6
16 9 8
17 9 8
18 9 8
19 9 8
20 9 8
21 9 8
22 9 8
23 9 8
24 9 8
25 9 1
26 9 1
27 9 1
28 9 1
29 9 2
30 9 2
31 9 2
32 9 2
33 9 2
34 9 2
35 9 2
36 9 2
37 9 2
12 10 6
13 10 6
14 10 6
15 10 6
16 10 6
17 10 6
18 10 1
19 10 1
20 10 1
21 10 1
22 10 1
23 10 1
24 10 1
25 10 1
26 10 1
27 10 1
28 10 1
29 10 2
30 10 2
31 10 2
32 10 2
33 10 2
34 10 2
35 10 2
36 10 2
37 10 2
38 10 2
11 11 6
12 11 6
13 11 6
14 11 6
15 11 6
16 11 6
17 11 6
18 11 1
19 11 1
20 11 1
21 11 1
22 11 1
23 11 1
24 11 1
25 11 1
26 11 1
27 11 1
28 11 1
29 11 2
30 11 2
31 11 2
32 11 2
33 11 2
34 11 2
35 11 2
36 11 2
37 11 2
38 11 2
10 12 6
11 12 6
12 12 6
13 12 6
14 12 6
15 12 6
16 12 6
17 12 6
18 12 1
19 12 1
20 12 1
21 12 1
22 12 1
23 12 1
24 12 1
25 12 1
26 12 1
27 12 1
28 12 1
29 12 2
30 12 2
31 12 2
32 12 2
33 12 2
34 12 2
35 12 2
36 12 2
37 12 2
38 12 2
39 12 2
8 13 6
9 13 6
10 13 6
11 13 6
12 13 6
13 13 6
14 13 6
15 13 6
16 13 6
17 13 6
18 13 1
19 13 1
20 13 1
21 13 1
22 13 1
23 13 1
24 13 1
25 13 1
26 13 1
27 13 1
28 13 1
29 13 2
30 13 2
31 13 2
32 13 2
33 13 2
34 13 2
35 13 2
36 13 2
37 13 2
38 13 2
39 13 2
8 14 6
9 14 6
10 14 6
11 14 6
12 14 6
13 14 6
14 14 6
15 14 6
16 14 6
17 14 6
18 14 1
19 14 1
20 14 1
21 14 1
22 14 1
23 14 1
24 14 1
25 14 1
26 14 1
27 14 1
28 14 1
29 14 2
30 14 2
31 14 2
32 14 2
33 14 2
34 14 2
35 14 2
36 14 2
37 14 2
38 14 2
39 14 2
40 14 2
7 15 6
8 15 6
9 15 6
10 15 6
11 15 6
12 15 6
13 15 6
14 15 6
15 15 6
16 15 6
17 15 6
18 15 1
19 15 1
20 15 1
21 15 1
22 15 1
23 15 1
24 15 1
25 15 1
26 15 1
27 15 1
28 15 1
29 15 2
30 15 2
31 15 2
32 15 2
33 15 2
34 15 2
35 15 2
36 15 2
37 15 2
38 15 2
39 15 2
40 15 2
6 16 6
7 16 6
8 16 6
9 16 6
10 16 6
11 16 6
12 16 6
13 16 6
14 16 6
15 16 6
16 16 6
17 16 6
18 16 1
19 16 1
20 16 1
21 16 1
22 16 1
23 16 1
24 16 1
25 16 1
26 16 1
27 16 1
28 16 1
29 16 2
30 16 2
31 16 2
32 16 2
33 16 2
34 16 2
35 16 2
36 16 2
37 16 2
38 16 7
39 16 7
40 16 7
41 16 7
6 17 6
7 17 6
8 17 6
9 17 6
10 17 6
11 17 6
12 17 6
13 17 6
14 17 6
15 17 6
16 17 6
17 17 6
18 17 1
19 17 1
20 17 1
21 17 1
22 17 1
23 17 1
24 17 1
25 17 1
26 17 1
27 17 1
28 17 5
29 17 5
30 17 5
31 17 7
32 17 7
33 17 7
34 17 7
35 17 7
36 17 7
37 17 7
38 17 7
39 17 7
40 17 7
41 17 7
5 18 6
6 18 6
7 18 6
8 18 6
9 18 6
10 18 6
11 18 6
12 18 6
13 18 6
14 18 6
15 18 6
16 18 6
17 18 6
18 18 1
19 18 1
20 18 1
21 18 1
22 18 1
23 18 1
24 18 1
25 18 1
26 18 1
27 18 5
28 18 5
29 18 5
30 18 5
31 18 7
32 18 7
33 18 7
34 18 7
35 18 7
36 18 7
37 18 7
38 18 7
39 18 7
40 18 7
41 18 7
42 18 7
4 19 6
5 19 6
6 19 6
7 19 6
8 19 6
9 19 6
10 19 6
11 19 6
12 19 6
13 19 6
14 19 6
15 19 6
16 19 6
17 19 6
18 19 1
19 19 1
20 19 1
21 19 1
22 19 1
23 19 1
24 19 1
25 19 1
26 19 1
27 19 5
28 19 5
29 19 5
30 19 5
31 19 7
32 19 7
33 19 7
34 19 7
35 19 7
36 19 7
37 19 7
38 19 7
39 19 7
40 19 7
41 19 7
42 19 7
43 19 7
4 20 4
5 20 4
6 20 4
7 20 4
8 20 4
9 20 4
10 20 4
11 20 3
12 20 3
13 20 3
14 20 3
15 20 3
16 20 3
17 20 3
18 20 3
19 20 3
20 20 3
21 20 5
22 20 5
23 20 5
24 20 5
25 20 5
26 20 5
27 20 5
28 20 5
29 20 5
30 20 5
31 20 7
32 20 7
33 20 7
34 20 7
35 20 7
36 20 7
37 20 7
38 20 7
39 20 7
40 20 7
41 20 7
42 20 7
3 21 4
4 21 4
5 21 4
6 21 4
7 21 4
8 21 4
9 21 4
10 21 4
11 21 3
12 21 3
13 21 3
14 21 3
15 21 3
16 21 3
17 21 3
18 21 3
19 21 3
20 21 3
21 21 5
22 21 5
23 21 5
24 21 5
25 21 5
26 21 5
27 21 5
28 21 5
29 21 5
30 21 5
31 21 7
32 21 7
33 21 7
34 21 7
35 21 7
36 21 7
37 21 7
38 21 7
39 21 7
40 21 7
41 21 7
3 22 4
4 22 4
5 22 4
6 22 4
7 22 4
8 22 4
9 22 4
10 22 4
11 22 3
12 22 3
13 22 3
14 22 3
15 22 3
16 22 3
17 22 3
18 22 3
19 22 3
20 22 3
21 22 5
22 22 5
23 22 5
24 22 5
25 22 5
26 22 5
27 22 5
28 22 5
29 22 5
30 22 5
31 22 7
32 22 7
33 22 7
34 22 7
35 22 7
36 22 7
37 22 7
38 22 7
39 22 7
40 22 7
41 22 7
2 23 4
3 23 4
4 23 4
5 23 4
6 23 4
7 23 4
8 23 4
9 23 4
10 23 4
11 23 3
12 23 3
13 23 3
14 23 3
15 23 3
16 23 3
17 23 3
18 23 3
19 23 3
20 23 3
21 23 5
22 23 5
23 23 5
24 23 5
25 23 5
26 23 5
27 23 5
28 23 5
29 23 5
30 23 5
31 23 7
32 23 7
33 23 7
34 23 7
35 23 7
36 23 7
37 23 7
38 23 7
39 23 7
40 23 7
2 24 4
3 24 4
4 24 4
5 24 4
6 24 4
7 24 4
8 24 4
9 24 4
10 24 4
11 24 3
12 24 3
13 24 3
14 24 3
15 24 3
16 24 3
17 24 3
18 24 3
19 24 3
20 24 3
21 24 5
22 24 5
23 24 5
24 24 5
25 24 5
26 24 5
27 24 5
28 24 5
29 24 5
30 24 5
31 24 7
32 24 7
33 24 7
34 24 7
35 24 7
36 24 7
37 24 7
38 24 7
39 24 7
1 25 4
2 25 4
3 25 4
4 25 4
5 25 4
6 25 4
7 25 4
8 25 4
9 25 4
10 25 4
11 25 4
12 25 3
13 25 3
14 25 3
15 25 3
16 25 3
17 25 3
18 25 3
19 25 3
20 25 3
21 25 5
22 25 5
23 25 5
24 25 5
25 25 5
26 25 5
27 25 5
28 25 5
29 25 5
30 25 5
31 25 5
32 25 7
33 25 7
34 25 7
35 25 7
36 25 7
37 25 7
38 25 7
2 26 4
3 26 4
4 26 4
5 26 4
6 26 4
7 26 4
8 26 4
9 26 4
10 26 4
11 26 4
12 26 3
13 26 3
14 26 3
15 26 3
16 26 3
17 26 3
18 26 3
19 26 3
20 26 3
21 26 3
22 26 5
23 26 5
24 26 5
25 26 5
26 26 5
27 26 5
28 26 5
29 26 5
30 26 5
31 26 5
32 26 7
33 26 7
34 26 7
35 26 7
36 26 7
37 26 7
2 27 4
3 27 4
4 27 4
5 27 4
6 27 4
7 27 4
8 27 4
9 27 4
10 27 4
11 27 4
12 27 3
13 27 3
14 27 3
15 27 3
16 27 3
17 27 3
18 27 3
19 27 3
20 27 3
21 27 3
22 27 5
23 27 5
24 27 5
25 27 5
26 27 5
27 27 5
28 27 5
29 27 5
30 27 5
31 27 5
32 27 7
33 27 7
34 27 7
2 28 4
3 28 4
4 28 4
5 28 4
6 28 4
7 28 4
8 28 4
9 28 4
10 28 4
11 28 4
12 28 3
13 28 3
14 28 3
15 28 3
16 28 3
17 28 3
18 28 3
19 28 3
20 28 3
21 28 3
22 28 5
23 28 5
24 28 5
25 28 5
26 28 5
27 28 5
28 28 5
29 28 5
30 28 5
31 28 5
3 29 4
4 29 4
5 29 4
6 29 4
7 29 4
8 29 4
9 29 4
10 29 4
11 29 4
12 29 3
13 29 3
14 29 3
15 29 3
16 29 3
17 29 3
18 29 3
19 29 3
20 29 3
21 29 3
22 29 5
23 29 5
24 29 5
25 29 5
26 29 5
27 29 5
28 29 5
3 30 4
4 30 4
5 30 4
6 30 4
7 30 4
8 30 4
9 30 4
10 30 4
11 30 4
12 30 3
13 30 3
14 30 3
15 30 3
16 30 3
17 30 3
18 30 3
19 30 3
20 30 3
21 30 3
3 31 4
4 31 4
5 31 4
6 31 4
7 31 4
8 31 4
9 31 4
10 31 4
11 31 4
