65 81 2943
1 39 24
1 40 24
1 41 24
1 42 24
1 43 24
1 44 24
1 45 24
1 46 24
1 47 24
1 48 24
1 49 24
2 39 24
2 40 24
2 41 24
2 42 24
2 43 24
2 44 24
2 45 24
2 46 24
2 47 24
2 48 24
2 49 24
2 50 24
2 51 18
3 38 24
3 39 24
3 40 24
3 41 24
3 42 24
3 43 24
3 44 24
3 45 24
3 46 24
3 47 24
3 48 24
3 49 24
3 50 24
3 51 18
3 52 18
3 53 18
3 54 18
4 37 24
4 38 24
4 39 24
4 40 24
4 41 24
4 42 24
4 43 24
4 44 24
4 45 24
4 46 24
4 47 24
4 48 24
4 49 24
4 50 24
4 51 18
4 52 18
4 53 18
4 54 18
4 55 18
4 56 18
4 57 18
5 36 24
5 37 24
5 38 24
5 39 24
5 40 24
5 41 24
5 42 24
5 43 24
5 44 24
5 45 24
5 46 24
5 47 24
5 48 24
5 49 24
5 50 24
5 51 18
5 52 18
5 53 18
5 54 18
5 55 18
5 56 18
5 57 18
5 58 18
5 59 18
5 60 18
6 36 24
6 37 24
6 38 24
6 39 24
6 40 24
6 41 24
6 42 24
6 43 24
6 44 24
6 45 24
6 46 24
6 47 24
6 48 24
6 49 24
6 50 24
6 51 18
6 52 18
6 53 18
6 54 18
6 55 18
6 56 18
6 57 18
6 58 18
6 59 18
6 60 18
6 61 11
6 62 11
6 63 11
7 35 1
7 36 24
7 37 24
7 38 24
7 39 24
7 40 24
7 41 24
7 42 24
7 43 24
7 44 24
7 45 24
7 46 24
7 47 24
7 48 24
7 49 24
7 50 24
7 51 18
7 52 18
7 53 18
7 54 18
7 55 18
7 56 18
7 57 18
7 58 18
7 59 18
7 60 18
7 61 11
7 62 11
7 63 11
7 64 11
7 65 11
8 34 1
8 35 1
8 36 1
8 37 24
8 38 24
8 39 24
8 40 24
8 41 24
8 42 24
8 43 24
8 44 24
8 45 24
8 46 24
8 47 24
8 48 24
8 49 24
8 50 24
8 51 18
8 52 18
8 53 18
8 54 18
8 55 18
8 56 18
8 57 18
8 58 18
8 59 18
8 60 18
8 61 11
8 62 11
8 63 11
8 64 11
8 65 11
8 66 11
8 67 11
8 68 11
9 33 1
9 34 1
9 35 1
9 36 1
9 37 15
9 38 15
9 39 15
9 40 15
9 41 15
9 42 15
9 43 15
9 44 12
9 45 12
9 46 12
9 47 12
9 48 12
9 49 12
9 50 12
9 51 12
9 52 18
9 53 18
9 54 18
9 55 18
9 56 18
9 57 18
9 58 18
9 59 18
9 60 18
9 61 11
9 62 11
9 63 11
9 64 11
9 65 11
9 66 11
9 67 11
9 68 11
9 69 2
9 70 2
9 71 2
10 32 1
10 33 1
10 34 1
10 35 1
10 36 1
10 37 15
10 38 15
10 39 15
10 40 15
10 41 15
10 42 15
10 43 15
10 44 12
10 45 12
10 46 12
10 47 12
10 48 12
10 49 12
10 50 12
10 51 12
10 52 18
10 53 18
10 54 18
10 55 18
10 56 18
10 57 18
10 58 18
10 59 18
10 60 18
10 61 11
10 62 11
10 63 11
10 64 11
10 65 11
10 66 11
10 67 11
10 68 11
10 69 2
10 70 2
10 71 2
10 72 2
10 73 2
10 74 2
11 32 1
11 33 1
11 34 1
11 35 1
11 36 1
11 37 15
11 38 15
11 39 15
11 40 15
11 41 15
11 42 15
11 43 15
11 44 12
11 45 12
11 46 12
11 47 12
11 48 12
11 49 12
11 50 12
11 51 12
11 52 18
11 53 18
11 54 18
11 55 18
11 56 18
11 57 18
11 58 18
11 59 18
11 60 18
11 61 11
11 62 11
11 63 11
11 64 11
11 65 11
11 66 11
11 67 11
11 68 11
11 69 2
11 70 2
11 71 2
11 72 2
11 73 2
11 74 2
11 75 2
11 76 2
11 77 2
12 31 1
12 32 1
12 33 1
12 34 1
12 35 1
12 36 1
12 37 15
12 38 15
12 39 15
12 40 15
12 41 15
12 42 15
12 43 15
12 44 12
12 45 12
12 46 12
12 47 12
12 48 12
12 49 12
12 50 12
12 51 12
12 52 18
12 53 18
12 54 18
12 55 18
12 56 18
12 57 18
12 58 18
12 59 18
12 60 18
12 61 11
12 62 11
12 63 11
12 64 11
12 65 11
12 66 11
12 67 11
12 68 11
12 69 2
12 70 2
12 71 2
12 72 2
12 73 2
12 74 2
12 75 2
12 76 2
12 77 2
12 78 2
12 79 2
12 80 2
13 30 1
13 31 1
13 32 1
13 33 1
13 34 1
13 35 1
13 36 1
13 37 15
13 38 15
13 39 15
13 40 15
13 41 15
13 42 15
13 43 15
13 44 12
13 45 12
13 46 12
13 47 12
13 48 12
13 49 12
13 50 12
13 51 12
13 52 18
13 53 18
13 54 18
13 55 18
13 56 18
13 57 18
13 58 18
13 59 18
13 60 18
13 61 11
13 62 11
13 63 11
13 64 11
13 65 11
13 66 11
13 67 11
13 68 11
13 69 2
13 70 2
13 71 2
13 72 2
13 73 2
13 74 2
13 75 2
13 76 2
13 77 2
13 78 2
13 79 2
14 29 1
14 30 1
14 31 1
14 32 1
14 33 1
14 34 1
14 35 1
14 36 1
14 37 15
14 38 15
14 39 15
14 40 15
14 41 15
14 42 15
14 43 15
14 44 12
14 45 12
14 46 12
14 47 12
14 48 12
14 49 12
14 50 12
14 51 12
14 52 12
14 53 12
14 54 12
14 55 18
14 56 18
14 57 18
14 58 18
14 59 18
14 60 18
14 61 11
14 62 11
14 63 11
14 64 11
14 65 11
14 66 11
14 67 11
14 68 11
14 69 2
14 70 2
14 71 2
14 72 2
14 73 2
14 74 2
14 75 2
14 76 2
14 77 2
14 78 2
14 79 2
15 29 1
15 30 1
15 31 1
15 32 1
15 33 1
15 34 1
15 35 1
15 36 1
15 37 15
15 38 15
15 39 15
15 40 15
15 41 15
15 42 15
15 43 15
15 44 12
15 45 12
15 46 12
15 47 12
15 48 12
15 49 12
15 50 12
15 51 12
15 52 12
15 53 12
15 54 12
15 55 18
15 56 18
15 57 18
15 58 18
15 59 18
15 60 18
15 61 11
15 62 11
15 63 11
15 64 11
15 65 11
15 66 11
15 67 11
15 68 11
15 69 2
15 70 2
15 71 2
15 72 2
15 73 2
15 74 2
15 75 2
15 76 2
15 77 2
15 78 2
16 28 1
16 29 1
16 30 1
16 31 1
16 32 1
16 33 1
16 34 1
16 35 1
16 36 1
16 37 15
16 38 15
16 39 15
16 40 15
16 41 15
16 42 15
16 43 15
16 44 12
16 45 12
16 46 12
16 47 12
16 48 12
16 49 12
16 50 12
16 51 12
16 52 12
16 53 12
16 54 12
16 55 27
16 56 27
16 57 27
16 58 27
16 59 27
16 60 27
16 61 11
16 62 11
16 63 11
16 64 11
16 65 11
16 66 11
16 67 11
16 68 11
16 69 2
16 70 2
16 71 2
16 72 2
16 73 2
16 74 2
16 75 2
16 76 2
16 77 2
16 78 2
17 27 1
17 28 1
17 29 1
17 30 1
17 31 1
17 32 1
17 33 1
17 34 1
17 35 1
17 36 1
17 37 15
17 38 15
17 39 15
17 40 15
17 41 15
17 42 15
17 43 15
17 44 12
17 45 12
17 46 12
17 47 12
17 48 12
17 49 12
17 50 12
17 51 12
17 52 12
17 53 12
17 54 12
17 55 27
17 56 27
17 57 27
17 58 27
17 59 27
17 60 27
17 61 11
17 62 11
17 63 11
17 64 11
17 65 11
17 66 11
17 67 11
17 68 11
17 69 2
17 70 2
17 71 2
17 72 2
17 73 2
17 74 2
17 75 2
17 76 2
17 77 2
18 26 1
18 27 1
18 28 1
18 29 1
18 30 1
18 31 1
18 32 1
18 33 1
18 34 1
18 35 1
18 36 1
18 37 15
18 38 15
18 39 15
18 40 15
18 41 15
18 42 15
18 43 15
18 44 12
18 45 12
18 46 12
18 47 12
18 48 12
18 49 12
18 50 12
18 51 12
18 52 12
18 53 12
18 54 12
18 55 27
18 56 27
18 57 27
18 58 27
18 59 27
18 60 27
18 61 11
18 62 11
18 63 11
18 64 11
18 65 11
18 66 11
18 67 11
18 68 2
18 69 2
18 70 2
18 71 2
18 72 2
18 73 2
18 74 2
18 75 2
18 76 2
18 77 2
19 25 1
19 26 1
19 27 1
19 28 1
19 29 1
19 30 1
19 31 1
19 32 1
19 33 1
19 34 1
19 35 1
19 36 1
19 37 15
19 38 15
19 39 15
19 40 15
19 41 15
19 42 15
19 43 15
19 44 12
19 45 12
19 46 12
19 47 12
19 48 12
19 49 12
19 50 12
19 51 12
19 52 12
19 53 12
19 54 27
19 55 27
19 56 27
19 57 27
19 58 27
19 59 27
19 60 27
19 61 11
19 62 11
19 63 11
19 64 11
19 65 11
19 66 11
19 67 11
19 68 2
19 69 2
19 70 2
19 71 2
19 72 2
19 73 2
19 74 2
19 75 2
19 76 2
20 25 1
20 26 1
20 27 1
20 28 1
20 29 1
20 30 1
20 31 1
20 32 1
20 33 1
20 34 1
20 35 1
20 36 1
20 37 15
20 38 15
20 39 15
20 40 15
20 41 15
20 42 15
20 43 15
20 44 12
20 45 12
20 46 12
20 47 12
20 48 7
20 49 7
20 50 7
20 51 7
20 52 7
20 53 7
20 54 27
20 55 27
20 56 27
20 57 27
20 58 27
20 59 27
20 60 27
20 61 11
20 62 11
20 63 11
20 64 11
20 65 11
20 66 11
20 67 11
20 68 2
20 69 2
20 70 2
20 71 2
20 72 2
20 73 2
20 74 2
20 75 2
20 76 2
21 24 21
21 25 21
21 26 21
21 27 21
21 28 21
21 29 1
21 30 1
21 31 1
21 32 1
21 33 1
21 34 1
21 35 1
21 36 1
21 37 15
21 38 15
21 39 15
21 40 15
21 41 15
21 42 15
21 43 15
21 44 7
21 45 7
21 46 7
21 47 7
21 48 7
21 49 7
21 50 7
21 51 7
21 52 7
21 53 7
21 54 27
21 55 27
21 56 27
21 57 27
21 58 27
21 59 27
21 60 27
21 61 27
21 62 27
21 63 27
21 64 19
21 65 19
21 66 19
21 67 19
21 68 19
21 69 19
21 70 19
21 71 19
21 72 19
21 73 19
21 74 19
21 75 19
22 23 21
22 24 21
22 25 21
22 26 21
22 27 21
22 28 21
22 29 22
22 30 22
22 31 22
22 32 22
22 33 22
22 34 22
22 35 22
22 36 22
22 37 15
22 38 15
22 39 15
22 40 15
22 41 15
22 42 15
22 43 7
22 44 7
22 45 7
22 46 7
22 47 7
22 48 7
22 49 7
22 50 7
22 51 7
22 52 7
22 53 7
22 54 27
22 55 27
22 56 27
22 57 27
22 58 27
22 59 27
22 60 27
22 61 27
22 62 27
22 63 27
22 64 19
22 65 19
22 66 19
22 67 19
22 68 19
22 69 19
22 70 19
22 71 19
22 72 19
22 73 19
22 74 19
22 75 19
23 23 21
23 24 21
23 25 21
23 26 21
23 27 21
23 28 21
23 29 22
23 30 22
23 31 22
23 32 22
23 33 22
23 34 22
23 35 22
23 36 22
23 37 15
23 38 15
23 39 15
23 40 15
23 41 15
23 42 15
23 43 7
23 44 7
23 45 7
23 46 7
23 47 7
23 48 7
23 49 7
23 50 7
23 51 7
23 52 7
23 53 7
23 54 27
23 55 27
23 56 27
23 57 27
23 58 27
23 59 27
23 60 27
23 61 27
23 62 27
23 63 27
23 64 19
23 65 19
23 66 19
23 67 19
23 68 19
23 69 19
23 70 19
23 71 19
23 72 19
23 73 19
23 74 19
23 75 19
24 22 21
24 23 21
24 24 21
24 25 21
24 26 21
24 27 21
24 28 22
24 29 22
24 30 22
24 31 22
24 32 22
24 33 22
24 34 22
24 35 22
24 36 22
24 37 15
24 38 15
24 39 15
24 40 15
24 41 15
24 42 15
24 43 7
24 44 7
24 45 7
24 46 7
24 47 7
24 48 7
24 49 7
24 50 7
24 51 7
24 52 7
24 53 7
24 54 27
24 55 27
24 56 27
24 57 27
24 58 27
24 59 27
24 60 27
24 61 27
24 62 27
24 63 27
24 64 19
24 65 19
24 66 19
24 67 19
24 68 19
24 69 19
24 70 19
24 71 19
24 72 19
24 73 19
24 74 19
25 21 21
25 22 21
25 23 21
25 24 21
25 25 21
25 26 21
25 27 21
25 28 22
25 29 22
25 30 22
25 31 22
25 32 22
25 33 22
25 34 22
25 35 22
25 36 22
25 37 22
25 38 22
25 39 22
25 40 22
25 41 22
25 42 7
25 43 7
25 44 7
25 45 7
25 46 7
25 47 7
25 48 7
25 49 7
25 50 7
25 51 7
25 52 7
25 53 7
25 54 27
25 55 27
25 56 27
25 57 27
25 58 27
25 59 27
25 60 27
25 61 27
25 62 27
25 63 27
25 64 19
25 65 19
25 66 19
25 67 19
25 68 19
25 69 19
25 70 19
25 71 19
25 72 19
25 73 19
25 74 19
26 21 21
26 22 21
26 23 21
26 24 21
26 25 21
26 26 21
26 27 21
26 28 22
26 29 22
26 30 22
26 31 22
26 32 22
26 33 22
26 34 22
26 35 22
26 36 22
26 37 22
26 38 22
26 39 22
26 40 22
26 41 22
26 42 7
26 43 7
26 44 7
26 45 7
26 46 7
26 47 7
26 48 7
26 49 7
26 50 7
26 51 7
26 52 7
26 53 7
26 54 27
26 55 27
26 56 27
26 57 27
26 58 27
26 59 27
26 60 27
26 61 27
26 62 27
26 63 27
26 64 19
26 65 19
26 66 19
26 67 19
26 68 19
26 69 19
26 70 19
26 71 19
26 72 19
26 73 19
27 20 21
27 21 21
27 22 21
27 23 21
27 24 21
27 25 21
27 26 21
27 27 21
27 28 22
27 29 22
27 30 22
27 31 22
27 32 22
27 33 22
27 34 22
27 35 22
27 36 22
27 37 22
27 38 22
27 39 22
27 40 22
27 41 22
27 42 7
27 43 7
27 44 7
27 45 7
27 46 7
27 47 7
27 48 7
27 49 7
27 50 7
27 51 7
27 52 7
27 53 7
27 54 27
27 55 27
27 56 27
27 57 27
27 58 27
27 59 27
27 60 27
27 61 27
27 62 27
27 63 27
27 64 19
27 65 19
27 66 19
27 67 19
27 68 19
27 69 19
27 70 19
27 71 19
27 72 19
27 73 19
28 19 21
28 20 21
28 21 21
28 22 21
28 23 21
28 24 21
28 25 21
28 26 21
28 27 21
28 28 22
28 29 22
28 30 22
28 31 22
28 32 22
28 33 22
28 34 22
28 35 22
28 36 22
28 37 22
28 38 22
28 39 22
28 40 22
28 41 22
28 42 7
28 43 7
28 44 7
28 45 7
28 46 7
28 47 7
28 48 7
28 49 7
28 50 7
28 51 7
28 52 7
28 53 7
28 54 14
28 55 14
28 56 14
28 57 27
28 58 27
28 59 27
28 60 27
28 61 27
28 62 27
28 63 27
28 64 19
28 65 19
28 66 19
28 67 19
28 68 19
28 69 19
28 70 19
28 71 19
28 72 19
29 18 21
29 19 21
29 20 21
29 21 21
29 22 21
29 23 21
29 24 21
29 25 21
29 26 21
29 27 21
29 28 22
29 29 22
29 30 22
29 31 22
29 32 22
29 33 22
29 34 22
29 35 22
29 36 22
29 37 22
29 38 22
29 39 22
29 40 22
29 41 22
29 42 7
29 43 7
29 44 7
29 45 7
29 46 7
29 47 7
29 48 7
29 49 7
29 50 7
29 51 7
29 52 7
29 53 7
29 54 14
29 55 14
29 56 14
29 57 6
29 58 6
29 59 6
29 60 6
29 61 6
29 62 6
29 63 6
29 64 6
29 65 19
29 66 19
29 67 19
29 68 19
29 69 19
29 70 19
29 71 19
29 72 19
30 18 21
30 19 21
30 20 21
30 21 21
30 22 21
30 23 21
30 24 21
30 25 21
30 26 21
30 27 21
30 28 22
30 29 22
30 30 22
30 31 22
30 32 22
30 33 22
30 34 22
30 35 22
30 36 22
30 37 22
30 38 22
30 39 22
30 40 22
30 41 22
30 42 14
30 43 14
30 44 14
30 45 14
30 46 14
30 47 14
30 48 14
30 49 14
30 50 14
30 51 14
30 52 14
30 53 14
30 54 14
30 55 14
30 56 14
30 57 6
30 58 6
30 59 6
30 60 6
30 61 6
30 62 6
30 63 6
30 64 6
30 65 19
30 66 19
30 67 19
30 68 19
30 69 19
30 70 19
30 71 19
31 17 21
31 18 21
31 19 21
31 20 21
31 21 21
31 22 21
31 23 21
31 24 21
31 25 21
31 26 21
31 27 5
31 28 5
31 29 5
31 30 5
31 31 5
31 32 5
31 33 5
31 34 5
31 35 5
31 36 5
31 37 5
31 38 5
31 39 5
31 40 5
31 41 5
31 42 5
31 43 14
31 44 14
31 45 14
31 46 14
31 47 14
31 48 14
31 49 14
31 50 14
31 51 14
31 52 14
31 53 14
31 54 14
31 55 14
31 56 14
31 57 6
31 58 6
31 59 6
31 60 6
31 61 6
31 62 6
31 63 6
31 64 6
31 65 19
31 66 19
31 67 19
31 68 19
31 69 19
31 70 19
31 71 19
32 16 21
32 17 21
32 18 21
32 19 21
32 20 21
32 21 21
32 22 21
32 23 21
32 24 21
32 25 21
32 26 21
32 27 5
32 28 5
32 29 5
32 30 5
32 31 5
32 32 5
32 33 5
32 34 5
32 35 5
32 36 5
32 37 5
32 38 5
32 39 5
32 40 5
32 41 5
32 42 5
32 43 14
32 44 14
32 45 14
32 46 14
32 47 14
32 48 14
32 49 14
32 50 14
32 51 14
32 52 14
32 53 14
32 54 14
32 55 14
32 56 14
32 57 6
32 58 6
32 59 6
32 60 6
32 61 6
32 62 6
32 63 6
32 64 6
32 65 6
32 66 6
32 67 6
32 68 6
32 69 6
32 70 6
33 16 21
33 17 21
33 18 21
33 19 21
33 20 21
33 21 21
33 22 21
33 23 21
33 24 21
33 25 21
33 26 21
33 27 5
33 28 5
33 29 5
33 30 5
33 31 5
33 32 5
33 33 5
33 34 5
33 35 5
33 36 5
33 37 5
33 38 5
33 39 5
33 40 5
33 41 5
33 42 5
33 43 14
33 44 14
33 45 14
33 46 14
33 47 14
33 48 14
33 49 14
33 50 14
33 51 14
33 52 14
33 53 14
33 54 14
33 55 14
33 56 6
33 57 6
33 58 6
33 59 6
33 60 6
33 61 6
33 62 6
33 63 6
33 64 6
33 65 6
33 66 6
33 67 6
33 68 6
33 69 6
33 70 6
34 15 13
34 16 13
34 17 13
34 18 21
34 19 21
34 20 21
34 21 25
34 22 25
34 23 25
34 24 25
34 25 25
34 26 25
34 27 5
34 28 5
34 29 5
34 30 5
34 31 5
34 32 5
34 33 5
34 34 5
34 35 5
34 36 5
34 37 5
34 38 5
34 39 5
34 40 5
34 41 5
34 42 5
34 43 14
34 44 14
34 45 14
34 46 14
34 47 14
34 48 14
34 49 14
34 50 14
34 51 14
34 52 14
34 53 14
34 54 14
34 55 14
34 56 6
34 57 6
34 58 6
34 59 6
34 60 6
34 61 6
34 62 6
34 63 6
34 64 6
34 65 6
34 66 6
34 67 6
34 68 6
34 69 6
34 70 6
35 14 13
35 15 13
35 16 13
35 17 13
35 18 13
35 19 13
35 20 13
35 21 25
35 22 25
35 23 25
35 24 25
35 25 25
35 26 25
35 27 5
35 28 5
35 29 5
35 30 5
35 31 5
35 32 5
35 33 5
35 34 5
35 35 5
35 36 5
35 37 5
35 38 5
35 39 5
35 40 5
35 41 5
35 42 5
35 43 14
35 44 14
35 45 14
35 46 14
35 47 14
35 48 14
35 49 14
35 50 14
35 51 14
35 52 14
35 53 14
35 54 14
35 55 14
35 56 6
35 57 6
35 58 6
35 59 6
35 60 6
35 61 6
35 62 6
35 63 6
35 64 6
35 65 6
35 66 6
35 67 6
35 68 6
35 69 6
36 13 13
36 14 13
36 15 13
36 16 13
36 17 13
36 18 13
36 19 13
36 20 13
36 21 25
36 22 25
36 23 25
36 24 25
36 25 25
36 26 25
36 27 5
36 28 5
36 29 5
36 30 5
36 31 5
36 32 5
36 33 5
36 34 5
36 35 5
36 36 5
36 37 5
36 38 5
36 39 5
36 40 5
36 41 5
36 42 5
36 43 14
36 44 14
36 45 14
36 46 14
36 47 14
36 48 14
36 49 14
36 50 14
36 51 14
36 52 14
36 53 14
36 54 14
36 55 14
36 56 6
36 57 6
36 58 6
36 59 6
36 60 6
36 61 6
36 62 6
36 63 6
36 64 6
36 65 6
36 66 6
36 67 6
36 68 6
36 69 6
37 13 13
37 14 13
37 15 13
37 16 13
37 17 13
37 18 13
37 19 13
37 20 13
37 21 25
37 22 25
37 23 25
37 24 25
37 25 25
37 26 25
37 27 25
37 28 25
37 29 25
37 30 5
37 31 5
37 32 5
37 33 5
37 34 5
37 35 5
37 36 5
37 37 5
37 38 5
37 39 5
37 40 5
37 41 5
37 42 5
37 43 14
37 44 14
37 45 14
37 46 14
37 47 14
37 48 14
37 49 14
37 50 14
37 51 9
37 52 9
37 53 9
37 54 9
37 55 9
37 56 6
37 57 6
37 58 6
37 59 6
37 60 6
37 61 6
37 62 6
37 63 6
37 64 6
37 65 6
37 66 6
37 67 6
37 68 6
38 12 13
38 13 13
38 14 13
38 15 13
38 16 13
38 17 13
38 18 13
38 19 13
38 20 13
38 21 25
38 22 25
38 23 25
38 24 25
38 25 25
38 26 25
38 27 25
38 28 25
38 29 25
38 30 20
38 31 20
38 32 20
38 33 20
38 34 20
38 35 20
38 36 20
38 37 20
38 38 20
38 39 20
38 40 20
38 41 20
38 42 3
38 43 3
38 44 3
38 45 3
38 46 3
38 47 3
38 48 3
38 49 3
38 50 9
38 51 9
38 52 9
38 53 9
38 54 9
38 55 9
38 56 9
38 57 9
38 58 26
38 59 26
38 60 26
38 61 26
38 62 26
38 63 26
38 64 26
38 65 26
38 66 26
38 67 26
38 68 26
39 11 13
39 12 13
39 13 13
39 14 13
39 15 13
39 16 13
39 17 13
39 18 13
39 19 13
39 20 13
39 21 25
39 22 25
39 23 25
39 24 25
39 25 25
39 26 25
39 27 25
39 28 25
39 29 25
39 30 20
39 31 20
39 32 20
39 33 20
39 34 20
39 35 20
39 36 20
39 37 20
39 38 20
39 39 20
39 40 20
39 41 20
39 42 3
39 43 3
39 44 3
39 45 3
39 46 3
39 47 3
39 48 3
39 49 3
39 50 9
39 51 9
39 52 9
39 53 9
39 54 9
39 55 9
39 56 9
39 57 9
39 58 26
39 59 26
39 60 26
39 61 26
39 62 26
39 63 26
39 64 26
39 65 26
39 66 26
39 67 26
40 11 13
40 12 13
40 13 13
40 14 13
40 15 13
40 16 13
40 17 13
40 18 13
40 19 13
40 20 13
40 21 25
40 22 25
40 23 25
40 24 25
40 25 25
40 26 25
40 27 25
40 28 25
40 29 25
40 30 20
40 31 20
40 32 20
40 33 20
40 34 20
40 35 20
40 36 20
40 37 20
40 38 20
40 39 20
40 40 20
40 41 20
40 42 3
40 43 3
40 44 3
40 45 3
40 46 3
40 47 3
40 48 3
40 49 3
40 50 9
40 51 9
40 52 9
40 53 9
40 54 9
40 55 9
40 56 9
40 57 9
40 58 26
40 59 26
40 60 26
40 61 26
40 62 26
40 63 26
40 64 26
40 65 26
40 66 26
40 67 26
41 10 13
41 11 13
41 12 13
41 13 13
41 14 13
41 15 13
41 16 13
41 17 13
41 18 13
41 19 13
41 20 13
41 21 25
41 22 25
41 23 25
41 24 25
41 25 25
41 26 25
41 27 25
41 28 25
41 29 25
41 30 20
41 31 20
41 32 20
41 33 20
41 34 20
41 35 20
41 36 20
41 37 20
41 38 20
41 39 20
41 40 20
41 41 20
41 42 3
41 43 3
41 44 3
41 45 3
41 46 3
41 47 3
41 48 3
41 49 3
41 50 9
41 51 9
41 52 9
41 53 9
41 54 9
41 55 9
41 56 9
41 57 9
41 58 26
41 59 26
41 60 26
41 61 26
41 62 26
41 63 26
41 64 26
41 65 26
41 66 26
42 9 13
42 10 13
42 11 13
42 12 13
42 13 13
42 14 13
42 15 13
42 16 13
42 17 13
42 18 13
42 19 13
42 20 13
42 21 25
42 22 25
42 23 25
42 24 25
42 25 25
42 26 25
42 27 25
42 28 25
42 29 25
42 30 20
42 31 20
42 32 20
42 33 20
42 34 20
42 35 20
42 36 20
42 37 20
42 38 20
42 39 20
42 40 20
42 41 20
42 42 3
42 43 3
42 44 3
42 45 3
42 46 3
42 47 3
42 48 3
42 49 3
42 50 9
42 51 9
42 52 9
42 53 9
42 54 9
42 55 9
42 56 9
42 57 9
42 58 26
42 59 26
42 60 26
42 61 26
42 62 26
42 63 26
42 64 26
42 65 26
42 66 26
43 9 13
43 10 13
43 11 13
43 12 13
43 13 13
43 14 13
43 15 13
43 16 13
43 17 13
43 18 13
43 19 13
43 20 13
43 21 25
43 22 25
43 23 25
43 24 25
43 25 25
43 26 25
43 27 25
43 28 25
43 29 25
43 30 20
43 31 20
43 32 20
43 33 20
43 34 20
43 35 20
43 36 20
43 37 20
43 38 20
43 39 20
43 40 20
43 41 20
43 42 3
43 43 3
43 44 3
43 45 3
43 46 3
43 47 3
43 48 3
43 49 3
43 50 9
43 51 9
43 52 9
43 53 9
43 54 9
43 55 9
43 56 9
43 57 9
43 58 26
43 59 26
43 60 26
43 61 26
43 62 26
43 63 26
43 64 26
43 65 26
44 8 13
44 9 13
44 10 13
44 11 13
44 12 13
44 13 13
44 14 13
44 15 13
44 16 13
44 17 13
44 18 13
44 19 13
44 20 13
44 21 25
44 22 25
44 23 25
44 24 25
44 25 25
44 26 25
44 27 25
44 28 25
44 29 25
44 30 20
44 31 20
44 32 20
44 33 20
44 34 20
44 35 20
44 36 20
44 37 20
44 38 20
44 39 20
44 40 20
44 41 20
44 42 3
44 43 3
44 44 3
44 45 3
44 46 3
44 47 3
44 48 3
44 49 3
44 50 9
44 51 9
44 52 9
44 53 9
44 54 9
44 55 9
44 56 9
44 57 9
44 58 26
44 59 26
44 60 26
44 61 26
44 62 26
44 63 26
44 64 26
44 65 26
45 7 16
45 8 16
45 9 16
45 10 16
45 11 16
45 12 16
45 13 16
45 14 16
45 15 13
45 16 13
45 17 13
45 18 13
45 19 13
45 20 13
45 21 25
45 22 25
45 23 25
45 24 25
45 25 25
45 26 25
45 27 25
45 28 25
45 29 20
45 30 20
45 31 20
45 32 20
45 33 20
45 34 20
45 35 20
45 36 20
45 37 20
45 38 20
45 39 20
45 40 20
45 41 20
45 42 3
45 43 3
45 44 3
45 45 3
45 46 3
45 47 3
45 48 3
45 49 3
45 50 9
45 51 9
45 52 9
45 53 9
45 54 9
45 55 9
45 56 9
45 57 9
45 58 26
45 59 26
45 60 26
45 61 26
45 62 26
45 63 26
45 64 26
45 65 26
46 6 16
46 7 16
46 8 16
46 9 16
46 10 16
46 11 16
46 12 16
46 13 16
46 14 16
46 15 23
46 16 23
46 17 23
46 18 23
46 19 23
46 20 23
46 21 25
46 22 25
46 23 25
46 24 25
46 25 25
46 26 25
46 27 25
46 28 25
46 29 20
46 30 20
46 31 20
46 32 20
46 33 20
46 34 20
46 35 20
46 36 20
46 37 20
46 38 20
46 39 20
46 40 20
46 41 3
46 42 3
46 43 3
46 44 3
46 45 3
46 46 3
46 47 3
46 48 3
46 49 3
46 50 9
46 51 9
46 52 9
46 53 9
46 54 9
46 55 9
46 56 9
46 57 9
46 58 26
46 59 26
46 60 26
46 61 26
46 62 26
46 63 26
46 64 26
47 6 16
47 7 16
47 8 16
47 9 16
47 10 16
47 11 16
47 12 16
47 13 16
47 14 16
47 15 23
47 16 23
47 17 23
47 18 23
47 19 23
47 20 23
47 21 23
47 22 23
47 23 23
47 24 23
47 25 25
47 26 25
47 27 25
47 28 8
47 29 8
47 30 8
47 31 8
47 32 8
47 33 8
47 34 17
47 35 17
47 36 17
47 37 17
47 38 17
47 39 17
47 40 17
47 41 3
47 42 3
47 43 3
47 44 3
47 45 3
47 46 3
47 47 3
47 48 3
47 49 3
47 50 9
47 51 9
47 52 9
47 53 9
47 54 9
47 55 9
47 56 9
47 57 9
47 58 26
47 59 26
47 60 26
47 61 26
47 62 26
47 63 26
47 64 26
48 5 16
48 6 16
48 7 16
48 8 16
48 9 16
48 10 16
48 11 16
48 12 16
48 13 16
48 14 16
48 15 23
48 16 23
48 17 23
48 18 23
48 19 23
48 20 23
48 21 23
48 22 23
48 23 23
48 24 23
48 25 8
48 26 8
48 27 8
48 28 8
48 29 8
48 30 8
48 31 8
48 32 8
48 33 8
48 34 17
48 35 17
48 36 17
48 37 17
48 38 17
48 39 17
48 40 17
48 41 3
48 42 3
48 43 3
48 44 3
48 45 3
48 46 3
48 47 3
48 48 3
48 49 3
48 50 9
48 51 9
48 52 9
48 53 9
48 54 9
48 55 9
48 56 9
48 57 9
48 58 26
48 59 26
48 60 26
48 61 26
48 62 26
48 63 26
49 4 16
49 5 16
49 6 16
49 7 16
49 8 16
49 9 16
49 10 16
49 11 16
49 12 16
49 13 16
49 14 16
49 15 23
49 16 23
49 17 23
49 18 23
49 19 23
49 20 23
49 21 23
49 22 23
49 23 23
49 24 23
49 25 8
49 26 8
49 27 8
49 28 8
49 29 8
49 30 8
49 31 8
49 32 8
49 33 8
49 34 17
49 35 17
49 36 17
49 37 17
49 38 17
49 39 17
49 40 17
49 41 3
49 42 3
49 43 3
49 44 3
49 45 3
49 46 3
49 47 3
49 48 3
49 49 3
49 50 9
49 51 9
49 52 9
49 53 9
49 54 9
49 55 9
49 56 9
49 57 9
49 58 26
49 59 26
49 60 26
49 61 26
49 62 26
49 63 26
50 4 16
50 5 16
50 6 16
50 7 16
50 8 16
50 9 16
50 10 16
50 11 16
50 12 16
50 13 16
50 14 16
50 15 23
50 16 23
50 17 23
50 18 23
50 19 23
50 20 23
50 21 23
50 22 23
50 23 23
50 24 23
50 25 8
50 26 8
50 27 8
50 28 8
50 29 8
50 30 8
50 31 8
50 32 8
50 33 8
50 34 17
50 35 17
50 36 17
50 37 17
50 38 17
50 39 17
50 40 17
50 41 3
50 42 3
50 43 3
50 44 3
50 45 3
50 46 3
50 47 3
50 48 3
50 49 3
50 50 9
50 51 9
50 52 9
50 53 9
50 54 9
50 55 9
50 56 9
50 57 9
50 58 26
50 59 26
50 60 26
50 61 26
50 62 26
51 3 16
51 4 16
51 5 16
51 6 16
51 7 16
51 8 16
51 9 16
51 10 16
51 11 16
51 12 16
51 13 16
51 14 16
51 15 23
51 16 23
51 17 23
51 18 23
51 19 23
51 20 23
51 21 23
51 22 23
51 23 23
51 24 23
51 25 8
51 26 8
51 27 8
51 28 8
51 29 8
51 30 8
51 31 8
51 32 8
51 33 8
51 34 17
51 35 17
51 36 17
51 37 17
51 38 17
51 39 17
51 40 17
51 41 10
51 42 10
51 43 10
51 44 10
51 45 10
51 46 10
51 47 10
51 48 10
51 49 10
51 50 4
51 51 4
51 52 4
51 53 4
51 54 4
51 55 4
51 56 4
51 57 4
51 58 26
51 59 26
51 60 26
51 61 26
51 62 26
52 2 16
52 3 16
52 4 16
52 5 16
52 6 16
52 7 16
52 8 16
52 9 16
52 10 16
52 11 16
52 12 16
52 13 16
52 14 16
52 15 23
52 16 23
52 17 23
52 18 23
52 19 23
52 20 23
52 21 23
52 22 23
52 23 23
52 24 23
52 25 8
52 26 8
52 27 8
52 28 8
52 29 8
52 30 8
52 31 8
52 32 8
52 33 8
52 34 17
52 35 17
52 36 17
52 37 17
52 38 17
52 39 17
52 40 17
52 41 17
52 42 10
52 43 10
52 44 10
52 45 10
52 46 10
52 47 10
52 48 10
52 49 10
52 50 10
52 51 4
52 52 4
52 53 4
52 54 4
52 55 4
52 56 4
52 57 4
52 58 4
52 59 4
52 60 4
52 61 4
53 1 16
53 2 16
53 3 16
53 4 16
53 5 16
53 6 16
53 7 16
53 8 16
53 9 16
53 10 16
53 11 16
53 12 16
53 13 16
53 14 16
53 15 23
53 16 23
53 17 23
53 18 23
53 19 23
53 20 23
53 21 23
53 22 23
53 23 23
53 24 23
53 25 8
53 26 8
53 27 8
53 28 8
53 29 8
53 30 8
53 31 8
53 32 8
53 33 8
53 34 17
53 35 17
53 36 17
53 37 17
53 38 17
53 39 17
53 40 17
53 41 17
53 42 10
53 43 10
53 44 10
53 45 10
53 46 10
53 47 10
53 48 10
53 49 10
53 50 10
53 51 4
53 52 4
53 53 4
53 54 4
53 55 4
53 56 4
53 57 4
53 58 4
53 59 4
53 60 4
53 61 4
54 6 16
54 7 16
54 8 16
54 9 16
54 10 16
54 11 16
54 12 16
54 13 16
54 14 16
54 15 23
54 16 23
54 17 23
54 18 23
54 19 23
54 20 23
54 21 23
54 22 23
54 23 23
54 24 23
54 25 8
54 26 8
54 27 8
54 28 8
54 29 8
54 30 8
54 31 8
54 32 8
54 33 8
54 34 17
54 35 17
54 36 17
54 37 17
54 38 17
54 39 17
54 40 17
54 41 17
54 42 10
54 43 10
54 44 10
54 45 10
54 46 10
54 47 10
54 48 10
54 49 10
54 50 10
54 51 4
54 52 4
54 53 4
54 54 4
54 55 4
54 56 4
54 57 4
54 58 4
54 59 4
54 60 4
55 12 16
55 13 16
55 14 16
55 15 23
55 16 23
55 17 23
55 18 23
55 19 23
55 20 23
55 21 23
55 22 23
55 23 23
55 24 23
55 25 8
55 26 8
55 27 8
55 28 8
55 29 8
55 30 8
55 31 8
55 32 8
55 33 8
55 34 17
55 35 17
55 36 17
55 37 17
55 38 17
55 39 17
55 40 17
55 41 17
55 42 10
55 43 10
55 44 10
55 45 10
55 46 10
55 47 10
55 48 10
55 49 10
55 50 10
55 51 4
55 52 4
55 53 4
55 54 4
55 55 4
55 56 4
55 57 4
55 58 4
55 59 4
55 60 4
56 16 23
56 17 23
56 18 23
56 19 23
56 20 23
56 21 23
56 22 23
56 23 23
56 24 23
56 25 8
56 26 8
56 27 8
56 28 8
56 29 8
56 30 8
56 31 8
56 32 8
56 33 8
56 34 17
56 35 17
56 36 17
56 37 17
56 38 17
56 39 17
56 40 17
56 41 17
56 42 10
56 43 10
56 44 10
56 45 10
56 46 10
56 47 10
56 48 10
56 49 10
56 50 10
56 51 4
56 52 4
56 53 4
56 54 4
56 55 4
56 56 4
56 57 4
56 58 4
56 59 4
57 21 23
57 22 23
57 23 23
57 24 23
57 25 8
57 26 8
57 27 8
57 28 8
57 29 8
57 30 8
57 31 8
57 32 8
57 33 8
57 34 17
57 35 17
57 36 17
57 37 17
57 38 17
57 39 17
57 40 17
57 41 17
57 42 10
57 43 10
57 44 10
57 45 10
57 46 10
57 47 10
57 48 10
57 49 10
57 50 10
57 51 4
57 52 4
57 53 4
57 54 4
57 55 4
57 56 4
57 57 4
57 58 4
58 25 8
58 26 8
58 27 8
58 28 8
58 29 8
58 30 8
58 31 8
58 32 8
58 33 8
58 34 17
58 35 17
58 36 17
58 37 17
58 38 17
58 39 17
58 40 17
58 41 17
58 42 10
58 43 10
58 44 10
58 45 10
58 46 10
58 47 10
58 48 10
58 49 10
58 50 10
58 51 4
58 52 4
58 53 4
58 54 4
58 55 4
58 56 4
58 57 4
58 58 4
59 30 8
59 31 8
59 32 8
59 33 8
59 34 17
59 35 17
59 36 17
59 37 17
59 38 17
59 39 17
59 40 17
59 41 17
59 42 10
59 43 10
59 44 10
59 45 10
59 46 10
59 47 10
59 48 10
59 49 10
59 50 10
59 51 4
59 52 4
59 53 4
59 54 4
59 55 4
59 56 4
59 57 4
60 35 17
60 36 17
60 37 17
60 38 17
60 39 17
60 40 17
60 41 17
60 42 10
60 43 10
60 44 10
60 45 10
60 46 10
60 47 10
60 48 10
60 49 10
60 50 10
60 51 4
60 52 4
60 53 4
60 54 4
60 55 4
60 56 4
60 57 4
61 39 17
61 40 17
61 41 17
61 42 10
61 43 10
61 44 10
61 45 10
61 46 10
61 47 10
61 48 10
61 49 10
61 50 10
61 51 4
61 52 4
61 53 4
61 54 4
61 55 4
61 56 4
62 44 10
62 45 10
62 46 10
62 47 10
62 48 10
62 49 10
62 50 10
62 51 4
62 52 4
62 53 4
62 54 4
62 55 4
62 56 4
63 48 10
63 49 10
63 50 10
63 51 4
63 52 4
63 53 4
63 54 4
63 55 4
64 53 4
64 54 4
64 55 4
