33 26 545
14 1 2
15 1 2
16 1 2
17 1 2
18 1 5
19 1 5
20 1 5
21 1 5
22 1 5
12 2 2
13 2 2
14 2 2
15 2 2
16 2 2
17 2 2
18 2 5
19 2 5
20 2 5
21 2 5
22 2 5
23 2 5
24 2 5
25 2 5
26 2 5
27 2 5
28 2 5
11 3 2
12 3 2
13 3 2
14 3 2
15 3 2
16 3 2
17 3 2
18 3 5
19 3 5
20 3 5
21 3 5
22 3 5
23 3 5
24 3 5
25 3 5
26 3 5
27 3 5
28 3 5
10 4 2
11 4 2
12 4 2
13 4 2
14 4 2
15 4 2
16 4 2
17 4 2
18 4 5
19 4 5
20 4 5
21 4 5
22 4 5
23 4 5
24 4 5
25 4 5
26 4 5
27 4 5
28 4 5
9 5 2
10 5 2
11 5 2
12 5 2
13 5 2
14 5 2
15 5 2
16 5 2
17 5 2
18 5 5
19 5 5
20 5 5
21 5 5
22 5 5
23 5 5
24 5 5
25 5 5
26 5 5
27 5 5
28 5 5
8 6 2
9 6 2
10 6 2
11 6 2
12 6 2
13 6 2
14 6 2
15 6 2
16 6 2
17 6 2
18 6 5
19 6 5
20 6 5
21 6 5
22 6 5
23 6 5
24 6 5
25 6 5
26 6 5
27 6 5
28 6 5
29 6 5
7 7 2
8 7 2
9 7 2
10 7 2
11 7 2
12 7 2
13 7 2
14 7 2
15 7 2
16 7 2
17 7 2
18 7 5
19 7 5
20 7 5
21 7 5
22 7 5
23 7 5
24 7 5
25 7 5
26 7 5
27 7 5
28 7 5
29 7 5
7 8 2
8 8 2
9 8 2
10 8 2
11 8 2
12 8 2
13 8 2
14 8 2
15 8 2
16 8 2
17 8 2
18 8 5
19 8 5
20 8 5
21 8 5
22 8 5
23 8 5
24 8 5
25 8 5
26 8 5
27 8 5
28 8 5
29 8 5
7 9 2
8 9 2
9 9 2
10 9 2
11 9 2
12 9 2
13 9 2
14 9 2
15 9 2
16 9 2
17 9 2
18 9 5
19 9 5
20 9 5
21 9 5
22 9 5
23 9 5
24 9 5
25 9 5
26 9 5
27 9 5
28 9 5
29 9 5
6 10 2
7 10 2
8 10 2
9 10 2
10 10 2
11 10 2
12 10 2
13 10 2
14 10 2
15 10 2
16 10 2
17 10 2
18 10 5
19 10 5
20 10 5
21 10 5
22 10 5
23 10 5
24 10 5
25 10 5
26 10 1
27 10 1
28 10 1
29 10 1
30 10 1
6 11 2
7 11 2
8 11 2
9 11 2
10 11 2
11 11 2
12 11 2
13 11 2
14 11 2
15 11 2
16 11 2
17 11 2
18 11 5
19 11 5
20 11 5
21 11 5
22 11 1
23 11 1
24 11 1
25 11 1
26 11 1
27 11 1
28 11 1
29 11 1
30 11 1
5 12 3
6 12 3
7 12 3
8 12 2
9 12 2
10 12 2
11 12 2
12 12 2
13 12 2
14 12 2
15 12 2
16 12 4
17 12 4
18 12 4
19 12 4
20 12 4
21 12 1
22 12 1
23 12 1
24 12 1
25 12 1
26 12 1
27 12 1
28 12 1
29 12 1
30 12 1
5 13 3
6 13 3
7 13 3
8 13 3
9 13 3
10 13 3
11 13 4
12 13 4
13 13 4
14 13 4
15 13 4
16 13 4
17 13 4
18 13 4
19 13 4
20 13 4
21 13 1
22 13 1
23 13 1
24 13 1
25 13 1
26 13 1
27 13 1
28 13 1
29 13 1
30 13 1
4 14 3
5 14 3
6 14 3
7 14 3
8 14 3
9 14 3
10 14 3
11 14 4
12 14 4
13 14 4
14 14 4
15 14 4
16 14 4
17 14 4
18 14 4
19 14 4
20 14 4
21 14 1
22 14 1
23 14 1
24 14 1
25 14 1
26 14 1
27 14 1
28 14 1
29 14 1
30 14 1
31 14 1
4 15 3
5 15 3
6 15 3
7 15 3
8 15 3
9 15 3
10 15 3
11 15 4
12 15 4
13 15 4
14 15 4
15 15 4
16 15 4
17 15 4
18 15 4
19 15 4
20 15 4
21 15 1
22 15 1
23 15 1
24 15 1
25 15 1
26 15 1
27 15 1
28 15 1
29 15 1
30 15 1
31 15 1
3 16 3
4 16 3
5 16 3
6 16 3
7 16 3
8 16 3
9 16 3
10 16 3
11 16 4
12 16 4
13 16 4
14 16 4
15 16 4
16 16 4
17 16 4
18 16 4
19 16 4
20 16 4
21 16 1
22 16 1
23 16 1
24 16 1
25 16 1
26 16 1
27 16 1
28 16 1
29 16 1
30 16 1
31 16 1
3 17 3
4 17 3
5 17 3
6 17 3
7 17 3
8 17 3
9 17 3
10 17 3
11 17 4
12 17 4
13 17 4
14 17 4
15 17 4
16 17 4
17 17 4
18 17 4
19 17 4
20 17 4
21 17 1
22 17 1
23 17 1
24 17 1
25 17 1
26 17 1
27 17 1
28 17 1
29 17 1
30 17 1
31 17 1
3 18 3
4 18 3
5 18 3
6 18 3
7 18 3
8 18 3
9 18 3
10 18 3
11 18 4
12 18 4
13 18 4
14 18 4
15 18 4
16 18 4
17 18 4
18 18 4
19 18 4
20 18 4
21 18 1
22 18 1
23 18 1
24 18 1
25 18 1
26 18 1
27 18 1
28 18 1
29 18 1
30 18 1
31 18 1
32 18 1
2 19 3
3 19 3
4 19 3
5 19 3
6 19 3
7 19 3
8 19 3
9 19 3
10 19 3
11 19 4
12 19 4
13 19 4
14 19 4
15 19 4
16 19 4
17 19 4
18 19 4
19 19 4
20 19 4
21 19 1
22 19 1
23 19 1
24 19 1
25 19 1
26 19 1
27 19 1
28 19 1
29 19 1
2 20 3
3 20 3
4 20 3
5 20 3
6 20 3
7 20 3
8 20 3
9 20 3
10 20 3
11 20 4
12 20 4
13 20 4
14 20 4
15 20 4
16 20 4
17 20 4
18 20 4
19 20 4
20 20 4
21 20 1
22 20 1
23 20 1
24 20 1
25 20 1
26 20 1
2 21 3
3 21 3
4 21 3
5 21 3
6 21 3
7 21 3
8 21 3
9 21 3
10 21 3
11 21 4
12 21 4
13 21 4
14 21 4
15 21 4
16 21 4
17 21 4
18 21 4
19 21 4
20 21 4
21 21 1
22 21 1
23 21 1
24 21 1
2 22 3
3 22 3
4 22 3
5 22 3
6 22 3
7 22 3
8 22 3
9 22 3
10 22 3
11 22 4
12 22 4
13 22 4
14 22 4
15 22 4
16 22 4
17 22 4
18 22 4
19 22 4
1 23 3
2 23 3
3 23 3
4 23 3
5 23 3
6 23 3
7 23 3
8 23 3
9 23 3
10 23 3
11 23 4
12 23 4
13 23 4
14 23 4
15 23 4
1 24 3
2 24 3
3 24 3
4 24 3
5 24 3
6 24 3
7 24 3
8 24 3
9 24 3
10 24 3
1 25 3
2 25 3
3 25 3
4 25 3
5 25 3
6 25 3
