43 40 1308
11 1 3
12 1 3
13 1 3
14 1 3
15 1 3
16 1 3
17 1 3
18 1 12
19 1 12
20 1 12
21 1 12
22 1 12
23 1 12
24 1 12
25 1 12
26 1 12
27 1 12
28 1 12
29 1 5
30 1 5
31 1 5
32 1 5
6 2 3
7 2 3
8 2 3
9 2 3
10 2 3
11 2 3
12 2 3
13 2 3
14 2 3
15 2 3
16 2 3
17 2 3
18 2 12
19 2 12
20 2 12
21 2 12
22 2 12
23 2 12
24 2 12
25 2 12
26 2 12
27 2 12
28 2 12
29 2 5
30 2 5
31 2 5
32 2 5
33 2 5
6 3 3
7 3 3
8 3 3
9 3 3
10 3 3
11 3 3
12 3 3
13 3 3
14 3 3
15 3 3
16 3 3
17 3 3
18 3 12
19 3 12
20 3 12
21 3 12
22 3 12
23 3 12
24 3 12
25 3 12
26 3 12
27 3 12
28 3 12
29 3 5
30 3 5
31 3 5
32 3 5
33 3 5
34 3 5
6 4 3
7 4 3
8 4 3
9 4 3
10 4 3
11 4 3
12 4 3
13 4 3
14 4 3
15 4 3
16 4 3
17 4 3
18 4 12
19 4 12
20 4 12
21 4 12
22 4 12
23 4 12
24 4 12
25 4 12
26 4 12
27 4 12
28 4 12
29 4 5
30 4 5
31 4 5
32 4 5
33 4 5
34 4 5
35 4 5
5 5 3
6 5 3
7 5 3
8 5 3
9 5 3
10 5 3
11 5 3
12 5 3
13 5 3
14 5 3
15 5 3
16 5 3
17 5 3
18 5 12
19 5 12
20 5 12
21 5 12
22 5 12
23 5 12
24 5 12
25 5 12
26 5 12
27 5 12
28 5 12
29 5 5
30 5 5
31 5 5
32 5 5
33 5 5
34 5 5
35 5 5
36 5 5
5 6 3
6 6 3
7 6 3
8 6 3
9 6 3
10 6 3
11 6 3
12 6 3
13 6 3
14 6 3
15 6 3
16 6 3
17 6 3
18 6 12
19 6 12
20 6 12
21 6 12
22 6 12
23 6 12
24 6 12
25 6 12
26 6 12
27 6 12
28 6 5
29 6 5
30 6 5
31 6 5
32 6 5
33 6 5
34 6 5
35 6 5
36 6 5
37 6 5
5 7 3
6 7 3
7 7 3
8 7 3
9 7 3
10 7 3
11 7 3
12 7 3
13 7 3
14 7 3
15 7 3
16 7 3
17 7 12
18 7 12
19 7 12
20 7 12
21 7 12
22 7 12
23 7 12
24 7 12
25 7 12
26 7 12
27 7 12
28 7 5
29 7 5
30 7 5
31 7 5
32 7 5
33 7 5
34 7 5
35 7 5
36 7 5
37 7 5
38 7 5
4 8 4
5 8 4
6 8 4
7 8 3
8 8 3
9 8 3
10 8 3
11 8 3
12 8 3
13 8 3
14 8 3
15 8 3
16 8 3
17 8 12
18 8 12
19 8 12
20 8 12
21 8 12
22 8 12
23 8 12
24 8 12
25 8 12
26 8 12
27 8 12
28 8 5
29 8 5
30 8 5
31 8 5
32 8 5
33 8 5
34 8 5
35 8 5
36 8 5
37 8 5
38 8 5
39 8 5
4 9 4
5 9 4
6 9 4
7 9 4
8 9 3
9 9 3
10 9 3
11 9 3
12 9 3
13 9 3
14 9 3
15 9 3
16 9 3
17 9 12
18 9 12
19 9 12
20 9 12
21 9 12
22 9 12
23 9 12
24 9 12
25 9 12
26 9 12
27 9 12
28 9 5
29 9 5
30 9 5
31 9 5
32 9 5
33 9 5
34 9 5
35 9 5
36 9 5
37 9 5
38 9 5
39 9 5
3 10 4
4 10 4
5 10 4
6 10 4
7 10 4
8 10 3
9 10 3
10 10 3
11 10 3
12 10 3
13 10 3
14 10 3
15 10 3
16 10 3
17 10 12
18 10 12
19 10 12
20 10 12
21 10 12
22 10 12
23 10 12
24 10 12
25 10 12
26 10 12
27 10 12
28 10 5
29 10 5
30 10 5
31 10 5
32 10 5
33 10 5
34 10 5
35 10 5
36 10 5
37 10 5
38 10 5
39 10 5
3 11 4
4 11 4
5 11 4
6 11 4
7 11 4
8 11 4
9 11 4
10 11 4
11 11 4
12 11 4
13 11 4
14 11 4
15 11 4
16 11 11
17 11 11
18 11 11
19 11 11
20 11 11
21 11 11
22 11 11
23 11 11
24 11 11
25 11 11
26 11 11
27 11 11
28 11 5
29 11 5
30 11 5
31 11 5
32 11 5
33 11 5
34 11 5
35 11 5
36 11 5
37 11 5
38 11 5
39 11 5
3 12 4
4 12 4
5 12 4
6 12 4
7 12 4
8 12 4
9 12 4
10 12 4
11 12 4
12 12 4
13 12 4
14 12 4
15 12 4
16 12 11
17 12 11
18 12 11
19 12 11
20 12 11
21 12 11
22 12 11
23 12 11
24 12 11
25 12 11
26 12 11
27 12 11
28 12 11
29 12 5
30 12 5
31 12 5
32 12 5
33 12 5
34 12 5
35 12 5
36 12 5
37 12 5
38 12 5
39 12 2
40 12 2
3 13 4
4 13 4
5 13 4
6 13 4
7 13 4
8 13 4
9 13 4
10 13 4
11 13 4
12 13 4
13 13 4
14 13 4
15 13 11
16 13 11
17 13 11
18 13 11
19 13 11
20 13 11
21 13 11
22 13 11
23 13 11
24 13 11
25 13 11
26 13 11
27 13 11
28 13 11
29 13 2
30 13 2
31 13 2
32 13 2
33 13 2
34 13 2
35 13 2
36 13 2
37 13 2
38 13 2
39 13 2
40 13 2
3 14 4
4 14 4
5 14 4
6 14 4
7 14 4
8 14 4
9 14 4
10 14 4
11 14 4
12 14 4
13 14 4
14 14 4
15 14 11
16 14 11
17 14 11
18 14 11
19 14 11
20 14 11
21 14 11
22 14 11
23 14 11
24 14 11
25 14 11
26 14 11
27 14 11
28 14 11
29 14 2
30 14 2
31 14 2
32 14 2
33 14 2
34 14 2
35 14 2
36 14 2
37 14 2
38 14 2
39 14 2
40 14 2
3 15 4
4 15 4
5 15 4
6 15 4
7 15 4
8 15 4
9 15 4
10 15 4
11 15 4
12 15 4
13 15 4
14 15 4
15 15 11
16 15 11
17 15 11
18 15 11
19 15 11
20 15 11
21 15 11
22 15 11
23 15 11
24 15 11
25 15 11
26 15 11
27 15 11
28 15 11
29 15 2
30 15 2
31 15 2
32 15 2
33 15 2
34 15 2
35 15 2
36 15 2
37 15 2
38 15 2
39 15 2
40 15 2
41 15 2
3 16 4
4 16 4
5 16 4
6 16 4
7 16 4
8 16 4
9 16 4
10 16 4
11 16 4
12 16 4
13 16 4
14 16 4
15 16 11
16 16 11
17 16 11
18 16 11
19 16 11
20 16 11
21 16 11
22 16 11
23 16 11
24 16 11
25 16 11
26 16 11
27 16 11
28 16 11
29 16 2
30 16 2
31 16 2
32 16 2
33 16 2
34 16 2
35 16 2
36 16 2
37 16 2
38 16 2
39 16 2
40 16 2
41 16 2
3 17 4
4 17 4
5 17 4
6 17 4
7 17 4
8 17 4
9 17 4
10 17 4
11 17 4
12 17 4
13 17 4
14 17 4
15 17 11
16 17 11
17 17 11
18 17 11
19 17 11
20 17 11
21 17 11
22 17 11
23 17 11
24 17 11
25 17 11
26 17 11
27 17 11
28 17 11
29 17 2
30 17 2
31 17 2
32 17 2
33 17 2
34 17 2
35 17 2
36 17 2
37 17 2
38 17 2
39 17 2
40 17 2
41 17 2
2 18 1
3 18 1
4 18 4
5 18 4
6 18 4
7 18 4
8 18 4
9 18 4
10 18 4
11 18 4
12 18 4
13 18 4
14 18 4
15 18 11
16 18 11
17 18 11
18 18 11
19 18 11
20 18 11
21 18 11
22 18 11
23 18 11
24 18 11
25 18 11
26 18 11
27 18 11
28 18 11
29 18 2
30 18 2
31 18 2
32 18 2
33 18 2
34 18 2
35 18 2
36 18 2
37 18 2
38 18 2
39 18 2
40 18 2
41 18 2
2 19 1
3 19 1
4 19 1
5 19 1
6 19 1
7 19 1
8 19 1
9 19 1
10 19 1
11 19 1
12 19 8
13 19 8
14 19 8
15 19 8
16 19 8
17 19 8
18 19 8
19 19 8
20 19 8
21 19 8
22 19 7
23 19 7
24 19 7
25 19 7
26 19 7
27 19 7
28 19 7
29 19 7
30 19 7
31 19 2
32 19 2
33 19 2
34 19 2
35 19 2
36 19 2
37 19 2
38 19 2
39 19 2
40 19 2
41 19 2
42 19 2
2 20 1
3 20 1
4 20 1
5 20 1
6 20 1
7 20 1
8 20 1
9 20 1
10 20 1
11 20 1
12 20 8
13 20 8
14 20 8
15 20 8
16 20 8
17 20 8
18 20 8
19 20 8
20 20 8
21 20 8
22 20 7
23 20 7
24 20 7
25 20 7
26 20 7
27 20 7
28 20 7
29 20 7
30 20 7
31 20 2
32 20 2
33 20 2
34 20 2
35 20 2
36 20 2
37 20 2
38 20 2
39 20 2
40 20 2
41 20 2
42 20 2
2 21 1
3 21 1
4 21 1
5 21 1
6 21 1
7 21 1
8 21 1
9 21 1
10 21 1
11 21 1
12 21 8
13 21 8
14 21 8
15 21 8
16 21 8
17 21 8
18 21 8
19 21 8
20 21 8
21 21 8
22 21 7
23 21 7
24 21 7
25 21 7
26 21 7
27 21 7
28 21 7
29 21 7
30 21 7
31 21 7
32 21 7
33 21 9
34 21 9
35 21 9
36 21 2
37 21 2
38 21 2
39 21 2
40 21 2
41 21 2
42 21 2
2 22 1
3 22 1
4 22 1
5 22 1
6 22 1
7 22 1
8 22 1
9 22 1
10 22 1
11 22 1
12 22 8
13 22 8
14 22 8
15 22 8
16 22 8
17 22 8
18 22 8
19 22 8
20 22 8
21 22 8
22 22 7
23 22 7
24 22 7
25 22 7
26 22 7
27 22 7
28 22 7
29 22 7
30 22 7
31 22 7
32 22 9
33 22 9
34 22 9
35 22 9
36 22 9
37 22 9
38 22 9
39 22 9
40 22 9
41 22 9
42 22 9
2 23 1
3 23 1
4 23 1
5 23 1
6 23 1
7 23 1
8 23 1
9 23 1
10 23 1
11 23 1
12 23 8
13 23 8
14 23 8
15 23 8
16 23 8
17 23 8
18 23 8
19 23 8
20 23 8
21 23 8
22 23 7
23 23 7
24 23 7
25 23 7
26 23 7
27 23 7
28 23 7
29 23 7
30 23 7
31 23 7
32 23 9
33 23 9
34 23 9
35 23 9
36 23 9
37 23 9
38 23 9
39 23 9
40 23 9
41 23 9
42 23 9
2 24 1
3 24 1
4 24 1
5 24 1
6 24 1
7 24 1
8 24 1
9 24 1
10 24 1
11 24 1
12 24 8
13 24 8
14 24 8
15 24 8
16 24 8
17 24 8
18 24 8
19 24 8
20 24 8
21 24 8
22 24 7
23 24 7
24 24 7
25 24 7
26 24 7
27 24 7
28 24 7
29 24 7
30 24 7
31 24 7
32 24 9
33 24 9
34 24 9
35 24 9
36 24 9
37 24 9
38 24 9
39 24 9
40 24 9
41 24 9
42 24 9
1 25 1
2 25 1
3 25 1
4 25 1
5 25 1
6 25 1
7 25 1
8 25 1
9 25 1
10 25 1
11 25 1
12 25 8
13 25 8
14 25 8
15 25 8
16 25 8
17 25 8
18 25 8
19 25 8
20 25 8
21 25 8
22 25 7
23 25 7
24 25 7
25 25 7
26 25 7
27 25 7
28 25 7
29 25 7
30 25 7
31 25 7
32 25 9
33 25 9
34 25 9
35 25 9
36 25 9
37 25 9
38 25 9
39 25 9
40 25 9
41 25 9
2 26 1
3 26 1
4 26 1
5 26 1
6 26 1
7 26 1
8 26 1
9 26 1
10 26 1
11 26 1
12 26 8
13 26 8
14 26 8
15 26 8
16 26 8
17 26 8
18 26 8
19 26 8
20 26 8
21 26 8
22 26 7
23 26 7
24 26 7
25 26 7
26 26 7
27 26 7
28 26 7
29 26 7
30 26 7
31 26 7
32 26 9
33 26 9
34 26 9
35 26 9
36 26 9
37 26 9
38 26 9
39 26 9
40 26 9
41 26 9
3 27 1
4 27 1
5 27 1
6 27 1
7 27 1
8 27 1
9 27 1
10 27 1
11 27 1
12 27 8
13 27 8
14 27 8
15 27 8
16 27 8
17 27 8
18 27 8
19 27 8
20 27 8
21 27 8
22 27 7
23 27 7
24 27 7
25 27 7
26 27 7
27 27 7
28 27 7
29 27 7
30 27 7
31 27 7
32 27 9
33 27 9
34 27 9
35 27 9
36 27 9
37 27 9
38 27 9
39 27 9
40 27 9
4 28 1
5 28 1
6 28 1
7 28 1
8 28 1
9 28 1
10 28 1
11 28 1
12 28 8
13 28 8
14 28 8
15 28 8
16 28 8
17 28 8
18 28 8
19 28 8
20 28 8
21 28 8
22 28 7
23 28 7
24 28 7
25 28 7
26 28 7
27 28 7
28 28 7
29 28 7
30 28 7
31 28 7
32 28 9
33 28 9
34 28 9
35 28 9
36 28 9
37 28 9
38 28 9
39 28 9
40 28 9
4 29 1
5 29 1
6 29 1
7 29 1
8 29 1
9 29 6
10 29 6
11 29 6
12 29 6
13 29 8
14 29 8
15 29 8
16 29 8
17 29 8
18 29 8
19 29 8
20 29 8
21 29 8
22 29 7
23 29 7
24 29 7
25 29 7
26 29 7
27 29 7
28 29 7
29 29 7
30 29 7
31 29 7
32 29 9
33 29 9
34 29 9
35 29 9
36 29 9
37 29 9
38 29 9
39 29 9
40 29 9
5 30 1
6 30 1
7 30 1
8 30 1
9 30 6
10 30 6
11 30 6
12 30 6
13 30 6
14 30 6
15 30 6
16 30 6
17 30 6
18 30 6
19 30 6
20 30 6
21 30 10
22 30 10
23 30 10
24 30 10
25 30 10
26 30 10
27 30 10
28 30 10
29 30 10
30 30 10
31 30 10
32 30 9
33 30 9
34 30 9
35 30 9
36 30 9
37 30 9
38 30 9
6 31 6
7 31 6
8 31 6
9 31 6
10 31 6
11 31 6
12 31 6
13 31 6
14 31 6
15 31 6
16 31 6
17 31 6
18 31 6
19 31 6
20 31 6
21 31 10
22 31 10
23 31 10
24 31 10
25 31 10
26 31 10
27 31 10
28 31 10
29 31 10
30 31 10
31 31 10
32 31 9
33 31 9
34 31 9
35 31 9
36 31 9
37 31 9
6 32 6
7 32 6
8 32 6
9 32 6
10 32 6
11 32 6
12 32 6
13 32 6
14 32 6
15 32 6
16 32 6
17 32 6
18 32 6
19 32 6
20 32 6
21 32 10
22 32 10
23 32 10
24 32 10
25 32 10
26 32 10
27 32 10
28 32 10
29 32 10
30 32 10
31 32 10
32 32 9
33 32 9
34 32 9
35 32 9
36 32 9
6 33 6
7 33 6
8 33 6
9 33 6
10 33 6
11 33 6
12 33 6
13 33 6
14 33 6
15 33 6
16 33 6
17 33 6
18 33 6
19 33 6
20 33 10
21 33 10
22 33 10
23 33 10
24 33 10
25 33 10
26 33 10
27 33 10
28 33 10
29 33 10
30 33 10
31 33 10
32 33 9
33 33 9
34 33 9
35 33 9
7 34 6
8 34 6
9 34 6
10 34 6
11 34 6
12 34 6
13 34 6
14 34 6
15 34 6
16 34 6
17 34 6
18 34 6
19 34 6
20 34 10
21 34 10
22 34 10
23 34 10
24 34 10
25 34 10
26 34 10
27 34 10
28 34 10
29 34 10
30 34 10
31 34 10
32 34 9
33 34 9
34 34 9
8 35 6
9 35 6
10 35 6
11 35 6
12 35 6
13 35 6
14 35 6
15 35 6
16 35 6
17 35 6
18 35 6
19 35 6
20 35 10
21 35 10
22 35 10
23 35 10
24 35 10
25 35 10
26 35 10
27 35 10
28 35 10
29 35 10
30 35 10
31 35 10
32 35 9
8 36 6
9 36 6
10 36 6
11 36 6
12 36 6
13 36 6
14 36 6
15 36 6
16 36 6
17 36 6
18 36 6
19 36 6
20 36 10
21 36 10
22 36 10
23 36 10
24 36 10
25 36 10
26 36 10
27 36 10
28 36 10
29 36 10
30 36 10
31 36 10
12 37 6
13 37 6
14 37 6
15 37 6
16 37 6
17 37 6
18 37 6
19 37 6
20 37 10
21 37 10
22 37 10
23 37 10
24 37 10
25 37 10
26 37 10
27 37 10
28 37 10
29 37 10
30 37 10
16 38 6
17 38 6
18 38 6
19 38 6
20 38 10
21 38 10
22 38 10
23 38 10
24 38 10
25 38 10
26 38 10
27 38 10
28 38 10
20 39 10
21 39 10
22 39 10
23 39 10
24 39 10
25 39 10
26 39 10
27 39 10
