34 47 1090
3 1 10
4 1 10
5 1 10
6 1 10
2 2 10
3 2 10
4 2 10
5 2 10
6 2 10
7 2 10
8 2 10
9 2 10
10 2 10
2 3 10
3 3 10
4 3 10
5 3 10
6 3 10
7 3 10
8 3 10
9 3 10
10 3 10
11 3 10
12 3 2
13 3 2
14 3 2
2 4 10
3 4 10
4 4 10
5 4 10
6 4 10
7 4 10
8 4 10
9 4 10
10 4 10
11 4 10
12 4 2
13 4 2
14 4 2
15 4 2
16 4 2
17 4 2
18 4 2
2 5 10
3 5 10
4 5 10
5 5 10
6 5 10
7 5 10
8 5 10
9 5 10
10 5 10
11 5 10
12 5 2
13 5 2
14 5 2
15 5 2
16 5 2
17 5 2
18 5 2
19 5 2
20 5 2
21 5 2
2 6 10
3 6 10
4 6 10
5 6 10
6 6 10
7 6 10
8 6 10
9 6 10
10 6 10
11 6 10
12 6 2
13 6 2
14 6 2
15 6 2
16 6 2
17 6 2
18 6 2
19 6 2
20 6 2
21 6 2
22 6 2
23 6 9
24 6 9
25 6 9
2 7 10
3 7 10
4 7 10
5 7 10
6 7 10
7 7 10
8 7 10
9 7 10
10 7 10
11 7 10
12 7 2
13 7 2
14 7 2
15 7 2
16 7 2
17 7 2
18 7 2
19 7 2
20 7 2
21 7 2
22 7 2
23 7 9
24 7 9
25 7 9
26 7 9
27 7 9
28 7 9
29 7 9
2 8 10
3 8 10
4 8 10
5 8 10
6 8 10
7 8 10
8 8 10
9 8 10
10 8 10
11 8 10
12 8 2
13 8 2
14 8 2
15 8 2
16 8 2
17 8 2
18 8 2
19 8 2
20 8 2
21 8 2
22 8 2
23 8 9
24 8 9
25 8 9
26 8 9
27 8 9
28 8 9
29 8 9
30 8 9
31 8 9
2 9 10
3 9 10
4 9 10
5 9 10
6 9 10
7 9 10
8 9 10
9 9 10
10 9 10
11 9 10
12 9 2
13 9 2
14 9 2
15 9 2
16 9 2
17 9 2
18 9 2
19 9 2
20 9 2
21 9 2
22 9 2
23 9 9
24 9 9
25 9 9
26 9 9
27 9 9
28 9 9
29 9 9
30 9 9
31 9 9
32 9 9
33 9 9
2 10 10
3 10 10
4 10 10
5 10 10
6 10 10
7 10 10
8 10 10
9 10 10
10 10 10
11 10 10
12 10 2
13 10 2
14 10 2
15 10 2
16 10 2
17 10 2
18 10 2
19 10 2
20 10 2
21 10 2
22 10 2
23 10 9
24 10 9
25 10 9
26 10 9
27 10 9
28 10 9
29 10 9
30 10 9
31 10 9
32 10 9
33 10 9
1 11 10
2 11 10
3 11 10
4 11 10
5 11 10
6 11 10
7 11 10
8 11 10
9 11 10
10 11 10
11 11 10
12 11 2
13 11 2
14 11 2
15 11 2
16 11 2
17 11 2
18 11 2
19 11 2
20 11 2
21 11 2
22 11 2
23 11 9
24 11 9
25 11 9
26 11 9
27 11 9
28 11 9
29 11 9
30 11 9
31 11 9
32 11 9
33 11 9
2 12 4
3 12 4
4 12 4
5 12 4
6 12 4
7 12 10
8 12 10
9 12 10
10 12 10
11 12 10
12 12 2
13 12 2
14 12 2
15 12 2
16 12 2
17 12 2
18 12 2
19 12 2
20 12 2
21 12 2
22 12 2
23 12 9
24 12 9
25 12 9
26 12 9
27 12 9
28 12 9
29 12 9
30 12 9
31 12 9
32 12 9
33 12 9
2 13 4
3 13 4
4 13 4
5 13 4
6 13 4
7 13 4
8 13 4
9 13 4
10 13 4
11 13 4
12 13 2
13 13 2
14 13 2
15 13 2
16 13 2
17 13 2
18 13 2
19 13 2
20 13 2
21 13 2
22 13 2
23 13 9
24 13 9
25 13 9
26 13 9
27 13 9
28 13 9
29 13 9
30 13 9
31 13 9
32 13 9
33 13 9
2 14 4
3 14 4
4 14 4
5 14 4
6 14 4
7 14 4
8 14 4
9 14 4
10 14 4
11 14 4
12 14 3
13 14 3
14 14 3
15 14 3
16 14 3
17 14 3
18 14 3
19 14 3
20 14 3
21 14 2
22 14 9
23 14 9
24 14 9
25 14 9
26 14 9
27 14 9
28 14 9
29 14 9
30 14 9
31 14 9
32 14 9
33 14 9
2 15 4
3 15 4
4 15 4
5 15 4
6 15 4
7 15 4
8 15 4
9 15 4
10 15 4
11 15 4
12 15 3
13 15 3
14 15 3
15 15 3
16 15 3
17 15 3
18 15 3
19 15 3
20 15 3
21 15 3
22 15 9
23 15 9
24 15 9
25 15 9
26 15 9
27 15 9
28 15 9
29 15 9
30 15 9
31 15 9
32 15 9
33 15 9
2 16 4
3 16 4
4 16 4
5 16 4
6 16 4
7 16 4
8 16 4
9 16 4
10 16 4
11 16 4
12 16 3
13 16 3
14 16 3
15 16 3
16 16 3
17 16 3
18 16 3
19 16 3
20 16 3
21 16 3
22 16 5
23 16 9
24 16 9
25 16 9
26 16 9
27 16 9
28 16 9
29 16 9
30 16 9
31 16 9
32 16 9
33 16 9
2 17 4
3 17 4
4 17 4
5 17 4
6 17 4
7 17 4
8 17 4
9 17 4
10 17 4
11 17 4
12 17 3
13 17 3
14 17 3
15 17 3
16 17 3
17 17 3
18 17 3
19 17 3
20 17 3
21 17 3
22 17 5
23 17 5
24 17 5
25 17 5
26 17 5
27 17 5
28 17 5
29 17 5
30 17 5
31 17 5
32 17 5
3 18 4
4 18 4
5 18 4
6 18 4
7 18 4
8 18 4
9 18 4
10 18 4
11 18 4
12 18 3
13 18 3
14 18 3
15 18 3
16 18 3
17 18 3
18 18 3
19 18 3
20 18 3
21 18 3
22 18 5
23 18 5
24 18 5
25 18 5
26 18 5
27 18 5
28 18 5
29 18 5
30 18 5
31 18 5
32 18 5
3 19 4
4 19 4
5 19 4
6 19 4
7 19 4
8 19 4
9 19 4
10 19 4
11 19 4
12 19 3
13 19 3
14 19 3
15 19 3
16 19 3
17 19 3
18 19 3
19 19 3
20 19 3
21 19 3
22 19 5
23 19 5
24 19 5
25 19 5
26 19 5
27 19 5
28 19 5
29 19 5
30 19 5
31 19 5
32 19 5
3 20 4
4 20 4
5 20 4
6 20 4
7 20 4
8 20 4
9 20 4
10 20 4
11 20 4
12 20 3
13 20 3
14 20 3
15 20 3
16 20 3
17 20 3
18 20 3
19 20 3
20 20 3
21 20 3
22 20 5
23 20 5
24 20 5
25 20 5
26 20 5
27 20 5
28 20 5
29 20 5
30 20 5
31 20 5
3 21 4
4 21 4
5 21 4
6 21 4
7 21 4
8 21 4
9 21 4
10 21 4
11 21 4
12 21 3
13 21 3
14 21 3
15 21 3
16 21 3
17 21 3
18 21 3
19 21 3
20 21 3
21 21 3
22 21 5
23 21 5
24 21 5
25 21 5
26 21 5
27 21 5
28 21 5
29 21 5
30 21 5
31 21 5
3 22 4
4 22 4
5 22 4
6 22 4
7 22 4
8 22 4
9 22 4
10 22 4
11 22 4
12 22 3
13 22 3
14 22 3
15 22 3
16 22 3
17 22 3
18 22 3
19 22 3
20 22 3
21 22 3
22 22 5
23 22 5
24 22 5
25 22 5
26 22 5
27 22 5
28 22 5
29 22 5
30 22 5
31 22 5
3 23 4
4 23 4
5 23 4
6 23 4
7 23 4
8 23 4
9 23 4
10 23 4
11 23 4
12 23 3
13 23 3
14 23 3
15 23 3
16 23 3
17 23 3
18 23 3
19 23 3
20 23 3
21 23 3
22 23 5
23 23 5
24 23 5
25 23 5
26 23 5
27 23 5
28 23 5
29 23 5
30 23 5
31 23 5
4 24 8
5 24 8
6 24 8
7 24 8
8 24 8
9 24 8
10 24 8
11 24 8
12 24 3
13 24 3
14 24 3
15 24 3
16 24 3
17 24 3
18 24 3
19 24 3
20 24 3
21 24 3
22 24 5
23 24 5
24 24 5
25 24 5
26 24 5
27 24 5
28 24 5
29 24 5
30 24 5
4 25 8
5 25 8
6 25 8
7 25 8
8 25 8
9 25 8
10 25 8
11 25 8
12 25 8
13 25 8
14 25 8
15 25 8
16 25 8
17 25 7
18 25 7
19 25 7
20 25 7
21 25 7
22 25 5
23 25 5
24 25 5
25 25 5
26 25 5
27 25 5
28 25 5
29 25 5
30 25 5
4 26 8
5 26 8
6 26 8
7 26 8
8 26 8
9 26 8
10 26 8
11 26 8
12 26 8
13 26 8
14 26 8
15 26 8
16 26 8
17 26 7
18 26 7
19 26 7
20 26 7
21 26 7
22 26 5
23 26 5
24 26 5
25 26 5
26 26 5
27 26 5
28 26 5
29 26 5
30 26 5
5 27 8
6 27 8
7 27 8
8 27 8
9 27 8
10 27 8
11 27 8
12 27 8
13 27 8
14 27 8
15 27 8
16 27 8
17 27 7
18 27 7
19 27 7
20 27 7
21 27 7
22 27 7
23 27 5
24 27 5
25 27 5
26 27 5
27 27 5
28 27 5
29 27 5
30 27 5
5 28 8
6 28 8
7 28 8
8 28 8
9 28 8
10 28 8
11 28 8
12 28 8
13 28 8
14 28 8
15 28 8
16 28 8
17 28 7
18 28 7
19 28 7
20 28 7
21 28 7
22 28 7
23 28 7
24 28 7
25 28 7
26 28 7
27 28 7
28 28 7
29 28 7
5 29 8
6 29 8
7 29 8
8 29 8
9 29 8
10 29 8
11 29 8
12 29 8
13 29 8
14 29 8
15 29 8
16 29 8
17 29 7
18 29 7
19 29 7
20 29 7
21 29 7
22 29 7
23 29 7
24 29 7
25 29 7
26 29 7
27 29 7
28 29 7
29 29 7
5 30 8
6 30 8
7 30 8
8 30 8
9 30 8
10 30 8
11 30 8
12 30 8
13 30 8
14 30 8
15 30 8
16 30 8
17 30 7
18 30 7
19 30 7
20 30 7
21 30 7
22 30 7
23 30 7
24 30 7
25 30 7
26 30 7
27 30 7
28 30 7
29 30 7
6 31 8
7 31 8
8 31 8
9 31 8
10 31 8
11 31 8
12 31 8
13 31 8
14 31 8
15 31 8
16 31 8
17 31 7
18 31 7
19 31 7
20 31 7
21 31 7
22 31 7
23 31 7
24 31 7
25 31 7
26 31 7
27 31 7
28 31 7
29 31 7
6 32 8
7 32 8
8 32 8
9 32 8
10 32 8
11 32 8
12 32 8
13 32 8
14 32 8
15 32 8
16 32 8
17 32 7
18 32 7
19 32 7
20 32 7
21 32 7
22 32 7
23 32 7
24 32 7
25 32 7
26 32 7
27 32 7
28 32 7
6 33 1
7 33 1
8 33 1
9 33 1
10 33 1
11 33 1
12 33 8
13 33 8
14 33 8
15 33 8
16 33 8
17 33 7
18 33 7
19 33 7
20 33 7
21 33 7
22 33 7
23 33 7
24 33 7
25 33 7
26 33 7
27 33 7
28 33 7
6 34 1
7 34 1
8 34 1
9 34 1
10 34 1
11 34 1
12 34 1
13 34 1
14 34 1
15 34 1
16 34 1
17 34 7
18 34 7
19 34 7
20 34 7
21 34 7
22 34 7
23 34 7
24 34 7
25 34 7
26 34 7
27 34 7
28 34 7
7 35 1
8 35 1
9 35 1
10 35 1
11 35 1
12 35 1
13 35 1
14 35 1
15 35 1
16 35 1
17 35 6
18 35 6
19 35 6
20 35 6
21 35 6
22 35 6
23 35 6
24 35 7
25 35 7
26 35 7
27 35 7
28 35 7
7 36 1
8 36 1
9 36 1
10 36 1
11 36 1
12 36 1
13 36 1
14 36 1
15 36 1
16 36 1
17 36 6
18 36 6
19 36 6
20 36 6
21 36 6
22 36 6
23 36 6
24 36 6
25 36 6
26 36 6
27 36 6
7 37 1
8 37 1
9 37 1
10 37 1
11 37 1
12 37 1
13 37 1
14 37 1
15 37 1
16 37 1
17 37 6
18 37 6
19 37 6
20 37 6
21 37 6
22 37 6
23 37 6
24 37 6
25 37 6
26 37 6
27 37 6
8 38 1
9 38 1
10 38 1
11 38 1
12 38 1
13 38 1
14 38 1
15 38 1
16 38 1
17 38 6
18 38 6
19 38 6
20 38 6
21 38 6
22 38 6
23 38 6
24 38 6
25 38 6
26 38 6
27 38 6
8 39 1
9 39 1
10 39 1
11 39 1
12 39 1
13 39 1
14 39 1
15 39 1
16 39 1
17 39 6
18 39 6
19 39 6
20 39 6
21 39 6
22 39 6
23 39 6
24 39 6
25 39 6
26 39 6
27 39 6
8 40 1
9 40 1
10 40 1
11 40 1
12 40 1
13 40 1
14 40 1
15 40 1
16 40 6
17 40 6
18 40 6
19 40 6
20 40 6
21 40 6
22 40 6
23 40 6
24 40 6
25 40 6
26 40 6
8 41 1
9 41 1
10 41 1
11 41 1
12 41 1
13 41 1
14 41 1
15 41 1
16 41 6
17 41 6
18 41 6
19 41 6
20 41 6
21 41 6
22 41 6
23 41 6
24 41 6
25 41 6
26 41 6
9 42 1
10 42 1
11 42 1
12 42 1
13 42 1
14 42 1
15 42 1
16 42 6
17 42 6
18 42 6
19 42 6
20 42 6
21 42 6
22 42 6
23 42 6
24 42 6
25 42 6
26 42 6
9 43 1
10 43 1
11 43 1
12 43 1
13 43 1
14 43 1
15 43 1
16 43 6
17 43 6
18 43 6
19 43 6
20 43 6
21 43 6
22 43 6
23 43 6
24 43 6
25 43 6
26 43 6
9 44 1
10 44 1
11 44 1
12 44 1
13 44 1
14 44 1
15 44 1
16 44 6
17 44 6
18 44 6
19 44 6
20 44 6
21 44 6
22 44 6
23 44 6
9 45 1
10 45 1
11 45 1
12 45 1
13 45 1
14 45 1
15 45 1
16 45 6
17 45 6
18 45 6
19 45 6
20 45 6
18 46 6
