67 69 3161
1 39 27
1 40 27
1 41 27
1 42 27
1 43 27
1 44 27
1 45 27
1 46 27
1 47 12
1 48 12
1 49 12
1 50 12
1 51 12
2 36 27
2 37 27
2 38 27
2 39 27
2 40 27
2 41 27
2 42 27
2 43 27
2 44 27
2 45 27
2 46 27
2 47 12
2 48 12
2 49 12
2 50 12
2 51 12
2 52 12
2 53 12
2 54 12
2 55 12
2 56 26
2 57 26
2 58 26
2 59 26
2 60 26
3 34 23
3 35 23
3 36 27
3 37 27
3 38 27
3 39 27
3 40 27
3 41 27
3 42 27
3 43 27
3 44 27
3 45 27
3 46 27
3 47 12
3 48 12
3 49 12
3 50 12
3 51 12
3 52 12
3 53 12
3 54 12
3 55 12
3 56 26
3 57 26
3 58 26
3 59 26
3 60 26
4 31 23
4 32 23
4 33 23
4 34 23
4 35 23
4 36 27
4 37 27
4 38 27
4 39 27
4 40 27
4 41 27
4 42 27
4 43 27
4 44 27
4 45 27
4 46 27
4 47 12
4 48 12
4 49 12
4 50 12
4 51 12
4 52 12
4 53 12
4 54 12
4 55 12
4 56 26
4 57 26
4 58 26
4 59 26
4 60 26
4 61 26
5 29 23
5 30 23
5 31 23
5 32 23
5 33 23
5 34 23
5 35 23
5 36 27
5 37 27
5 38 27
5 39 27
5 40 27
5 41 27
5 42 27
5 43 27
5 44 27
5 45 27
5 46 27
5 47 12
5 48 12
5 49 12
5 50 12
5 51 12
5 52 12
5 53 12
5 54 12
5 55 12
5 56 26
5 57 26
5 58 26
5 59 26
5 60 26
5 61 26
5 62 26
6 26 8
6 27 8
6 28 23
6 29 23
6 30 23
6 31 23
6 32 23
6 33 23
6 34 23
6 35 23
6 36 27
6 37 27
6 38 27
6 39 27
6 40 27
6 41 27
6 42 27
6 43 27
6 44 27
6 45 27
6 46 27
6 47 12
6 48 12
6 49 12
6 50 12
6 51 12
6 52 12
6 53 12
6 54 12
6 55 12
6 56 26
6 57 26
6 58 26
6 59 26
6 60 26
6 61 26
6 62 26
7 24 8
7 25 8
7 26 8
7 27 8
7 28 23
7 29 23
7 30 23
7 31 23
7 32 23
7 33 23
7 34 23
7 35 23
7 36 27
7 37 27
7 38 27
7 39 27
7 40 27
7 41 27
7 42 27
7 43 27
7 44 27
7 45 27
7 46 27
7 47 12
7 48 12
7 49 12
7 50 12
7 51 12
7 52 12
7 53 12
7 54 12
7 55 12
7 56 26
7 57 26
7 58 26
7 59 26
7 60 26
7 61 26
7 62 26
7 63 26
8 21 8
8 22 8
8 23 8
8 24 8
8 25 8
8 26 8
8 27 8
8 28 23
8 29 23
8 30 23
8 31 23
8 32 23
8 33 23
8 34 23
8 35 23
8 36 27
8 37 27
8 38 27
8 39 27
8 40 27
8 41 27
8 42 27
8 43 27
8 44 27
8 45 27
8 46 27
8 47 12
8 48 12
8 49 12
8 50 12
8 51 12
8 52 12
8 53 12
8 54 12
8 55 12
8 56 26
8 57 26
8 58 26
8 59 26
8 60 26
8 61 26
8 62 26
8 63 26
8 64 26
9 19 8
9 20 8
9 21 8
9 22 8
9 23 8
9 24 8
9 25 8
9 26 8
9 27 8
9 28 23
9 29 23
9 30 23
9 31 23
9 32 23
9 33 23
9 34 23
9 35 23
9 36 27
9 37 27
9 38 27
9 39 27
9 40 27
9 41 27
9 42 27
9 43 27
9 44 27
9 45 27
9 46 27
9 47 12
9 48 12
9 49 12
9 50 12
9 51 12
9 52 12
9 53 12
9 54 12
9 55 12
9 56 26
9 57 26
9 58 26
9 59 26
9 60 26
9 61 26
9 62 26
9 63 26
9 64 26
10 17 8
10 18 8
10 19 8
10 20 8
10 21 8
10 22 8
10 23 8
10 24 8
10 25 8
10 26 8
10 27 8
10 28 23
10 29 23
10 30 23
10 31 23
10 32 23
10 33 23
10 34 23
10 35 23
10 36 23
10 37 27
10 38 27
10 39 27
10 40 27
10 41 27
10 42 27
10 43 27
10 44 27
10 45 27
10 46 27
10 47 12
10 48 12
10 49 12
10 50 12
10 51 12
10 52 12
10 53 12
10 54 12
10 55 12
10 56 26
10 57 26
10 58 26
10 59 26
10 60 26
10 61 26
10 62 26
10 63 26
10 64 26
11 14 17
11 15 17
11 16 8
11 17 8
11 18 8
11 19 8
11 20 8
11 21 8
11 22 8
11 23 8
11 24 8
11 25 8
11 26 8
11 27 8
11 28 23
11 29 23
11 30 23
11 31 23
11 32 23
11 33 23
11 34 23
11 35 23
11 36 23
11 37 27
11 38 27
11 39 27
11 40 22
11 41 22
11 42 22
11 43 22
11 44 22
11 45 22
11 46 22
11 47 12
11 48 12
11 49 12
11 50 12
11 51 12
11 52 12
11 53 12
11 54 12
11 55 12
11 56 26
11 57 26
11 58 26
11 59 26
11 60 26
11 61 26
11 62 26
11 63 26
11 64 26
11 65 26
12 12 17
12 13 17
12 14 17
12 15 17
12 16 8
12 17 8
12 18 8
12 19 8
12 20 8
12 21 8
12 22 8
12 23 8
12 24 8
12 25 8
12 26 8
12 27 8
12 28 8
12 29 23
12 30 23
12 31 23
12 32 23
12 33 23
12 34 23
12 35 23
12 36 23
12 37 23
12 38 22
12 39 22
12 40 22
12 41 22
12 42 22
12 43 22
12 44 22
12 45 22
12 46 22
12 47 22
12 48 12
12 49 12
12 50 12
12 51 12
12 52 12
12 53 12
12 54 12
12 55 12
12 56 26
12 57 26
12 58 26
12 59 26
12 60 26
12 61 26
12 62 26
12 63 26
12 64 26
12 65 26
13 9 17
13 10 17
13 11 17
13 12 17
13 13 17
13 14 17
13 15 17
13 16 8
13 17 8
13 18 8
13 19 8
13 20 8
13 21 8
13 22 8
13 23 8
13 24 8
13 25 8
13 26 8
13 27 8
13 28 8
13 29 23
13 30 23
13 31 23
13 32 23
13 33 23
13 34 23
13 35 23
13 36 23
13 37 23
13 38 22
13 39 22
13 40 22
13 41 22
13 42 22
13 43 22
13 44 22
13 45 22
13 46 22
13 47 22
13 48 22
13 49 12
13 50 12
13 51 12
13 52 12
13 53 12
13 54 12
13 55 24
13 56 24
13 57 26
13 58 26
13 59 26
13 60 26
13 61 26
13 62 26
13 63 26
13 64 26
13 65 26
13 66 26
14 7 17
14 8 17
14 9 17
14 10 17
14 11 17
14 12 17
14 13 17
14 14 17
14 15 17
14 16 8
14 17 8
14 18 8
14 19 8
14 20 8
14 21 8
14 22 8
14 23 8
14 24 8
14 25 8
14 26 8
14 27 8
14 28 8
14 29 23
14 30 23
14 31 23
14 32 23
14 33 23
14 34 23
14 35 23
14 36 23
14 37 23
14 38 22
14 39 22
14 40 22
14 41 22
14 42 22
14 43 22
14 44 22
14 45 22
14 46 22
14 47 22
14 48 22
14 49 24
14 50 24
14 51 24
14 52 24
14 53 24
14 54 24
14 55 24
14 56 24
14 57 26
14 58 26
14 59 26
14 60 26
14 61 26
14 62 26
14 63 26
14 64 26
14 65 26
14 66 26
15 4 17
15 5 17
15 6 17
15 7 17
15 8 17
15 9 17
15 10 17
15 11 17
15 12 17
15 13 17
15 14 17
15 15 17
15 16 8
15 17 8
15 18 8
15 19 8
15 20 8
15 21 8
15 22 8
15 23 8
15 24 8
15 25 8
15 26 8
15 27 8
15 28 8
15 29 23
15 30 23
15 31 23
15 32 23
15 33 23
15 34 23
15 35 23
15 36 23
15 37 23
15 38 22
15 39 22
15 40 22
15 41 22
15 42 22
15 43 22
15 44 22
15 45 22
15 46 22
15 47 22
15 48 22
15 49 24
15 50 24
15 51 24
15 52 24
15 53 24
15 54 24
15 55 24
15 56 24
15 57 24
15 58 26
15 59 26
15 60 26
15 61 26
15 62 6
15 63 6
15 64 6
15 65 6
15 66 6
15 67 6
16 1 17
16 2 17
16 3 17
16 4 17
16 5 17
16 6 17
16 7 17
16 8 17
16 9 17
16 10 17
16 11 17
16 12 17
16 13 17
16 14 17
16 15 17
16 16 18
16 17 18
16 18 18
16 19 18
16 20 18
16 21 18
16 22 18
16 23 8
16 24 8
16 25 8
16 26 8
16 27 8
16 28 8
16 29 23
16 30 23
16 31 23
16 32 23
16 33 23
16 34 23
16 35 23
16 36 23
16 37 23
16 38 22
16 39 22
16 40 22
16 41 22
16 42 22
16 43 22
16 44 22
16 45 22
16 46 22
16 47 22
16 48 22
16 49 24
16 50 24
16 51 24
16 52 24
16 53 24
16 54 24
16 55 24
16 56 24
16 57 24
16 58 6
16 59 6
16 60 6
16 61 6
16 62 6
16 63 6
16 64 6
16 65 6
16 66 6
16 67 6
16 68 6
17 2 17
17 3 17
17 4 17
17 5 17
17 6 17
17 7 17
17 8 17
17 9 17
17 10 17
17 11 17
17 12 17
17 13 17
17 14 18
17 15 18
17 16 18
17 17 18
17 18 18
17 19 18
17 20 18
17 21 18
17 22 18
17 23 8
17 24 8
17 25 8
17 26 8
17 27 8
17 28 8
17 29 11
17 30 11
17 31 11
17 32 11
17 33 11
17 34 11
17 35 11
17 36 11
17 37 11
17 38 11
17 39 22
17 40 22
17 41 22
17 42 22
17 43 22
17 44 22
17 45 22
17 46 22
17 47 22
17 48 22
17 49 24
17 50 24
17 51 24
17 52 24
17 53 24
17 54 24
17 55 24
17 56 24
17 57 24
17 58 6
17 59 6
17 60 6
17 61 6
17 62 6
17 63 6
17 64 6
17 65 6
17 66 6
17 67 6
17 68 6
18 2 17
18 3 17
18 4 17
18 5 17
18 6 17
18 7 17
18 8 17
18 9 17
18 10 17
18 11 17
18 12 17
18 13 17
18 14 18
18 15 18
18 16 18
18 17 18
18 18 18
18 19 18
18 20 18
18 21 18
18 22 18
18 23 14
18 24 14
18 25 14
18 26 14
18 27 14
18 28 14
18 29 11
18 30 11
18 31 11
18 32 11
18 33 11
18 34 11
18 35 11
18 36 11
18 37 11
18 38 11
18 39 22
18 40 22
18 41 22
18 42 22
18 43 22
18 44 22
18 45 22
18 46 22
18 47 22
18 48 22
18 49 24
18 50 24
18 51 24
18 52 24
18 53 24
18 54 24
18 55 24
18 56 24
18 57 24
18 58 6
18 59 6
18 60 6
18 61 6
18 62 6
18 63 6
18 64 6
18 65 6
18 66 6
18 67 6
18 68 6
19 2 17
19 3 17
19 4 17
19 5 17
19 6 17
19 7 17
19 8 17
19 9 17
19 10 17
19 11 17
19 12 17
19 13 17
19 14 18
19 15 18
19 16 18
19 17 18
19 18 18
19 19 18
19 20 18
19 21 18
19 22 18
19 23 14
19 24 14
19 25 14
19 26 14
19 27 14
19 28 14
19 29 11
19 30 11
19 31 11
19 32 11
19 33 11
19 34 11
19 35 11
19 36 11
19 37 11
19 38 11
19 39 22
19 40 22
19 41 22
19 42 22
19 43 22
19 44 22
19 45 22
19 46 22
19 47 22
19 48 22
19 49 24
19 50 24
19 51 24
19 52 24
19 53 24
19 54 24
19 55 24
19 56 24
19 57 24
19 58 6
19 59 6
19 60 6
19 61 6
19 62 6
19 63 6
19 64 6
19 65 6
19 66 6
19 67 6
19 68 6
20 2 17
20 3 17
20 4 17
20 5 17
20 6 17
20 7 17
20 8 17
20 9 17
20 10 17
20 11 17
20 12 17
20 13 17
20 14 18
20 15 18
20 16 18
20 17 18
20 18 18
20 19 18
20 20 18
20 21 18
20 22 18
20 23 14
20 24 14
20 25 14
20 26 14
20 27 14
20 28 14
20 29 11
20 30 11
20 31 11
20 32 11
20 33 11
20 34 11
20 35 11
20 36 11
20 37 11
20 38 11
20 39 22
20 40 22
20 41 22
20 42 22
20 43 22
20 44 22
20 45 22
20 46 22
20 47 22
20 48 22
20 49 24
20 50 24
20 51 24
20 52 24
20 53 24
20 54 24
20 55 24
20 56 24
20 57 24
20 58 6
20 59 6
20 60 6
20 61 6
20 62 6
20 63 6
20 64 6
20 65 6
20 66 6
20 67 6
21 2 17
21 3 17
21 4 17
21 5 17
21 6 17
21 7 17
21 8 17
21 9 17
21 10 17
21 11 17
21 12 17
21 13 17
21 14 18
21 15 18
21 16 18
21 17 18
21 18 18
21 19 18
21 20 18
21 21 18
21 22 18
21 23 14
21 24 14
21 25 14
21 26 14
21 27 14
21 28 14
21 29 11
21 30 11
21 31 11
21 32 11
21 33 11
21 34 11
21 35 11
21 36 11
21 37 11
21 38 11
21 39 11
21 40 11
21 41 22
21 42 22
21 43 22
21 44 22
21 45 22
21 46 22
21 47 22
21 48 22
21 49 24
21 50 24
21 51 24
21 52 24
21 53 24
21 54 24
21 55 24
21 56 24
21 57 24
21 58 6
21 59 6
21 60 6
21 61 6
21 62 6
21 63 6
21 64 6
21 65 6
21 66 6
21 67 6
22 3 19
22 4 19
22 5 19
22 6 19
22 7 19
22 8 19
22 9 19
22 10 19
22 11 19
22 12 19
22 13 19
22 14 18
22 15 18
22 16 18
22 17 18
22 18 18
22 19 18
22 20 18
22 21 18
22 22 18
22 23 14
22 24 14
22 25 14
22 26 14
22 27 14
22 28 14
22 29 11
22 30 11
22 31 11
22 32 11
22 33 11
22 34 11
22 35 11
22 36 11
22 37 11
22 38 11
22 39 11
22 40 11
22 41 16
22 42 16
22 43 16
22 44 16
22 45 16
22 46 16
22 47 16
22 48 16
22 49 24
22 50 24
22 51 24
22 52 24
22 53 24
22 54 24
22 55 24
22 56 24
22 57 24
22 58 6
22 59 6
22 60 6
22 61 6
22 62 6
22 63 6
22 64 6
22 65 6
22 66 6
22 67 6
23 3 19
23 4 19
23 5 19
23 6 19
23 7 19
23 8 19
23 9 19
23 10 19
23 11 19
23 12 19
23 13 19
23 14 19
23 15 18
23 16 18
23 17 18
23 18 18
23 19 18
23 20 18
23 21 18
23 22 18
23 23 14
23 24 14
23 25 14
23 26 14
23 27 14
23 28 14
23 29 11
23 30 11
23 31 11
23 32 11
23 33 11
23 34 11
23 35 11
23 36 11
23 37 11
23 38 11
23 39 11
23 40 11
23 41 16
23 42 16
23 43 16
23 44 16
23 45 16
23 46 16
23 47 16
23 48 16
23 49 24
23 50 24
23 51 24
23 52 24
23 53 24
23 54 24
23 55 24
23 56 24
23 57 24
23 58 6
23 59 6
23 60 6
23 61 6
23 62 6
23 63 6
23 64 6
23 65 6
23 66 6
23 67 6
24 3 19
24 4 19
24 5 19
24 6 19
24 7 19
24 8 19
24 9 19
24 10 19
24 11 19
24 12 19
24 13 19
24 14 19
24 15 18
24 16 18
24 17 18
24 18 18
24 19 18
24 20 18
24 21 18
24 22 18
24 23 14
24 24 14
24 25 14
24 26 14
24 27 14
24 28 14
24 29 11
24 30 11
24 31 11
24 32 11
24 33 11
24 34 11
24 35 11
24 36 11
24 37 11
24 38 11
24 39 11
24 40 11
24 41 16
24 42 16
24 43 16
24 44 16
24 45 16
24 46 16
24 47 16
24 48 16
24 49 24
24 50 24
24 51 24
24 52 24
24 53 24
24 54 24
24 55 24
24 56 24
24 57 24
24 58 6
24 59 6
24 60 6
24 61 6
24 62 6
24 63 6
24 64 6
24 65 6
24 66 6
24 67 6
25 3 19
25 4 19
25 5 19
25 6 19
25 7 19
25 8 19
25 9 19
25 10 19
25 11 19
25 12 19
25 13 19
25 14 19
25 15 18
25 16 18
25 17 18
25 18 18
25 19 18
25 20 18
25 21 18
25 22 18
25 23 14
25 24 14
25 25 14
25 26 14
25 27 14
25 28 14
25 29 14
25 30 11
25 31 11
25 32 11
25 33 11
25 34 11
25 35 11
25 36 11
25 37 11
25 38 11
25 39 11
25 40 11
25 41 16
25 42 16
25 43 16
25 44 16
25 45 16
25 46 16
25 47 16
25 48 16
25 49 24
25 50 24
25 51 24
25 52 24
25 53 24
25 54 24
25 55 24
25 56 24
25 57 24
25 58 6
25 59 6
25 60 6
25 61 6
25 62 6
25 63 6
25 64 6
25 65 6
25 66 6
26 3 19
26 4 19
26 5 19
26 6 19
26 7 19
26 8 19
26 9 19
26 10 19
26 11 19
26 12 19
26 13 19
26 14 19
26 15 18
26 16 18
26 17 18
26 18 18
26 19 18
26 20 18
26 21 18
26 22 18
26 23 14
26 24 14
26 25 14
26 26 14
26 27 14
26 28 14
26 29 14
26 30 14
26 31 11
26 32 11
26 33 11
26 34 11
26 35 11
26 36 11
26 37 11
26 38 11
26 39 11
26 40 11
26 41 16
26 42 16
26 43 16
26 44 16
26 45 16
26 46 16
26 47 16
26 48 16
26 49 20
26 50 20
26 51 20
26 52 20
26 53 20
26 54 20
26 55 20
26 56 13
26 57 13
26 58 13
26 59 13
26 60 13
26 61 13
26 62 13
26 63 13
26 64 13
26 65 13
26 66 13
27 3 19
27 4 19
27 5 19
27 6 19
27 7 19
27 8 19
27 9 19
27 10 19
27 11 19
27 12 19
27 13 19
27 14 19
27 15 18
27 16 18
27 17 18
27 18 18
27 19 18
27 20 18
27 21 18
27 22 18
27 23 14
27 24 14
27 25 14
27 26 14
27 27 14
27 28 14
27 29 14
27 30 14
27 31 2
27 32 2
27 33 2
27 34 2
27 35 2
27 36 2
27 37 2
27 38 2
27 39 2
27 40 2
27 41 16
27 42 16
27 43 16
27 44 16
27 45 16
27 46 16
27 47 16
27 48 16
27 49 20
27 50 20
27 51 20
27 52 20
27 53 20
27 54 20
27 55 20
27 56 13
27 57 13
27 58 13
27 59 13
27 60 13
27 61 13
27 62 13
27 63 13
27 64 13
27 65 13
27 66 13
28 4 19
28 5 19
28 6 19
28 7 19
28 8 19
28 9 19
28 10 19
28 11 19
28 12 19
28 13 19
28 14 19
28 15 18
28 16 18
28 17 18
28 18 18
28 19 18
28 20 18
28 21 18
28 22 18
28 23 14
28 24 14
28 25 14
28 26 14
28 27 14
28 28 14
28 29 14
28 30 14
28 31 2
28 32 2
28 33 2
28 34 2
28 35 2
28 36 2
28 37 2
28 38 2
28 39 2
28 40 2
28 41 16
28 42 16
28 43 16
28 44 16
28 45 16
28 46 16
28 47 16
28 48 16
28 49 20
28 50 20
28 51 20
28 52 20
28 53 20
28 54 20
28 55 20
28 56 13
28 57 13
28 58 13
28 59 13
28 60 13
28 61 13
28 62 13
28 63 13
28 64 13
28 65 13
28 66 13
29 4 19
29 5 19
29 6 19
29 7 19
29 8 19
29 9 19
29 10 19
29 11 19
29 12 19
29 13 19
29 14 19
29 15 25
29 16 25
29 17 25
29 18 25
29 19 14
29 20 14
29 21 14
29 22 14
29 23 14
29 24 14
29 25 14
29 26 14
29 27 14
29 28 14
29 29 14
29 30 14
29 31 2
29 32 2
29 33 2
29 34 2
29 35 2
29 36 2
29 37 2
29 38 2
29 39 2
29 40 2
29 41 16
29 42 16
29 43 16
29 44 16
29 45 16
29 46 16
29 47 16
29 48 16
29 49 20
29 50 20
29 51 20
29 52 20
29 53 20
29 54 20
29 55 20
29 56 13
29 57 13
29 58 13
29 59 13
29 60 13
29 61 13
29 62 13
29 63 13
29 64 13
29 65 13
29 66 13
30 5 19
30 6 19
30 7 19
30 8 19
30 9 19
30 10 19
30 11 19
30 12 19
30 13 25
30 14 25
30 15 25
30 16 25
30 17 25
30 18 25
30 19 14
30 20 14
30 21 14
30 22 14
30 23 14
30 24 14
30 25 14
30 26 14
30 27 14
30 28 14
30 29 14
30 30 14
30 31 2
30 32 2
30 33 2
30 34 2
30 35 2
30 36 2
30 37 2
30 38 2
30 39 2
30 40 2
30 41 16
30 42 16
30 43 16
30 44 16
30 45 16
30 46 16
30 47 16
30 48 16
30 49 20
30 50 20
30 51 20
30 52 20
30 53 20
30 54 20
30 55 20
30 56 13
30 57 13
30 58 13
30 59 13
30 60 13
30 61 13
30 62 13
30 63 13
30 64 13
30 65 13
31 5 19
31 6 19
31 7 19
31 8 19
31 9 19
31 10 19
31 11 19
31 12 19
31 13 25
31 14 25
31 15 25
31 16 25
31 17 25
31 18 25
31 19 14
31 20 14
31 21 14
31 22 14
31 23 14
31 24 14
31 25 14
31 26 14
31 27 14
31 28 14
31 29 14
31 30 14
31 31 2
31 32 2
31 33 2
31 34 2
31 35 2
31 36 2
31 37 2
31 38 2
31 39 2
31 40 2
31 41 16
31 42 16
31 43 16
31 44 16
31 45 16
31 46 16
31 47 16
31 48 16
31 49 20
31 50 20
31 51 20
31 52 20
31 53 20
31 54 20
31 55 20
31 56 13
31 57 13
31 58 13
31 59 13
31 60 13
31 61 13
31 62 13
31 63 13
31 64 13
31 65 13
32 6 25
32 7 25
32 8 25
32 9 25
32 10 25
32 11 25
32 12 25
32 13 25
32 14 25
32 15 25
32 16 25
32 17 25
32 18 25
32 19 21
32 20 21
32 21 21
32 22 21
32 23 21
32 24 21
32 25 21
32 26 21
32 27 21
32 28 21
32 29 21
32 30 21
32 31 2
32 32 2
32 33 2
32 34 2
32 35 2
32 36 2
32 37 2
32 38 2
32 39 2
32 40 2
32 41 16
32 42 16
32 43 16
32 44 16
32 45 16
32 46 16
32 47 16
32 48 16
32 49 20
32 50 20
32 51 20
32 52 20
32 53 20
32 54 20
32 55 20
32 56 13
32 57 13
32 58 13
32 59 13
32 60 13
32 61 13
32 62 13
32 63 13
32 64 13
32 65 13
33 6 25
33 7 25
33 8 25
33 9 25
33 10 25
33 11 25
33 12 25
33 13 25
33 14 25
33 15 25
33 16 25
33 17 25
33 18 25
33 19 21
33 20 21
33 21 21
33 22 21
33 23 21
33 24 21
33 25 21
33 26 21
33 27 21
33 28 21
33 29 21
33 30 21
33 31 2
33 32 2
33 33 2
33 34 2
33 35 2
33 36 2
33 37 2
33 38 2
33 39 2
33 40 2
33 41 16
33 42 16
33 43 16
33 44 16
33 45 16
33 46 16
33 47 16
33 48 16
33 49 20
33 50 20
33 51 20
33 52 20
33 53 20
33 54 20
33 55 20
33 56 13
33 57 13
33 58 13
33 59 13
33 60 13
33 61 13
33 62 13
33 63 13
33 64 13
33 65 13
34 7 25
34 8 25
34 9 25
34 10 25
34 11 25
34 12 25
34 13 25
34 14 25
34 15 25
34 16 25
34 17 25
34 18 25
34 19 21
34 20 21
34 21 21
34 22 21
34 23 21
34 24 21
34 25 21
34 26 21
34 27 21
34 28 21
34 29 21
34 30 21
34 31 2
34 32 2
34 33 2
34 34 2
34 35 2
34 36 2
34 37 2
34 38 2
34 39 2
34 40 2
34 41 16
34 42 16
34 43 16
34 44 16
34 45 16
34 46 16
34 47 16
34 48 20
34 49 20
34 50 20
34 51 20
34 52 20
34 53 20
34 54 20
34 55 20
34 56 20
34 57 13
34 58 13
34 59 13
34 60 13
34 61 13
34 62 13
34 63 13
34 64 13
34 65 13
35 7 25
35 8 25
35 9 25
35 10 25
35 11 25
35 12 25
35 13 25
35 14 25
35 15 25
35 16 25
35 17 25
35 18 25
35 19 21
35 20 21
35 21 21
35 22 21
35 23 21
35 24 21
35 25 21
35 26 21
35 27 21
35 28 21
35 29 21
35 30 21
35 31 21
35 32 2
35 33 2
35 34 2
35 35 2
35 36 2
35 37 2
35 38 2
35 39 2
35 40 2
35 41 2
35 42 16
35 43 16
35 44 16
35 45 16
35 46 16
35 47 16
35 48 20
35 49 20
35 50 20
35 51 20
35 52 20
35 53 20
35 54 20
35 55 20
35 56 20
35 57 13
35 58 13
35 59 13
35 60 13
35 61 13
35 62 13
35 63 13
35 64 13
36 7 25
36 8 25
36 9 25
36 10 25
36 11 25
36 12 25
36 13 25
36 14 25
36 15 25
36 16 25
36 17 25
36 18 25
36 19 21
36 20 21
36 21 21
36 22 21
36 23 21
36 24 21
36 25 21
36 26 21
36 27 21
36 28 21
36 29 21
36 30 21
36 31 21
36 32 2
36 33 2
36 34 2
36 35 2
36 36 2
36 37 2
36 38 2
36 39 2
36 40 2
36 41 2
36 42 9
36 43 9
36 44 9
36 45 9
36 46 9
36 47 9
36 48 20
36 49 20
36 50 20
36 51 20
36 52 20
36 53 20
36 54 20
36 55 20
36 56 20
36 57 13
36 58 13
36 59 13
36 60 13
36 61 13
36 62 13
36 63 13
36 64 13
37 8 25
37 9 25
37 10 25
37 11 25
37 12 25
37 13 25
37 14 25
37 15 25
37 16 25
37 17 25
37 18 25
37 19 21
37 20 21
37 21 21
37 22 21
37 23 21
37 24 21
37 25 21
37 26 21
37 27 21
37 28 21
37 29 21
37 30 21
37 31 21
37 32 2
37 33 2
37 34 2
37 35 2
37 36 2
37 37 2
37 38 2
37 39 2
37 40 2
37 41 9
37 42 9
37 43 9
37 44 9
37 45 9
37 46 9
37 47 9
37 48 20
37 49 20
37 50 20
37 51 20
37 52 20
37 53 20
37 54 20
37 55 20
37 56 20
37 57 29
37 58 29
37 59 29
37 60 29
37 61 29
37 62 29
37 63 29
37 64 29
38 8 25
38 9 25
38 10 25
38 11 25
38 12 25
38 13 25
38 14 25
38 15 25
38 16 25
38 17 25
38 18 25
38 19 21
38 20 21
38 21 21
38 22 21
38 23 21
38 24 21
38 25 21
38 26 21
38 27 21
38 28 21
38 29 21
38 30 21
38 31 3
38 32 3
38 33 3
38 34 3
38 35 3
38 36 3
38 37 3
38 38 3
38 39 9
38 40 9
38 41 9
38 42 9
38 43 9
38 44 9
38 45 9
38 46 9
38 47 9
38 48 20
38 49 20
38 50 20
38 51 20
38 52 20
38 53 20
38 54 20
38 55 20
38 56 20
38 57 29
38 58 29
38 59 29
38 60 29
38 61 29
38 62 29
38 63 29
38 64 29
39 9 25
39 10 25
39 11 25
39 12 25
39 13 25
39 14 28
39 15 28
39 16 28
39 17 28
39 18 28
39 19 21
39 20 21
39 21 21
39 22 21
39 23 21
39 24 21
39 25 21
39 26 21
39 27 21
39 28 21
39 29 21
39 30 21
39 31 3
39 32 3
39 33 3
39 34 3
39 35 3
39 36 3
39 37 3
39 38 3
39 39 9
39 40 9
39 41 9
39 42 9
39 43 9
39 44 9
39 45 9
39 46 9
39 47 9
39 48 20
39 49 20
39 50 20
39 51 20
39 52 20
39 53 20
39 54 20
39 55 20
39 56 29
39 57 29
39 58 29
39 59 29
39 60 29
39 61 29
39 62 29
39 63 29
39 64 29
40 9 25
40 10 25
40 11 25
40 12 25
40 13 28
40 14 28
40 15 28
40 16 28
40 17 28
40 18 28
40 19 28
40 20 28
40 21 21
40 22 21
40 23 21
40 24 21
40 25 21
40 26 21
40 27 21
40 28 21
40 29 21
40 30 21
40 31 3
40 32 3
40 33 3
40 34 3
40 35 3
40 36 3
40 37 3
40 38 3
40 39 9
40 40 9
40 41 9
40 42 9
40 43 9
40 44 9
40 45 9
40 46 9
40 47 7
40 48 7
40 49 7
40 50 7
40 51 7
40 52 7
40 53 7
40 54 7
40 55 7
40 56 29
40 57 29
40 58 29
40 59 29
40 60 29
40 61 29
40 62 29
40 63 29
40 64 29
41 10 28
41 11 28
41 12 28
41 13 28
41 14 28
41 15 28
41 16 28
41 17 28
41 18 28
41 19 28
41 20 28
41 21 15
41 22 15
41 23 15
41 24 15
41 25 15
41 26 15
41 27 15
41 28 15
41 29 15
41 30 15
41 31 3
41 32 3
41 33 3
41 34 3
41 35 3
41 36 3
41 37 3
41 38 3
41 39 9
41 40 9
41 41 9
41 42 9
41 43 9
41 44 9
41 45 9
41 46 9
41 47 7
41 48 7
41 49 7
41 50 7
41 51 7
41 52 7
41 53 7
41 54 7
41 55 7
41 56 29
41 57 29
41 58 29
41 59 29
41 60 29
41 61 29
41 62 29
41 63 29
41 64 29
42 10 28
42 11 28
42 12 28
42 13 28
42 14 28
42 15 28
42 16 28
42 17 28
42 18 28
42 19 28
42 20 28
42 21 15
42 22 15
42 23 15
42 24 15
42 25 15
42 26 15
42 27 15
42 28 15
42 29 15
42 30 15
42 31 3
42 32 3
42 33 3
42 34 3
42 35 3
42 36 3
42 37 3
42 38 3
42 39 9
42 40 9
42 41 9
42 42 9
42 43 9
42 44 9
42 45 9
42 46 9
42 47 7
42 48 7
42 49 7
42 50 7
42 51 7
42 52 7
42 53 7
42 54 7
42 55 7
42 56 29
42 57 29
42 58 29
42 59 29
42 60 29
42 61 29
42 62 29
42 63 29
43 11 28
43 12 28
43 13 28
43 14 28
43 15 28
43 16 28
43 17 28
43 18 28
43 19 28
43 20 28
43 21 15
43 22 15
43 23 15
43 24 15
43 25 15
43 26 15
43 27 15
43 28 15
43 29 15
43 30 15
43 31 3
43 32 3
43 33 3
43 34 3
43 35 3
43 36 3
43 37 3
43 38 3
43 39 9
43 40 9
43 41 9
43 42 9
43 43 9
43 44 9
43 45 9
43 46 9
43 47 7
43 48 7
43 49 7
43 50 7
43 51 7
43 52 7
43 53 7
43 54 7
43 55 7
43 56 29
43 57 29
43 58 29
43 59 29
43 60 29
43 61 29
43 62 29
43 63 29
44 11 28
44 12 28
44 13 28
44 14 28
44 15 28
44 16 28
44 17 28
44 18 28
44 19 28
44 20 28
44 21 15
44 22 15
44 23 15
44 24 15
44 25 15
44 26 15
44 27 15
44 28 15
44 29 15
44 30 15
44 31 3
44 32 3
44 33 3
44 34 3
44 35 3
44 36 3
44 37 3
44 38 3
44 39 9
44 40 9
44 41 9
44 42 9
44 43 9
44 44 9
44 45 9
44 46 9
44 47 7
44 48 7
44 49 7
44 50 7
44 51 7
44 52 7
44 53 7
44 54 7
44 55 7
44 56 29
44 57 29
44 58 29
44 59 29
44 60 29
44 61 29
44 62 29
44 63 29
45 12 28
45 13 28
45 14 28
45 15 28
45 16 28
45 17 28
45 18 28
45 19 28
45 20 28
45 21 28
45 22 15
45 23 15
45 24 15
45 25 15
45 26 15
45 27 15
45 28 15
45 29 15
45 30 15
45 31 3
45 32 3
45 33 3
45 34 3
45 35 3
45 36 3
45 37 3
45 38 3
45 39 9
45 40 9
45 41 9
45 42 9
45 43 9
45 44 9
45 45 9
45 46 9
45 47 7
45 48 7
45 49 7
45 50 7
45 51 7
45 52 7
45 53 7
45 54 7
45 55 7
45 56 29
45 57 29
45 58 29
45 59 29
45 60 29
45 61 29
45 62 29
45 63 29
46 13 28
46 14 28
46 15 28
46 16 28
46 17 28
46 18 28
46 19 28
46 20 28
46 21 28
46 22 15
46 23 15
46 24 15
46 25 15
46 26 15
46 27 15
46 28 15
46 29 15
46 30 15
46 31 3
46 32 3
46 33 3
46 34 3
46 35 3
46 36 3
46 37 3
46 38 3
46 39 9
46 40 9
46 41 9
46 42 9
46 43 9
46 44 9
46 45 9
46 46 9
46 47 7
46 48 7
46 49 7
46 50 7
46 51 7
46 52 7
46 53 7
46 54 7
46 55 7
46 56 29
46 57 29
46 58 29
46 59 29
46 60 29
46 61 29
46 62 29
47 14 28
47 15 28
47 16 28
47 17 28
47 18 28
47 19 28
47 20 28
47 21 28
47 22 15
47 23 15
47 24 15
47 25 15
47 26 15
47 27 15
47 28 15
47 29 15
47 30 15
47 31 3
47 32 3
47 33 3
47 34 3
47 35 3
47 36 3
47 37 3
47 38 3
47 39 9
47 40 9
47 41 9
47 42 9
47 43 9
47 44 9
47 45 9
47 46 9
47 47 7
47 48 7
47 49 7
47 50 7
47 51 7
47 52 7
47 53 7
47 54 7
47 55 7
47 56 29
47 57 29
47 58 29
47 59 29
47 60 29
47 61 29
47 62 29
48 15 28
48 16 28
48 17 28
48 18 28
48 19 28
48 20 28
48 21 28
48 22 15
48 23 15
48 24 15
48 25 15
48 26 15
48 27 15
48 28 15
48 29 15
48 30 15
48 31 3
48 32 3
48 33 3
48 34 3
48 35 3
48 36 3
48 37 3
48 38 3
48 39 9
48 40 9
48 41 9
48 42 9
48 43 9
48 44 9
48 45 9
48 46 7
48 47 7
48 48 7
48 49 7
48 50 7
48 51 7
48 52 7
48 53 7
48 54 7
48 55 7
48 56 29
48 57 29
48 58 29
48 59 29
48 60 29
48 61 29
48 62 29
49 16 28
49 17 28
49 18 28
49 19 28
49 20 28
49 21 28
49 22 15
49 23 15
49 24 15
49 25 15
49 26 15
49 27 15
49 28 15
49 29 15
49 30 15
49 31 3
49 32 3
49 33 3
49 34 3
49 35 3
49 36 3
49 37 3
49 38 3
49 39 9
49 40 9
49 41 9
49 42 9
49 43 9
49 44 9
49 45 9
49 46 7
49 47 7
49 48 7
49 49 7
49 50 7
49 51 7
49 52 7
49 53 7
49 54 7
49 55 7
49 56 29
49 57 29
49 58 29
49 59 29
49 60 29
49 61 29
49 62 29
50 17 28
50 18 28
50 19 28
50 20 28
50 21 28
50 22 15
50 23 15
50 24 15
50 25 15
50 26 15
50 27 15
50 28 15
50 29 15
50 30 15
50 31 3
50 32 3
50 33 3
50 34 3
50 35 3
50 36 3
50 37 3
50 38 3
50 39 5
50 40 5
50 41 5
50 42 5
50 43 5
50 44 5
50 45 5
50 46 7
50 47 7
50 48 7
50 49 7
50 50 7
50 51 7
50 52 7
50 53 7
50 54 7
50 55 7
50 56 29
50 57 29
50 58 29
50 59 29
50 60 29
50 61 29
51 18 28
51 19 28
51 20 28
51 21 28
51 22 15
51 23 15
51 24 15
51 25 15
51 26 15
51 27 15
51 28 15
51 29 15
51 30 15
51 31 3
51 32 3
51 33 3
51 34 3
51 35 3
51 36 5
51 37 5
51 38 5
51 39 5
51 40 5
51 41 5
51 42 5
51 43 5
51 44 5
51 45 10
51 46 10
51 47 10
51 48 10
51 49 7
51 50 7
51 51 7
51 52 7
51 53 7
51 54 7
51 55 7
51 56 1
51 57 1
51 58 1
51 59 1
51 60 1
51 61 1
52 19 28
52 20 28
52 21 28
52 22 15
52 23 15
52 24 15
52 25 15
52 26 15
52 27 15
52 28 4
52 29 4
52 30 4
52 31 4
52 32 4
52 33 4
52 34 4
52 35 4
52 36 5
52 37 5
52 38 5
52 39 5
52 40 5
52 41 5
52 42 5
52 43 5
52 44 5
52 45 10
52 46 10
52 47 10
52 48 10
52 49 10
52 50 10
52 51 10
52 52 10
52 53 1
52 54 1
52 55 1
52 56 1
52 57 1
52 58 1
52 59 1
52 60 1
52 61 1
53 20 28
53 21 28
53 22 4
53 23 4
53 24 4
53 25 4
53 26 4
53 27 4
53 28 4
53 29 4
53 30 4
53 31 4
53 32 4
53 33 4
53 34 4
53 35 4
53 36 5
53 37 5
53 38 5
53 39 5
53 40 5
53 41 5
53 42 5
53 43 5
53 44 5
53 45 10
53 46 10
53 47 10
53 48 10
53 49 10
53 50 10
53 51 10
53 52 10
53 53 1
53 54 1
53 55 1
53 56 1
53 57 1
53 58 1
53 59 1
53 60 1
53 61 1
54 21 4
54 22 4
54 23 4
54 24 4
54 25 4
54 26 4
54 27 4
54 28 4
54 29 4
54 30 4
54 31 4
54 32 4
54 33 4
54 34 4
54 35 4
54 36 5
54 37 5
54 38 5
54 39 5
54 40 5
54 41 5
54 42 5
54 43 5
54 44 5
54 45 10
54 46 10
54 47 10
54 48 10
54 49 10
54 50 10
54 51 10
54 52 10
54 53 1
54 54 1
54 55 1
54 56 1
54 57 1
54 58 1
54 59 1
54 60 1
55 22 4
55 23 4
55 24 4
55 25 4
55 26 4
55 27 4
55 28 4
55 29 4
55 30 4
55 31 4
55 32 4
55 33 4
55 34 4
55 35 4
55 36 4
55 37 5
55 38 5
55 39 5
55 40 5
55 41 5
55 42 5
55 43 5
55 44 5
55 45 10
55 46 10
55 47 10
55 48 10
55 49 10
55 50 10
55 51 10
55 52 10
55 53 1
55 54 1
55 55 1
55 56 1
55 57 1
55 58 1
55 59 1
55 60 1
56 23 4
56 24 4
56 25 4
56 26 4
56 27 4
56 28 4
56 29 4
56 30 4
56 31 4
56 32 4
56 33 4
56 34 4
56 35 4
56 36 4
56 37 5
56 38 5
56 39 5
56 40 5
56 41 5
56 42 5
56 43 5
56 44 5
56 45 10
56 46 10
56 47 10
56 48 10
56 49 10
56 50 10
56 51 10
56 52 10
56 53 1
56 54 1
56 55 1
56 56 1
56 57 1
56 58 1
56 59 1
56 60 1
57 24 4
57 25 4
57 26 4
57 27 4
57 28 4
57 29 4
57 30 4
57 31 4
57 32 4
57 33 4
57 34 4
57 35 4
57 36 4
57 37 5
57 38 5
57 39 5
57 40 5
57 41 5
57 42 5
57 43 5
57 44 5
57 45 10
57 46 10
57 47 10
57 48 10
57 49 10
57 50 10
57 51 10
57 52 10
57 53 1
57 54 1
57 55 1
57 56 1
57 57 1
57 58 1
57 59 1
57 60 1
58 26 4
58 27 4
58 28 4
58 29 4
58 30 4
58 31 4
58 32 4
58 33 4
58 34 4
58 35 4
58 36 4
58 37 5
58 38 5
58 39 5
58 40 5
58 41 5
58 42 5
58 43 5
58 44 5
58 45 10
58 46 10
58 47 10
58 48 10
58 49 10
58 50 10
58 51 10
58 52 10
58 53 1
58 54 1
58 55 1
58 56 1
58 57 1
58 58 1
58 59 1
59 28 4
59 29 4
59 30 4
59 31 4
59 32 4
59 33 4
59 34 4
59 35 4
59 36 4
59 37 5
59 38 5
59 39 5
59 40 5
59 41 5
59 42 5
59 43 5
59 44 5
59 45 10
59 46 10
59 47 10
59 48 10
59 49 10
59 50 10
59 51 10
59 52 10
59 53 1
59 54 1
59 55 1
59 56 1
59 57 1
59 58 1
59 59 1
60 30 4
60 31 4
60 32 4
60 33 4
60 34 4
60 35 4
60 36 4
60 37 5
60 38 5
60 39 5
60 40 5
60 41 5
60 42 5
60 43 5
60 44 5
60 45 10
60 46 10
60 47 10
60 48 10
60 49 10
60 50 10
60 51 10
60 52 10
60 53 1
60 54 1
60 55 1
60 56 1
60 57 1
60 58 1
60 59 1
61 34 4
61 35 4
61 36 4
61 37 5
61 38 5
61 39 5
61 40 5
61 41 5
61 42 5
61 43 5
61 44 5
61 45 10
61 46 10
61 47 10
61 48 10
61 49 10
61 50 10
61 51 10
61 52 10
61 53 1
61 54 1
61 55 1
61 56 1
61 57 1
61 58 1
61 59 1
62 38 5
62 39 5
62 40 5
62 41 5
62 42 5
62 43 5
62 44 5
62 45 10
62 46 10
62 47 10
62 48 10
62 49 10
62 50 10
62 51 10
62 52 10
62 53 1
62 54 1
62 55 1
62 56 1
62 57 1
62 58 1
63 42 5
63 43 5
63 44 5
63 45 10
63 46 10
63 47 10
63 48 10
63 49 10
63 50 10
63 51 10
63 52 10
63 53 1
63 54 1
63 55 1
63 56 1
63 57 1
63 58 1
64 45 10
64 46 10
64 47 10
64 48 10
64 49 10
64 50 10
64 51 10
64 52 10
64 53 1
64 54 1
64 55 1
64 56 1
64 57 1
64 58 1
65 52 10
65 53 1
65 54 1
65 55 1
65 56 1
65 57 1
65 58 1
66 58 1
