30 31 436
3 1 4
4 1 4
5 1 4
6 1 4
3 2 4
4 2 4
5 2 4
6 2 4
7 2 4
8 2 4
9 2 4
3 3 4
4 3 4
5 3 4
6 3 4
7 3 4
8 3 4
9 3 4
10 3 4
2 4 4
3 4 4
4 4 4
5 4 4
6 4 4
7 4 4
8 4 4
9 4 4
10 4 4
11 4 4
2 5 4
3 5 4
4 5 4
5 5 4
6 5 4
7 5 4
8 5 4
9 5 4
10 5 4
11 5 4
12 5 4
2 6 4
3 6 4
4 6 4
5 6 4
6 6 4
7 6 4
8 6 4
9 6 4
10 6 4
11 6 4
12 6 4
13 6 2
14 6 2
2 7 4
3 7 4
4 7 4
5 7 4
6 7 4
7 7 4
8 7 4
9 7 4
10 7 4
11 7 4
12 7 4
13 7 2
14 7 2
15 7 2
1 8 4
2 8 4
3 8 4
4 8 4
5 8 4
6 8 4
7 8 4
8 8 4
9 8 4
10 8 4
11 8 4
12 8 4
13 8 2
14 8 2
15 8 2
16 8 2
2 9 4
3 9 4
4 9 4
5 9 4
6 9 4
7 9 4
8 9 4
9 9 4
10 9 4
11 9 4
12 9 4
13 9 2
14 9 2
15 9 2
16 9 2
17 9 2
2 10 4
3 10 4
4 10 4
5 10 4
6 10 4
7 10 4
8 10 4
9 10 4
10 10 4
11 10 4
12 10 4
13 10 2
14 10 2
15 10 2
16 10 2
17 10 2
18 10 1
19 10 1
3 11 4
4 11 4
5 11 4
6 11 4
7 11 4
8 11 4
9 11 4
10 11 2
11 11 2
12 11 2
13 11 2
14 11 2
15 11 2
16 11 2
17 11 2
18 11 1
19 11 1
20 11 1
3 12 4
4 12 4
5 12 4
6 12 4
7 12 4
8 12 4
9 12 2
10 12 2
11 12 2
12 12 2
13 12 2
14 12 2
15 12 2
16 12 2
17 12 2
18 12 1
19 12 1
20 12 1
21 12 1
4 13 2
5 13 2
6 13 2
7 13 2
8 13 2
9 13 2
10 13 2
11 13 2
12 13 2
13 13 2
14 13 2
15 13 2
16 13 2
17 13 2
18 13 1
19 13 1
20 13 1
21 13 1
22 13 1
4 14 2
5 14 2
6 14 2
7 14 2
8 14 2
9 14 2
10 14 2
11 14 2
12 14 2
13 14 2
14 14 2
15 14 2
16 14 2
17 14 1
18 14 1
19 14 1
20 14 1
21 14 1
22 14 1
23 14 1
24 14 1
5 15 2
6 15 2
7 15 2
8 15 2
9 15 2
10 15 2
11 15 2
12 15 2
13 15 2
14 15 2
15 15 2
16 15 2
17 15 1
18 15 1
19 15 1
20 15 1
21 15 1
22 15 1
23 15 1
24 15 1
25 15 1
5 16 2
6 16 2
7 16 2
8 16 2
9 16 2
10 16 2
11 16 2
12 16 2
13 16 2
14 16 2
15 16 2
16 16 2
17 16 1
18 16 1
19 16 1
20 16 1
21 16 1
22 16 1
23 16 1
24 16 1
25 16 1
26 16 1
6 17 2
7 17 2
8 17 2
9 17 2
10 17 2
11 17 2
12 17 2
13 17 2
14 17 2
15 17 2
16 17 2
17 17 1
18 17 1
19 17 1
20 17 1
21 17 1
22 17 1
23 17 1
24 17 1
25 17 1
26 17 1
27 17 1
6 18 2
7 18 2
8 18 2
9 18 2
10 18 2
11 18 2
12 18 2
13 18 2
14 18 2
15 18 2
16 18 2
17 18 1
18 18 1
19 18 1
20 18 1
21 18 1
22 18 1
23 18 1
24 18 1
25 18 1
26 18 1
27 18 1
28 18 1
29 18 1
7 19 3
8 19 3
9 19 3
10 19 3
11 19 3
12 19 3
13 19 3
14 19 3
15 19 3
16 19 3
17 19 1
18 19 1
19 19 1
20 19 1
21 19 1
22 19 1
23 19 1
24 19 1
25 19 1
26 19 1
27 19 1
28 19 1
7 20 3
8 20 3
9 20 3
10 20 3
11 20 3
12 20 3
13 20 3
14 20 3
15 20 3
16 20 3
17 20 1
18 20 1
19 20 1
20 20 1
21 20 1
22 20 1
23 20 1
24 20 1
25 20 1
26 20 1
27 20 1
28 20 1
8 21 3
9 21 3
10 21 3
11 21 3
12 21 3
13 21 3
14 21 3
15 21 3
16 21 3
17 21 3
18 21 3
19 21 1
20 21 1
21 21 1
22 21 1
23 21 1
24 21 1
25 21 1
26 21 1
8 22 3
9 22 3
10 22 3
11 22 3
12 22 3
13 22 3
14 22 3
15 22 3
16 22 3
17 22 3
18 22 3
19 22 1
20 22 1
21 22 1
22 22 1
23 22 1
24 22 1
25 22 1
8 23 3
9 23 3
10 23 3
11 23 3
12 23 3
13 23 3
14 23 3
15 23 3
16 23 3
17 23 3
18 23 3
19 23 3
20 23 3
21 23 1
22 23 1
23 23 1
9 24 3
10 24 3
11 24 3
12 24 3
13 24 3
14 24 3
15 24 3
16 24 3
17 24 3
18 24 3
19 24 3
20 24 3
21 24 1
22 24 1
10 25 3
11 25 3
12 25 3
13 25 3
14 25 3
15 25 3
16 25 3
17 25 3
18 25 3
19 25 3
20 25 3
10 26 3
11 26 3
12 26 3
13 26 3
14 26 3
15 26 3
16 26 3
17 26 3
18 26 3
19 26 3
11 27 3
12 27 3
13 27 3
14 27 3
15 27 3
16 27 3
17 27 3
11 28 3
12 28 3
13 28 3
14 28 3
15 28 3
16 28 3
11 29 3
12 29 3
13 29 3
14 29 3
15 29 3
12 30 3
13 30 3
14 30 3
