63 65 2398
1 41 21
1 42 21
1 43 21
2 40 21
2 41 21
2 42 21
2 43 21
2 44 21
2 45 21
3 39 21
3 40 21
3 41 21
3 42 21
3 43 21
3 44 21
3 45 21
3 46 21
3 47 21
4 37 12
4 38 12
4 39 12
4 40 21
4 41 21
4 42 21
4 43 21
4 44 21
4 45 21
4 46 21
4 47 21
4 48 21
5 36 12
5 37 12
5 38 12
5 39 12
5 40 21
5 41 21
5 42 21
5 43 21
5 44 21
5 45 21
5 46 21
5 47 21
5 48 21
5 49 21
5 50 21
6 35 12
6 36 12
6 37 12
6 38 12
6 39 12
6 40 12
6 41 21
6 42 21
6 43 21
6 44 21
6 45 21
6 46 21
6 47 21
6 48 21
6 49 21
6 50 21
6 51 15
6 52 15
7 34 12
7 35 12
7 36 12
7 37 12
7 38 12
7 39 12
7 40 12
7 41 21
7 42 21
7 43 21
7 44 21
7 45 21
7 46 21
7 47 21
7 48 21
7 49 21
7 50 21
7 51 15
7 52 15
7 53 15
8 32 12
8 33 12
8 34 12
8 35 12
8 36 12
8 37 12
8 38 12
8 39 12
8 40 12
8 41 21
8 42 21
8 43 21
8 44 21
8 45 21
8 46 21
8 47 21
8 48 21
8 49 21
8 50 21
8 51 15
8 52 15
8 53 15
8 54 15
8 55 15
9 31 12
9 32 12
9 33 12
9 34 12
9 35 12
9 36 12
9 37 12
9 38 12
9 39 12
9 40 12
9 41 21
9 42 21
9 43 21
9 44 21
9 45 21
9 46 21
9 47 21
9 48 21
9 49 21
9 50 15
9 51 15
9 52 15
9 53 15
9 54 15
9 55 15
9 56 15
9 57 15
10 30 12
10 31 12
10 32 12
10 33 12
10 34 12
10 35 12
10 36 12
10 37 12
10 38 12
10 39 12
10 40 12
10 41 21
10 42 21
10 43 21
10 44 21
10 45 21
10 46 21
10 47 21
10 48 21
10 49 15
10 50 15
10 51 15
10 52 15
10 53 15
10 54 15
10 55 15
10 56 15
10 57 15
10 58 15
11 29 12
11 30 12
11 31 12
11 32 12
11 33 12
11 34 12
11 35 12
11 36 12
11 37 12
11 38 12
11 39 12
11 40 12
11 41 21
11 42 21
11 43 21
11 44 21
11 45 21
11 46 21
11 47 21
11 48 21
11 49 15
11 50 15
11 51 15
11 52 15
11 53 15
11 54 15
11 55 15
11 56 15
11 57 15
11 58 15
11 59 15
11 60 15
12 27 3
12 28 3
12 29 12
12 30 12
12 31 12
12 32 12
12 33 12
12 34 12
12 35 12
12 36 12
12 37 12
12 38 12
12 39 12
12 40 12
12 41 21
12 42 21
12 43 21
12 44 21
12 45 21
12 46 21
12 47 21
12 48 21
12 49 15
12 50 15
12 51 15
12 52 15
12 53 15
12 54 15
12 55 15
12 56 15
12 57 15
12 58 15
12 59 15
12 60 15
12 61 15
12 62 15
13 26 3
13 27 3
13 28 3
13 29 12
13 30 12
13 31 12
13 32 12
13 33 12
13 34 12
13 35 12
13 36 12
13 37 12
13 38 12
13 39 12
13 40 12
13 41 21
13 42 21
13 43 21
13 44 21
13 45 21
13 46 21
13 47 21
13 48 21
13 49 15
13 50 15
13 51 15
13 52 15
13 53 15
13 54 15
13 55 15
13 56 15
13 57 15
13 58 15
13 59 15
13 60 15
13 61 15
13 62 15
14 25 3
14 26 3
14 27 3
14 28 3
14 29 12
14 30 12
14 31 12
14 32 12
14 33 12
14 34 12
14 35 12
14 36 12
14 37 12
14 38 12
14 39 12
14 40 12
14 41 13
14 42 13
14 43 13
14 44 13
14 45 13
14 46 13
14 47 13
14 48 13
14 49 15
14 50 15
14 51 15
14 52 15
14 53 15
14 54 15
14 55 15
14 56 15
14 57 15
14 58 15
14 59 15
14 60 15
14 61 15
14 62 15
14 63 15
15 23 3
15 24 3
15 25 3
15 26 3
15 27 3
15 28 3
15 29 12
15 30 12
15 31 12
15 32 12
15 33 12
15 34 12
15 35 12
15 36 12
15 37 12
15 38 12
15 39 12
15 40 13
15 41 13
15 42 13
15 43 13
15 44 13
15 45 13
15 46 13
15 47 13
15 48 13
15 49 13
15 50 15
15 51 15
15 52 15
15 53 15
15 54 15
15 55 15
15 56 15
15 57 15
15 58 15
15 59 15
15 60 15
15 61 15
15 62 15
15 63 15
15 64 15
16 22 3
16 23 3
16 24 3
16 25 3
16 26 3
16 27 3
16 28 3
16 29 3
16 30 22
16 31 22
16 32 22
16 33 22
16 34 22
16 35 22
16 36 22
16 37 22
16 38 22
16 39 22
16 40 13
16 41 13
16 42 13
16 43 13
16 44 13
16 45 13
16 46 13
16 47 13
16 48 13
16 49 13
16 50 15
16 51 15
16 52 15
16 53 15
16 54 15
16 55 15
16 56 15
16 57 15
16 58 15
16 59 15
16 60 15
16 61 11
16 62 11
16 63 11
17 20 3
17 21 3
17 22 3
17 23 3
17 24 3
17 25 3
17 26 3
17 27 3
17 28 3
17 29 3
17 30 22
17 31 22
17 32 22
17 33 22
17 34 22
17 35 22
17 36 22
17 37 22
17 38 22
17 39 22
17 40 13
17 41 13
17 42 13
17 43 13
17 44 13
17 45 13
17 46 13
17 47 13
17 48 13
17 49 13
17 50 11
17 51 11
17 52 11
17 53 11
17 54 11
17 55 11
17 56 11
17 57 11
17 58 11
17 59 11
17 60 11
17 61 11
17 62 11
17 63 11
18 19 3
18 20 3
18 21 3
18 22 3
18 23 3
18 24 3
18 25 3
18 26 3
18 27 3
18 28 3
18 29 3
18 30 22
18 31 22
18 32 22
18 33 22
18 34 22
18 35 22
18 36 22
18 37 22
18 38 22
18 39 22
18 40 13
18 41 13
18 42 13
18 43 13
18 44 13
18 45 13
18 46 13
18 47 13
18 48 13
18 49 13
18 50 11
18 51 11
18 52 11
18 53 11
18 54 11
18 55 11
18 56 11
18 57 11
18 58 11
18 59 11
18 60 11
18 61 11
18 62 11
18 63 11
19 17 3
19 18 3
19 19 3
19 20 3
19 21 3
19 22 3
19 23 3
19 24 3
19 25 3
19 26 3
19 27 3
19 28 3
19 29 22
19 30 22
19 31 22
19 32 22
19 33 22
19 34 22
19 35 22
19 36 22
19 37 22
19 38 22
19 39 22
19 40 13
19 41 13
19 42 13
19 43 13
19 44 13
19 45 13
19 46 13
19 47 13
19 48 13
19 49 13
19 50 11
19 51 11
19 52 11
19 53 11
19 54 11
19 55 11
19 56 11
19 57 11
19 58 11
19 59 11
19 60 11
19 61 11
19 62 11
19 63 11
20 17 3
20 18 3
20 19 3
20 20 3
20 21 3
20 22 3
20 23 3
20 24 3
20 25 3
20 26 3
20 27 3
20 28 3
20 29 22
20 30 22
20 31 22
20 32 22
20 33 22
20 34 22
20 35 22
20 36 22
20 37 22
20 38 22
20 39 22
20 40 13
20 41 13
20 42 13
20 43 13
20 44 13
20 45 13
20 46 13
20 47 13
20 48 13
20 49 13
20 50 11
20 51 11
20 52 11
20 53 11
20 54 11
20 55 11
20 56 11
20 57 11
20 58 11
20 59 11
20 60 11
20 61 11
20 62 11
21 16 3
21 17 3
21 18 3
21 19 3
21 20 3
21 21 3
21 22 3
21 23 3
21 24 3
21 25 3
21 26 3
21 27 3
21 28 3
21 29 22
21 30 22
21 31 22
21 32 22
21 33 22
21 34 22
21 35 22
21 36 22
21 37 22
21 38 22
21 39 22
21 40 22
21 41 13
21 42 13
21 43 13
21 44 13
21 45 13
21 46 13
21 47 13
21 48 13
21 49 13
21 50 11
21 51 11
21 52 11
21 53 11
21 54 11
21 55 11
21 56 11
21 57 11
21 58 11
21 59 11
21 60 11
21 61 11
21 62 11
22 15 3
22 16 3
22 17 3
22 18 3
22 19 3
22 20 3
22 21 3
22 22 3
22 23 3
22 24 3
22 25 3
22 26 3
22 27 3
22 28 3
22 29 22
22 30 22
22 31 22
22 32 22
22 33 22
22 34 22
22 35 22
22 36 22
22 37 22
22 38 22
22 39 22
22 40 22
22 41 13
22 42 13
22 43 13
22 44 13
22 45 13
22 46 13
22 47 13
22 48 13
22 49 13
22 50 11
22 51 11
22 52 11
22 53 11
22 54 11
22 55 11
22 56 11
22 57 11
22 58 11
22 59 11
22 60 11
22 61 11
22 62 11
23 15 3
23 16 3
23 17 3
23 18 3
23 19 3
23 20 3
23 21 3
23 22 3
23 23 3
23 24 3
23 25 3
23 26 3
23 27 3
23 28 3
23 29 22
23 30 22
23 31 22
23 32 22
23 33 22
23 34 22
23 35 22
23 36 22
23 37 22
23 38 22
23 39 22
23 40 22
23 41 13
23 42 13
23 43 13
23 44 13
23 45 13
23 46 13
23 47 13
23 48 13
23 49 13
23 50 11
23 51 11
23 52 11
23 53 11
23 54 11
23 55 11
23 56 11
23 57 11
23 58 11
23 59 11
23 60 11
23 61 11
23 62 11
24 14 14
24 15 14
24 16 14
24 17 14
24 18 14
24 19 14
24 20 14
24 21 14
24 22 14
24 23 14
24 24 10
24 25 10
24 26 10
24 27 10
24 28 10
24 29 10
24 30 22
24 31 22
24 32 22
24 33 22
24 34 22
24 35 22
24 36 22
24 37 22
24 38 22
24 39 22
24 40 22
24 41 13
24 42 13
24 43 13
24 44 13
24 45 13
24 46 13
24 47 13
24 48 13
24 49 13
24 50 11
24 51 11
24 52 11
24 53 11
24 54 11
24 55 11
24 56 11
24 57 11
24 58 11
24 59 11
24 60 11
24 61 11
25 13 14
25 14 14
25 15 14
25 16 14
25 17 14
25 18 14
25 19 14
25 20 14
25 21 14
25 22 14
25 23 14
25 24 10
25 25 10
25 26 10
25 27 10
25 28 10
25 29 10
25 30 10
25 31 22
25 32 22
25 33 22
25 34 22
25 35 22
25 36 22
25 37 22
25 38 22
25 39 22
25 40 22
25 41 13
25 42 13
25 43 13
25 44 13
25 45 13
25 46 8
25 47 8
25 48 8
25 49 8
25 50 8
25 51 19
25 52 19
25 53 19
25 54 19
25 55 19
25 56 19
25 57 19
25 58 19
25 59 19
25 60 19
25 61 19
26 13 14
26 14 14
26 15 14
26 16 14
26 17 14
26 18 14
26 19 14
26 20 14
26 21 14
26 22 14
26 23 14
26 24 10
26 25 10
26 26 10
26 27 10
26 28 10
26 29 10
26 30 10
26 31 10
26 32 10
26 33 17
26 34 17
26 35 17
26 36 17
26 37 17
26 38 17
26 39 17
26 40 17
26 41 8
26 42 8
26 43 8
26 44 8
26 45 8
26 46 8
26 47 8
26 48 8
26 49 8
26 50 8
26 51 19
26 52 19
26 53 19
26 54 19
26 55 19
26 56 19
26 57 19
26 58 19
26 59 19
26 60 19
26 61 19
27 12 14
27 13 14
27 14 14
27 15 14
27 16 14
27 17 14
27 18 14
27 19 14
27 20 14
27 21 14
27 22 14
27 23 14
27 24 10
27 25 10
27 26 10
27 27 10
27 28 10
27 29 10
27 30 10
27 31 10
27 32 10
27 33 17
27 34 17
27 35 17
27 36 17
27 37 17
27 38 17
27 39 17
27 40 17
27 41 8
27 42 8
27 43 8
27 44 8
27 45 8
27 46 8
27 47 8
27 48 8
27 49 8
27 50 8
27 51 19
27 52 19
27 53 19
27 54 19
27 55 19
27 56 19
27 57 19
27 58 19
27 59 19
27 60 19
27 61 19
28 11 14
28 12 14
28 13 14
28 14 14
28 15 14
28 16 14
28 17 14
28 18 14
28 19 14
28 20 14
28 21 14
28 22 14
28 23 14
28 24 10
28 25 10
28 26 10
28 27 10
28 28 10
28 29 10
28 30 10
28 31 10
28 32 10
28 33 17
28 34 17
28 35 17
28 36 17
28 37 17
28 38 17
28 39 17
28 40 17
28 41 8
28 42 8
28 43 8
28 44 8
28 45 8
28 46 8
28 47 8
28 48 8
28 49 8
28 50 8
28 51 19
28 52 19
28 53 19
28 54 19
28 55 19
28 56 19
28 57 19
28 58 19
28 59 19
28 60 19
29 11 14
29 12 14
29 13 14
29 14 14
29 15 14
29 16 14
29 17 14
29 18 14
29 19 14
29 20 14
29 21 14
29 22 14
29 23 14
29 24 10
29 25 10
29 26 10
29 27 10
29 28 10
29 29 10
29 30 10
29 31 10
29 32 10
29 33 17
29 34 17
29 35 17
29 36 17
29 37 17
29 38 17
29 39 17
29 40 17
29 41 8
29 42 8
29 43 8
29 44 8
29 45 8
29 46 8
29 47 8
29 48 8
29 49 8
29 50 8
29 51 19
29 52 19
29 53 19
29 54 19
29 55 19
29 56 19
29 57 19
29 58 19
29 59 19
29 60 19
30 10 4
30 11 4
30 12 4
30 13 4
30 14 4
30 15 14
30 16 14
30 17 14
30 18 14
30 19 14
30 20 14
30 21 14
30 22 14
30 23 14
30 24 10
30 25 10
30 26 10
30 27 10
30 28 10
30 29 10
30 30 10
30 31 10
30 32 17
30 33 17
30 34 17
30 35 17
30 36 17
30 37 17
30 38 17
30 39 17
30 40 17
30 41 8
30 42 8
30 43 8
30 44 8
30 45 8
30 46 8
30 47 8
30 48 8
30 49 8
30 50 8
30 51 19
30 52 19
30 53 19
30 54 19
30 55 19
30 56 19
30 57 19
30 58 19
30 59 19
30 60 19
31 9 4
31 10 4
31 11 4
31 12 4
31 13 4
31 14 4
31 15 4
31 16 14
31 17 14
31 18 14
31 19 14
31 20 14
31 21 14
31 22 14
31 23 14
31 24 10
31 25 10
31 26 10
31 27 10
31 28 10
31 29 10
31 30 10
31 31 10
31 32 17
31 33 17
31 34 17
31 35 17
31 36 17
31 37 17
31 38 17
31 39 17
31 40 17
31 41 8
31 42 8
31 43 8
31 44 8
31 45 8
31 46 8
31 47 8
31 48 8
31 49 8
31 50 8
31 51 19
31 52 19
31 53 19
31 54 19
31 55 19
31 56 19
31 57 19
31 58 19
31 59 19
31 60 19
32 8 4
32 9 4
32 10 4
32 11 4
32 12 4
32 13 4
32 14 4
32 15 4
32 16 14
32 17 14
32 18 14
32 19 14
32 20 14
32 21 14
32 22 14
32 23 14
32 24 10
32 25 10
32 26 10
32 27 10
32 28 10
32 29 10
32 30 10
32 31 10
32 32 17
32 33 17
32 34 17
32 35 17
32 36 17
32 37 17
32 38 17
32 39 17
32 40 17
32 41 17
32 42 8
32 43 8
32 44 8
32 45 8
32 46 8
32 47 8
32 48 8
32 49 8
32 50 8
32 51 19
32 52 19
32 53 19
32 54 19
32 55 19
32 56 19
32 57 19
32 58 19
32 59 19
33 8 4
33 9 4
33 10 4
33 11 4
33 12 4
33 13 4
33 14 4
33 15 4
33 16 4
33 17 14
33 18 14
33 19 14
33 20 14
33 21 14
33 22 14
33 23 14
33 24 10
33 25 10
33 26 10
33 27 10
33 28 10
33 29 10
33 30 10
33 31 10
33 32 17
33 33 17
33 34 17
33 35 17
33 36 17
33 37 17
33 38 17
33 39 17
33 40 17
33 41 17
33 42 8
33 43 8
33 44 8
33 45 8
33 46 8
33 47 8
33 48 8
33 49 8
33 50 8
33 51 19
33 52 19
33 53 19
33 54 19
33 55 19
33 56 19
33 57 19
33 58 19
33 59 19
34 7 4
34 8 4
34 9 4
34 10 4
34 11 4
34 12 4
34 13 4
34 14 4
34 15 4
34 16 4
34 17 14
34 18 14
34 19 14
34 20 14
34 21 14
34 22 14
34 23 14
34 24 10
34 25 10
34 26 10
34 27 10
34 28 10
34 29 10
34 30 10
34 31 10
34 32 17
34 33 17
34 34 17
34 35 17
34 36 17
34 37 17
34 38 17
34 39 17
34 40 17
34 41 17
34 42 8
34 43 8
34 44 8
34 45 8
34 46 8
34 47 8
34 48 8
34 49 8
34 50 8
34 51 19
34 52 19
34 53 19
34 54 19
34 55 19
34 56 19
34 57 19
34 58 19
34 59 19
35 6 4
35 7 4
35 8 4
35 9 4
35 10 4
35 11 4
35 12 4
35 13 4
35 14 4
35 15 4
35 16 4
35 17 6
35 18 6
35 19 6
35 20 6
35 21 6
35 22 6
35 23 6
35 24 6
35 25 10
35 26 10
35 27 10
35 28 10
35 29 10
35 30 10
35 31 10
35 32 17
35 33 17
35 34 17
35 35 17
35 36 17
35 37 17
35 38 17
35 39 17
35 40 17
35 41 17
35 42 8
35 43 8
35 44 8
35 45 8
35 46 8
35 47 8
35 48 8
35 49 8
35 50 8
35 51 19
35 52 19
35 53 19
35 54 19
35 55 19
35 56 19
35 57 19
35 58 19
35 59 19
36 6 4
36 7 4
36 8 4
36 9 4
36 10 4
36 11 4
36 12 4
36 13 4
36 14 4
36 15 4
36 16 4
36 17 6
36 18 6
36 19 6
36 20 6
36 21 6
36 22 6
36 23 6
36 24 6
36 25 10
36 26 10
36 27 10
36 28 10
36 29 10
36 30 10
36 31 10
36 32 17
36 33 17
36 34 17
36 35 17
36 36 17
36 37 17
36 38 17
36 39 17
36 40 17
36 41 17
36 42 8
36 43 8
36 44 8
36 45 8
36 46 8
36 47 8
36 48 8
36 49 8
36 50 18
36 51 18
36 52 18
36 53 18
36 54 18
36 55 18
36 56 18
36 57 18
36 58 18
37 5 4
37 6 4
37 7 4
37 8 4
37 9 4
37 10 4
37 11 4
37 12 4
37 13 4
37 14 4
37 15 4
37 16 4
37 17 6
37 18 6
37 19 6
37 20 6
37 21 6
37 22 6
37 23 6
37 24 6
37 25 6
37 26 10
37 27 10
37 28 10
37 29 10
37 30 10
37 31 10
37 32 17
37 33 17
37 34 17
37 35 17
37 36 17
37 37 17
37 38 17
37 39 17
37 40 17
37 41 7
37 42 7
37 43 7
37 44 7
37 45 7
37 46 7
37 47 7
37 48 18
37 49 18
37 50 18
37 51 18
37 52 18
37 53 18
37 54 18
37 55 18
37 56 18
37 57 18
37 58 18
38 4 4
38 5 4
38 6 4
38 7 4
38 8 4
38 9 4
38 10 4
38 11 4
38 12 4
38 13 4
38 14 4
38 15 4
38 16 4
38 17 6
38 18 6
38 19 6
38 20 6
38 21 6
38 22 6
38 23 6
38 24 6
38 25 6
38 26 6
38 27 6
38 28 20
38 29 20
38 30 20
38 31 20
38 32 20
38 33 20
38 34 20
38 35 20
38 36 20
38 37 20
38 38 20
38 39 7
38 40 7
38 41 7
38 42 7
38 43 7
38 44 7
38 45 7
38 46 7
38 47 7
38 48 18
38 49 18
38 50 18
38 51 18
38 52 18
38 53 18
38 54 18
38 55 18
38 56 18
38 57 18
38 58 18
39 4 4
39 5 4
39 6 4
39 7 4
39 8 4
39 9 4
39 10 4
39 11 4
39 12 4
39 13 4
39 14 4
39 15 4
39 16 4
39 17 6
39 18 6
39 19 6
39 20 6
39 21 6
39 22 6
39 23 6
39 24 6
39 25 6
39 26 6
39 27 6
39 28 20
39 29 20
39 30 20
39 31 20
39 32 20
39 33 20
39 34 20
39 35 20
39 36 20
39 37 20
39 38 20
39 39 7
39 40 7
39 41 7
39 42 7
39 43 7
39 44 7
39 45 7
39 46 7
39 47 7
39 48 7
39 49 18
39 50 18
39 51 18
39 52 18
39 53 18
39 54 18
39 55 18
39 56 18
39 57 18
39 58 18
40 3 5
40 4 5
40 5 5
40 6 5
40 7 4
40 8 4
40 9 4
40 10 4
40 11 4
40 12 4
40 13 4
40 14 4
40 15 4
40 16 4
40 17 6
40 18 6
40 19 6
40 20 6
40 21 6
40 22 6
40 23 6
40 24 6
40 25 6
40 26 6
40 27 6
40 28 20
40 29 20
40 30 20
40 31 20
40 32 20
40 33 20
40 34 20
40 35 20
40 36 20
40 37 20
40 38 20
40 39 7
40 40 7
40 41 7
40 42 7
40 43 7
40 44 7
40 45 7
40 46 7
40 47 7
40 48 7
40 49 18
40 50 18
40 51 18
40 52 18
40 53 18
40 54 18
40 55 18
40 56 18
40 57 18
41 2 5
41 3 5
41 4 5
41 5 5
41 6 5
41 7 5
41 8 5
41 9 5
41 10 5
41 11 5
41 12 5
41 13 5
41 14 5
41 15 5
41 16 5
41 17 6
41 18 6
41 19 6
41 20 6
41 21 6
41 22 6
41 23 6
41 24 6
41 25 6
41 26 6
41 27 6
41 28 20
41 29 20
41 30 20
41 31 20
41 32 20
41 33 20
41 34 20
41 35 20
41 36 20
41 37 20
41 38 20
41 39 7
41 40 7
41 41 7
41 42 7
41 43 7
41 44 7
41 45 7
41 46 7
41 47 7
41 48 7
41 49 18
41 50 18
41 51 18
41 52 18
41 53 18
41 54 18
41 55 18
41 56 18
41 57 18
42 1 5
42 2 5
42 3 5
42 4 5
42 5 5
42 6 5
42 7 5
42 8 5
42 9 5
42 10 5
42 11 5
42 12 5
42 13 5
42 14 5
42 15 5
42 16 5
42 17 6
42 18 6
42 19 6
42 20 6
42 21 6
42 22 6
42 23 6
42 24 6
42 25 6
42 26 6
42 27 6
42 28 20
42 29 20
42 30 20
42 31 20
42 32 20
42 33 20
42 34 20
42 35 20
42 36 20
42 37 20
42 38 20
42 39 7
42 40 7
42 41 7
42 42 7
42 43 7
42 44 7
42 45 7
42 46 7
42 47 7
42 48 7
42 49 18
42 50 18
42 51 18
42 52 18
42 53 18
42 54 18
42 55 18
42 56 18
42 57 18
43 3 5
43 4 5
43 5 5
43 6 5
43 7 5
43 8 5
43 9 5
43 10 5
43 11 5
43 12 5
43 13 5
43 14 5
43 15 5
43 16 5
43 17 6
43 18 6
43 19 6
43 20 6
43 21 6
43 22 6
43 23 6
43 24 6
43 25 6
43 26 6
43 27 6
43 28 20
43 29 20
43 30 20
43 31 20
43 32 20
43 33 20
43 34 20
43 35 20
43 36 20
43 37 20
43 38 20
43 39 7
43 40 7
43 41 7
43 42 7
43 43 7
43 44 7
43 45 7
43 46 7
43 47 7
43 48 7
43 49 18
43 50 18
43 51 18
43 52 18
43 53 18
43 54 18
43 55 18
43 56 18
43 57 18
44 5 5
44 6 5
44 7 5
44 8 5
44 9 5
44 10 5
44 11 5
44 12 5
44 13 5
44 14 5
44 15 5
44 16 5
44 17 5
44 18 6
44 19 6
44 20 6
44 21 6
44 22 6
44 23 6
44 24 6
44 25 6
44 26 6
44 27 6
44 28 20
44 29 20
44 30 20
44 31 20
44 32 20
44 33 20
44 34 20
44 35 20
44 36 20
44 37 20
44 38 20
44 39 7
44 40 7
44 41 7
44 42 7
44 43 7
44 44 7
44 45 7
44 46 7
44 47 7
44 48 7
44 49 18
44 50 18
44 51 18
44 52 18
44 53 18
44 54 18
44 55 18
44 56 18
45 6 5
45 7 5
45 8 5
45 9 5
45 10 5
45 11 5
45 12 5
45 13 5
45 14 5
45 15 5
45 16 5
45 17 5
45 18 9
45 19 9
45 20 6
45 21 6
45 22 6
45 23 6
45 24 6
45 25 6
45 26 6
45 27 6
45 28 20
45 29 20
45 30 20
45 31 20
45 32 20
45 33 20
45 34 20
45 35 20
45 36 20
45 37 20
45 38 20
45 39 7
45 40 7
45 41 7
45 42 7
45 43 7
45 44 7
45 45 7
45 46 7
45 47 7
45 48 7
45 49 18
45 50 18
45 51 18
45 52 18
45 53 18
45 54 18
45 55 18
45 56 18
46 8 5
46 9 5
46 10 5
46 11 5
46 12 5
46 13 5
46 14 5
46 15 5
46 16 5
46 17 5
46 18 9
46 19 9
46 20 9
46 21 9
46 22 9
46 23 9
46 24 9
46 25 9
46 26 9
46 27 9
46 28 20
46 29 20
46 30 20
46 31 20
46 32 20
46 33 20
46 34 20
46 35 20
46 36 20
46 37 20
46 38 20
46 39 7
46 40 7
46 41 7
46 42 7
46 43 7
46 44 7
46 45 7
46 46 7
46 47 7
46 48 7
46 49 18
46 50 18
46 51 18
46 52 18
46 53 18
46 54 18
46 55 18
46 56 18
47 10 5
47 11 5
47 12 5
47 13 5
47 14 5
47 15 5
47 16 5
47 17 5
47 18 9
47 19 9
47 20 9
47 21 9
47 22 9
47 23 9
47 24 9
47 25 9
47 26 9
47 27 9
47 28 9
47 29 20
47 30 20
47 31 20
47 32 20
47 33 20
47 34 20
47 35 20
47 36 20
47 37 20
47 38 20
47 39 7
47 40 7
47 41 7
47 42 7
47 43 7
47 44 7
47 45 7
47 46 7
47 47 7
47 48 7
47 49 18
47 50 18
47 51 18
47 52 18
47 53 18
47 54 18
47 55 18
47 56 18
48 11 5
48 12 5
48 13 5
48 14 5
48 15 5
48 16 5
48 17 5
48 18 9
48 19 9
48 20 9
48 21 9
48 22 9
48 23 9
48 24 9
48 25 9
48 26 9
48 27 9
48 28 9
48 29 9
48 30 2
48 31 2
48 32 2
48 33 2
48 34 2
48 35 2
48 36 2
48 37 2
48 38 16
48 39 16
48 40 16
48 41 16
48 42 16
48 43 16
48 44 7
48 45 7
48 46 7
48 47 1
48 48 1
48 49 1
48 50 1
48 51 1
48 52 1
48 53 1
48 54 1
48 55 1
49 13 5
49 14 5
49 15 5
49 16 5
49 17 5
49 18 9
49 19 9
49 20 9
49 21 9
49 22 9
49 23 9
49 24 9
49 25 9
49 26 9
49 27 9
49 28 9
49 29 9
49 30 2
49 31 2
49 32 2
49 33 2
49 34 2
49 35 2
49 36 2
49 37 2
49 38 16
49 39 16
49 40 16
49 41 16
49 42 16
49 43 16
49 44 16
49 45 16
49 46 16
49 47 1
49 48 1
49 49 1
49 50 1
49 51 1
49 52 1
49 53 1
49 54 1
49 55 1
50 15 5
50 16 5
50 17 5
50 18 9
50 19 9
50 20 9
50 21 9
50 22 9
50 23 9
50 24 9
50 25 9
50 26 9
50 27 9
50 28 9
50 29 9
50 30 2
50 31 2
50 32 2
50 33 2
50 34 2
50 35 2
50 36 2
50 37 2
50 38 16
50 39 16
50 40 16
50 41 16
50 42 16
50 43 16
50 44 16
50 45 16
50 46 16
50 47 1
50 48 1
50 49 1
50 50 1
50 51 1
50 52 1
50 53 1
50 54 1
50 55 1
51 16 5
51 17 5
51 18 9
51 19 9
51 20 9
51 21 9
51 22 9
51 23 9
51 24 9
51 25 9
51 26 9
51 27 9
51 28 9
51 29 9
51 30 2
51 31 2
51 32 2
51 33 2
51 34 2
51 35 2
51 36 2
51 37 2
51 38 16
51 39 16
51 40 16
51 41 16
51 42 16
51 43 16
51 44 16
51 45 16
51 46 16
51 47 1
51 48 1
51 49 1
51 50 1
51 51 1
51 52 1
51 53 1
51 54 1
51 55 1
52 18 9
52 19 9
52 20 9
52 21 9
52 22 9
52 23 9
52 24 9
52 25 9
52 26 9
52 27 9
52 28 9
52 29 9
52 30 2
52 31 2
52 32 2
52 33 2
52 34 2
52 35 2
52 36 2
52 37 2
52 38 16
52 39 16
52 40 16
52 41 16
52 42 16
52 43 16
52 44 16
52 45 16
52 46 16
52 47 1
52 48 1
52 49 1
52 50 1
52 51 1
52 52 1
52 53 1
52 54 1
53 20 9
53 21 9
53 22 9
53 23 9
53 24 9
53 25 9
53 26 9
53 27 9
53 28 9
53 29 2
53 30 2
53 31 2
53 32 2
53 33 2
53 34 2
53 35 2
53 36 2
53 37 2
53 38 2
53 39 16
53 40 16
53 41 16
53 42 16
53 43 16
53 44 16
53 45 16
53 46 16
53 47 1
53 48 1
53 49 1
53 50 1
53 51 1
53 52 1
53 53 1
53 54 1
54 22 9
54 23 9
54 24 9
54 25 9
54 26 9
54 27 9
54 28 9
54 29 2
54 30 2
54 31 2
54 32 2
54 33 2
54 34 2
54 35 2
54 36 2
54 37 2
54 38 2
54 39 16
54 40 16
54 41 16
54 42 16
54 43 16
54 44 16
54 45 16
54 46 16
54 47 1
54 48 1
54 49 1
54 50 1
54 51 1
54 52 1
54 53 1
54 54 1
55 24 9
55 25 9
55 26 9
55 27 9
55 28 9
55 29 2
55 30 2
55 31 2
55 32 2
55 33 2
55 34 2
55 35 2
55 36 2
55 37 2
55 38 2
55 39 16
55 40 16
55 41 16
55 42 16
55 43 16
55 44 16
55 45 16
55 46 16
55 47 1
55 48 1
55 49 1
55 50 1
55 51 1
55 52 1
55 53 1
56 26 9
56 27 9
56 28 9
56 29 2
56 30 2
56 31 2
56 32 2
56 33 2
56 34 2
56 35 2
56 36 2
56 37 2
56 38 2
56 39 16
56 40 16
56 41 16
56 42 16
56 43 16
56 44 16
56 45 16
56 46 16
56 47 1
56 48 1
56 49 1
56 50 1
56 51 1
56 52 1
57 27 9
57 28 9
57 29 2
57 30 2
57 31 2
57 32 2
57 33 2
57 34 2
57 35 2
57 36 2
57 37 2
57 38 2
57 39 16
57 40 16
57 41 16
57 42 16
57 43 16
57 44 16
57 45 16
57 46 16
57 47 1
57 48 1
57 49 1
57 50 1
57 51 1
57 52 1
58 30 2
58 31 2
58 32 2
58 33 2
58 34 2
58 35 2
58 36 2
58 37 2
58 38 2
58 39 16
58 40 16
58 41 16
58 42 16
58 43 16
58 44 16
58 45 16
58 46 16
58 47 1
58 48 1
58 49 1
58 50 1
58 51 1
58 52 1
59 33 2
59 34 2
59 35 2
59 36 2
59 37 2
59 38 2
59 39 16
59 40 16
59 41 16
59 42 16
59 43 16
59 44 16
59 45 16
59 46 1
59 47 1
59 48 1
59 49 1
59 50 1
59 51 1
59 52 1
60 35 2
60 36 2
60 37 2
60 38 2
60 39 16
60 40 16
60 41 16
60 42 16
60 43 16
60 44 16
60 45 16
60 46 1
60 47 1
60 48 1
60 49 1
60 50 1
60 51 1
61 41 16
61 42 16
61 43 16
61 44 16
61 45 16
61 46 1
61 47 1
61 48 1
61 49 1
61 50 1
61 51 1
62 47 1
62 48 1
62 49 1
62 50 1
62 51 1
