24 23 327
4 1 1
5 1 1
6 1 1
7 1 1
8 1 1
9 1 1
10 1 3
11 1 3
12 1 3
13 1 3
14 1 3
15 1 3
16 1 3
17 1 3
18 1 3
19 1 3
1 2 1
2 2 1
3 2 1
4 2 1
5 2 1
6 2 1
7 2 1
8 2 1
9 2 1
10 2 3
11 2 3
12 2 3
13 2 3
14 2 3
15 2 3
16 2 3
17 2 3
18 2 3
19 2 3
20 2 3
1 3 1
2 3 1
3 3 1
4 3 1
5 3 1
6 3 1
7 3 1
8 3 1
9 3 1
10 3 3
11 3 3
12 3 3
13 3 3
14 3 3
15 3 3
16 3 3
17 3 3
18 3 3
19 3 3
20 3 3
1 4 1
2 4 1
3 4 1
4 4 1
5 4 1
6 4 1
7 4 1
8 4 1
9 4 1
10 4 3
11 4 3
12 4 3
13 4 3
14 4 3
15 4 3
16 4 3
17 4 3
18 4 3
19 4 3
20 4 3
21 4 3
1 5 1
2 5 1
3 5 1
4 5 1
5 5 1
6 5 1
7 5 1
8 5 1
9 5 1
10 5 3
11 5 3
12 5 3
13 5 3
14 5 3
15 5 3
16 5 3
17 5 3
18 5 3
19 5 3
20 5 3
21 5 3
1 6 1
2 6 1
3 6 1
4 6 1
5 6 1
6 6 1
7 6 1
8 6 1
9 6 1
10 6 3
11 6 3
12 6 3
13 6 3
14 6 3
15 6 3
16 6 3
17 6 3
18 6 3
19 6 3
20 6 3
21 6 3
22 6 3
1 7 1
2 7 1
3 7 1
4 7 1
5 7 1
6 7 1
7 7 1
8 7 1
9 7 1
10 7 3
11 7 3
12 7 3
13 7 3
14 7 3
15 7 3
16 7 3
17 7 3
18 7 3
19 7 3
20 7 3
21 7 3
22 7 3
23 7 3
1 8 1
2 8 1
3 8 1
4 8 1
5 8 1
6 8 1
7 8 1
8 8 1
9 8 1
10 8 3
11 8 3
12 8 3
13 8 3
14 8 3
15 8 3
16 8 3
17 8 3
18 8 3
19 8 3
20 8 3
21 8 3
22 8 3
1 9 1
2 9 1
3 9 1
4 9 1
5 9 1
6 9 1
7 9 1
8 9 1
9 9 1
10 9 3
11 9 3
12 9 3
13 9 3
14 9 3
15 9 3
16 9 3
17 9 3
18 9 3
19 9 3
20 9 3
21 9 3
22 9 3
2 10 1
3 10 1
4 10 1
5 10 1
6 10 1
7 10 1
8 10 1
9 10 1
10 10 2
11 10 2
12 10 2
13 10 2
14 10 2
15 10 2
16 10 2
17 10 2
18 10 2
19 10 2
20 10 2
2 11 1
3 11 1
4 11 1
5 11 1
6 11 1
7 11 1
8 11 1
9 11 1
10 11 2
11 11 2
12 11 2
13 11 2
14 11 2
15 11 2
16 11 2
17 11 2
18 11 2
19 11 2
20 11 2
2 12 1
3 12 1
4 12 1
5 12 1
6 12 1
7 12 1
8 12 1
9 12 1
10 12 2
11 12 2
12 12 2
13 12 2
14 12 2
15 12 2
16 12 2
17 12 2
18 12 2
19 12 2
4 13 1
5 13 1
6 13 1
7 13 1
8 13 2
9 13 2
10 13 2
11 13 2
12 13 2
13 13 2
14 13 2
15 13 2
16 13 2
17 13 2
18 13 2
19 13 2
5 14 1
6 14 1
7 14 2
8 14 2
9 14 2
10 14 2
11 14 2
12 14 2
13 14 2
14 14 2
15 14 2
16 14 2
17 14 2
18 14 2
6 15 1
7 15 2
8 15 2
9 15 2
10 15 2
11 15 2
12 15 2
13 15 2
14 15 2
15 15 2
16 15 2
17 15 2
18 15 2
7 16 2
8 16 2
9 16 2
10 16 2
11 16 2
12 16 2
13 16 2
14 16 2
15 16 2
16 16 2
17 16 2
18 16 2
9 17 2
10 17 2
11 17 2
12 17 2
13 17 2
14 17 2
15 17 2
16 17 2
17 17 2
10 18 2
11 18 2
12 18 2
13 18 2
14 18 2
15 18 2
16 18 2
11 19 2
12 19 2
13 19 2
14 19 2
15 19 2
16 19 2
12 20 2
13 20 2
14 20 2
15 20 2
13 21 2
14 21 2
14 22 2
