40 35 545
36 1 1
37 1 1
38 1 1
39 1 1
29 2 1
30 2 1
31 2 1
32 2 1
33 2 1
34 2 1
35 2 1
36 2 1
37 2 1
38 2 1
22 3 5
23 3 5
24 3 5
25 3 1
26 3 1
27 3 1
28 3 1
29 3 1
30 3 1
31 3 1
32 3 1
33 3 1
34 3 1
35 3 1
36 3 1
37 3 1
15 4 5
16 4 5
17 4 5
18 4 5
19 4 5
20 4 5
21 4 5
22 4 5
23 4 5
24 4 5
25 4 1
26 4 1
27 4 1
28 4 1
29 4 1
30 4 1
31 4 1
32 4 1
33 4 1
34 4 1
35 4 1
36 4 1
15 5 5
16 5 5
17 5 5
18 5 5
19 5 5
20 5 5
21 5 5
22 5 5
23 5 5
24 5 5
25 5 1
26 5 1
27 5 1
28 5 1
29 5 1
30 5 1
31 5 1
32 5 1
33 5 1
34 5 1
35 5 1
14 6 5
15 6 5
16 6 5
17 6 5
18 6 5
19 6 5
20 6 5
21 6 5
22 6 5
23 6 5
24 6 5
25 6 1
26 6 1
27 6 1
28 6 1
29 6 1
30 6 1
31 6 1
32 6 1
33 6 1
34 6 1
13 7 5
14 7 5
15 7 5
16 7 5
17 7 5
18 7 5
19 7 5
20 7 5
21 7 5
22 7 5
23 7 5
24 7 5
25 7 1
26 7 1
27 7 1
28 7 1
29 7 1
30 7 1
31 7 1
32 7 1
33 7 1
12 8 5
13 8 5
14 8 5
15 8 5
16 8 5
17 8 5
18 8 5
19 8 5
20 8 5
21 8 5
22 8 5
23 8 5
24 8 5
25 8 1
26 8 1
27 8 1
28 8 1
29 8 1
30 8 1
31 8 1
32 8 1
11 9 5
12 9 5
13 9 5
14 9 5
15 9 5
16 9 5
17 9 5
18 9 5
19 9 5
20 9 5
21 9 5
22 9 5
23 9 5
24 9 5
25 9 1
26 9 1
27 9 1
28 9 1
29 9 1
30 9 1
31 9 1
10 10 4
11 10 5
12 10 5
13 10 5
14 10 5
15 10 5
16 10 5
17 10 5
18 10 5
19 10 5
20 10 5
21 10 5
22 10 5
23 10 5
24 10 1
25 10 1
26 10 1
27 10 1
28 10 1
29 10 1
30 10 1
31 10 1
8 11 4
9 11 4
10 11 4
11 11 5
12 11 5
13 11 5
14 11 5
15 11 5
16 11 5
17 11 5
18 11 5
19 11 5
20 11 5
21 11 5
22 11 5
23 11 5
24 11 1
25 11 1
26 11 1
27 11 1
28 11 1
29 11 1
30 11 1
8 12 4
9 12 4
10 12 4
11 12 4
12 12 4
13 12 4
14 12 5
15 12 5
16 12 5
17 12 5
18 12 5
19 12 5
20 12 5
21 12 5
22 12 5
23 12 5
24 12 1
25 12 1
26 12 1
27 12 1
28 12 1
29 12 1
7 13 4
8 13 4
9 13 4
10 13 4
11 13 4
12 13 4
13 13 4
14 13 3
15 13 3
16 13 3
17 13 3
18 13 3
19 13 3
20 13 3
21 13 3
22 13 3
23 13 3
24 13 3
25 13 3
26 13 1
27 13 1
28 13 1
7 14 4
8 14 4
9 14 4
10 14 4
11 14 4
12 14 4
13 14 4
14 14 3
15 14 3
16 14 3
17 14 3
18 14 3
19 14 3
20 14 3
21 14 3
22 14 3
23 14 3
24 14 3
25 14 3
26 14 3
27 14 1
6 15 4
7 15 4
8 15 4
9 15 4
10 15 4
11 15 4
12 15 4
13 15 4
14 15 3
15 15 3
16 15 3
17 15 3
18 15 3
19 15 3
20 15 3
21 15 3
22 15 3
23 15 3
24 15 3
25 15 3
26 15 3
6 16 4
7 16 4
8 16 4
9 16 4
10 16 4
11 16 4
12 16 4
13 16 4
14 16 3
15 16 3
16 16 3
17 16 3
18 16 3
19 16 3
20 16 3
21 16 3
22 16 3
23 16 3
24 16 3
25 16 3
5 17 4
6 17 4
7 17 4
8 17 4
9 17 4
10 17 4
11 17 4
12 17 4
13 17 4
14 17 3
15 17 3
16 17 3
17 17 3
18 17 3
19 17 3
20 17 3
21 17 3
22 17 3
23 17 3
24 17 3
5 18 4
6 18 4
7 18 4
8 18 4
9 18 4
10 18 4
11 18 4
12 18 4
13 18 4
14 18 3
15 18 3
16 18 3
17 18 3
18 18 3
19 18 3
20 18 3
21 18 3
22 18 3
23 18 3
5 19 4
6 19 4
7 19 4
8 19 4
9 19 4
10 19 4
11 19 4
12 19 4
13 19 4
14 19 3
15 19 3
16 19 3
17 19 3
18 19 3
19 19 3
20 19 3
21 19 3
22 19 3
4 20 4
5 20 4
6 20 4
7 20 4
8 20 4
9 20 4
10 20 4
11 20 4
12 20 4
13 20 4
14 20 3
15 20 3
16 20 3
17 20 3
18 20 3
19 20 3
20 20 3
21 20 3
4 21 4
5 21 4
6 21 4
7 21 4
8 21 4
9 21 4
10 21 4
11 21 4
12 21 4
13 21 4
14 21 3
15 21 3
16 21 3
17 21 3
18 21 3
19 21 3
20 21 3
3 22 4
4 22 4
5 22 4
6 22 4
7 22 4
8 22 4
9 22 4
10 22 4
11 22 4
12 22 4
13 22 4
14 22 3
15 22 3
16 22 3
17 22 3
18 22 3
19 22 3
3 23 4
4 23 4
5 23 4
6 23 4
7 23 4
8 23 4
9 23 4
10 23 4
11 23 4
12 23 4
13 23 4
14 23 3
15 23 3
16 23 3
17 23 3
18 23 3
3 24 2
4 24 2
5 24 2
6 24 2
7 24 2
8 24 2
9 24 2
10 24 2
11 24 2
12 24 2
13 24 2
14 24 2
15 24 2
16 24 3
17 24 3
2 25 2
3 25 2
4 25 2
5 25 2
6 25 2
7 25 2
8 25 2
9 25 2
10 25 2
11 25 2
12 25 2
13 25 2
14 25 2
15 25 2
16 25 3
2 26 2
3 26 2
4 26 2
5 26 2
6 26 2
7 26 2
8 26 2
9 26 2
10 26 2
11 26 2
12 26 2
13 26 2
14 26 2
15 26 2
1 27 2
2 27 2
3 27 2
4 27 2
5 27 2
6 27 2
7 27 2
8 27 2
9 27 2
10 27 2
11 27 2
12 27 2
13 27 2
14 27 2
1 28 2
2 28 2
3 28 2
4 28 2
5 28 2
6 28 2
7 28 2
8 28 2
9 28 2
10 28 2
11 28 2
12 28 2
13 28 2
1 29 2
2 29 2
3 29 2
4 29 2
5 29 2
6 29 2
7 29 2
8 29 2
9 29 2
10 29 2
11 29 2
12 29 2
1 30 2
2 30 2
3 30 2
4 30 2
5 30 2
6 30 2
7 30 2
8 30 2
9 30 2
10 30 2
11 30 2
3 31 2
4 31 2
5 31 2
6 31 2
7 31 2
8 31 2
9 31 2
10 31 2
4 32 2
5 32 2
6 32 2
7 32 2
8 32 2
9 32 2
6 33 2
7 33 2
8 33 2
7 34 2
