53 51 1417
5 1 2
6 1 2
7 1 2
8 1 2
9 1 2
10 1 2
11 1 2
12 1 2
13 1 2
14 1 2
15 1 2
16 1 11
17 1 11
18 1 11
19 1 11
20 1 11
21 1 11
22 1 11
23 1 11
24 1 11
25 1 11
26 1 11
27 1 11
28 1 5
29 1 5
30 1 5
31 1 5
32 1 5
33 1 5
34 1 5
35 1 5
36 1 5
37 1 5
38 1 5
39 1 1
40 1 1
41 1 1
42 1 1
43 1 1
44 1 1
45 1 1
46 1 1
47 1 1
48 1 1
49 1 1
50 1 1
51 1 1
52 1 1
5 2 2
6 2 2
7 2 2
8 2 2
9 2 2
10 2 2
11 2 2
12 2 2
13 2 2
14 2 2
15 2 2
16 2 11
17 2 11
18 2 11
19 2 11
20 2 11
21 2 11
22 2 11
23 2 11
24 2 11
25 2 11
26 2 11
27 2 11
28 2 5
29 2 5
30 2 5
31 2 5
32 2 5
33 2 5
34 2 5
35 2 5
36 2 5
37 2 5
38 2 5
39 2 1
40 2 1
41 2 1
42 2 1
43 2 1
44 2 1
45 2 1
46 2 1
47 2 1
48 2 1
49 2 1
50 2 1
51 2 1
52 2 1
5 3 2
6 3 2
7 3 2
8 3 2
9 3 2
10 3 2
11 3 2
12 3 2
13 3 2
14 3 2
15 3 2
16 3 11
17 3 11
18 3 11
19 3 11
20 3 11
21 3 11
22 3 11
23 3 11
24 3 11
25 3 11
26 3 11
27 3 11
28 3 5
29 3 5
30 3 5
31 3 5
32 3 5
33 3 5
34 3 5
35 3 5
36 3 5
37 3 5
38 3 5
39 3 1
40 3 1
41 3 1
42 3 1
43 3 1
44 3 1
45 3 1
46 3 1
47 3 1
48 3 1
49 3 1
50 3 1
51 3 1
52 3 1
5 4 2
6 4 2
7 4 2
8 4 2
9 4 2
10 4 2
11 4 2
12 4 2
13 4 2
14 4 2
15 4 2
16 4 11
17 4 11
18 4 11
19 4 11
20 4 11
21 4 11
22 4 11
23 4 11
24 4 11
25 4 11
26 4 11
27 4 11
28 4 5
29 4 5
30 4 5
31 4 5
32 4 5
33 4 5
34 4 5
35 4 5
36 4 5
37 4 5
38 4 5
39 4 1
40 4 1
41 4 1
42 4 1
43 4 1
44 4 1
45 4 1
46 4 1
47 4 1
48 4 1
49 4 1
50 4 1
51 4 1
5 5 2
6 5 2
7 5 2
8 5 2
9 5 2
10 5 2
11 5 2
12 5 2
13 5 2
14 5 2
15 5 2
16 5 11
17 5 11
18 5 11
19 5 11
20 5 11
21 5 11
22 5 11
23 5 11
24 5 11
25 5 11
26 5 11
27 5 11
28 5 5
29 5 5
30 5 5
31 5 5
32 5 5
33 5 5
34 5 5
35 5 5
36 5 5
37 5 5
38 5 5
39 5 1
40 5 1
41 5 1
42 5 1
43 5 1
44 5 1
45 5 1
46 5 1
47 5 1
48 5 1
49 5 1
50 5 1
5 6 2
6 6 2
7 6 2
8 6 2
9 6 2
10 6 2
11 6 2
12 6 2
13 6 2
14 6 2
15 6 2
16 6 11
17 6 11
18 6 11
19 6 11
20 6 11
21 6 11
22 6 11
23 6 11
24 6 11
25 6 11
26 6 11
27 6 11
28 6 5
29 6 5
30 6 5
31 6 5
32 6 5
33 6 5
34 6 5
35 6 5
36 6 5
37 6 5
38 6 5
39 6 1
40 6 1
41 6 1
42 6 1
43 6 1
44 6 1
45 6 1
46 6 1
47 6 1
48 6 1
49 6 1
5 7 2
6 7 2
7 7 2
8 7 2
9 7 2
10 7 2
11 7 2
12 7 2
13 7 2
14 7 2
15 7 2
16 7 11
17 7 11
18 7 11
19 7 11
20 7 11
21 7 11
22 7 11
23 7 11
24 7 11
25 7 11
26 7 11
27 7 11
28 7 5
29 7 5
30 7 5
31 7 5
32 7 5
33 7 5
34 7 5
35 7 5
36 7 5
37 7 5
38 7 5
39 7 1
40 7 1
41 7 1
42 7 1
43 7 1
44 7 1
45 7 1
46 7 1
47 7 1
48 7 1
4 8 2
5 8 2
6 8 2
7 8 2
8 8 2
9 8 2
10 8 2
11 8 2
12 8 2
13 8 2
14 8 2
15 8 2
16 8 11
17 8 11
18 8 11
19 8 11
20 8 11
21 8 11
22 8 11
23 8 11
24 8 11
25 8 11
26 8 11
27 8 11
28 8 5
29 8 5
30 8 5
31 8 5
32 8 5
33 8 5
34 8 5
35 8 5
36 8 5
37 8 5
38 8 5
39 8 1
40 8 1
41 8 1
42 8 1
43 8 1
44 8 1
45 8 1
46 8 1
47 8 1
4 9 2
5 9 2
6 9 2
7 9 2
8 9 2
9 9 2
10 9 2
11 9 2
12 9 2
13 9 2
14 9 2
15 9 2
16 9 11
17 9 11
18 9 11
19 9 11
20 9 11
21 9 11
22 9 11
23 9 11
24 9 11
25 9 11
26 9 11
27 9 11
28 9 5
29 9 5
30 9 5
31 9 5
32 9 5
33 9 5
34 9 5
35 9 5
36 9 5
37 9 5
38 9 5
39 9 1
40 9 1
41 9 1
42 9 1
43 9 1
44 9 1
45 9 1
46 9 1
4 10 2
5 10 2
6 10 2
7 10 2
8 10 2
9 10 2
10 10 2
11 10 2
12 10 10
13 10 10
14 10 10
15 10 10
16 10 11
17 10 3
18 10 3
19 10 3
20 10 3
21 10 3
22 10 3
23 10 3
24 10 3
25 10 3
26 10 3
27 10 3
28 10 5
29 10 5
30 10 5
31 10 5
32 10 5
33 10 5
34 10 5
35 10 5
36 10 5
37 10 5
38 10 9
39 10 9
40 10 9
41 10 9
42 10 1
43 10 1
44 10 1
45 10 1
4 11 10
5 11 10
6 11 10
7 11 10
8 11 10
9 11 10
10 11 10
11 11 10
12 11 10
13 11 10
14 11 10
15 11 10
16 11 10
17 11 3
18 11 3
19 11 3
20 11 3
21 11 3
22 11 3
23 11 3
24 11 3
25 11 3
26 11 3
27 11 3
28 11 3
29 11 3
30 11 9
31 11 9
32 11 9
33 11 9
34 11 9
35 11 9
36 11 9
37 11 9
38 11 9
39 11 9
40 11 9
41 11 9
42 11 9
43 11 9
44 11 9
4 12 10
5 12 10
6 12 10
7 12 10
8 12 10
9 12 10
10 12 10
11 12 10
12 12 10
13 12 10
14 12 10
15 12 10
16 12 10
17 12 3
18 12 3
19 12 3
20 12 3
21 12 3
22 12 3
23 12 3
24 12 3
25 12 3
26 12 3
27 12 3
28 12 3
29 12 3
30 12 9
31 12 9
32 12 9
33 12 9
34 12 9
35 12 9
36 12 9
37 12 9
38 12 9
39 12 9
40 12 9
41 12 9
42 12 9
43 12 9
4 13 10
5 13 10
6 13 10
7 13 10
8 13 10
9 13 10
10 13 10
11 13 10
12 13 10
13 13 10
14 13 10
15 13 10
16 13 10
17 13 3
18 13 3
19 13 3
20 13 3
21 13 3
22 13 3
23 13 3
24 13 3
25 13 3
26 13 3
27 13 3
28 13 3
29 13 3
30 13 9
31 13 9
32 13 9
33 13 9
34 13 9
35 13 9
36 13 9
37 13 9
38 13 9
39 13 9
40 13 9
41 13 9
42 13 9
43 13 9
4 14 10
5 14 10
6 14 10
7 14 10
8 14 10
9 14 10
10 14 10
11 14 10
12 14 10
13 14 10
14 14 10
15 14 10
16 14 10
17 14 3
18 14 3
19 14 3
20 14 3
21 14 3
22 14 3
23 14 3
24 14 3
25 14 3
26 14 3
27 14 3
28 14 3
29 14 3
30 14 9
31 14 9
32 14 9
33 14 9
34 14 9
35 14 9
36 14 9
37 14 9
38 14 9
39 14 9
40 14 9
41 14 9
42 14 9
3 15 10
4 15 10
5 15 10
6 15 10
7 15 10
8 15 10
9 15 10
10 15 10
11 15 10
12 15 10
13 15 10
14 15 10
15 15 10
16 15 10
17 15 3
18 15 3
19 15 3
20 15 3
21 15 3
22 15 3
23 15 3
24 15 3
25 15 3
26 15 3
27 15 3
28 15 3
29 15 3
30 15 9
31 15 9
32 15 9
33 15 9
34 15 9
35 15 9
36 15 9
37 15 9
38 15 9
39 15 9
40 15 9
41 15 9
3 16 10
4 16 10
5 16 10
6 16 10
7 16 10
8 16 10
9 16 10
10 16 10
11 16 10
12 16 10
13 16 10
14 16 10
15 16 10
16 16 10
17 16 3
18 16 3
19 16 3
20 16 3
21 16 3
22 16 3
23 16 3
24 16 3
25 16 3
26 16 3
27 16 3
28 16 3
29 16 3
30 16 9
31 16 9
32 16 9
33 16 9
34 16 9
35 16 9
36 16 9
37 16 9
38 16 9
39 16 9
40 16 9
3 17 10
4 17 10
5 17 10
6 17 10
7 17 10
8 17 10
9 17 10
10 17 10
11 17 10
12 17 10
13 17 10
14 17 10
15 17 10
16 17 10
17 17 3
18 17 3
19 17 3
20 17 3
21 17 3
22 17 3
23 17 3
24 17 3
25 17 3
26 17 3
27 17 3
28 17 3
29 17 3
30 17 9
31 17 9
32 17 9
33 17 9
34 17 9
35 17 9
36 17 9
37 17 9
38 17 9
39 17 9
3 18 10
4 18 10
5 18 10
6 18 10
7 18 10
8 18 10
9 18 10
10 18 10
11 18 10
12 18 10
13 18 10
14 18 12
15 18 12
16 18 12
17 18 12
18 18 12
19 18 12
20 18 12
21 18 12
22 18 12
23 18 3
24 18 3
25 18 3
26 18 3
27 18 3
28 18 3
29 18 3
30 18 9
31 18 9
32 18 9
33 18 9
34 18 9
35 18 9
36 18 9
37 18 9
38 18 9
3 19 6
4 19 6
5 19 6
6 19 6
7 19 6
8 19 6
9 19 6
10 19 6
11 19 6
12 19 6
13 19 6
14 19 12
15 19 12
16 19 12
17 19 12
18 19 12
19 19 12
20 19 12
21 19 12
22 19 12
23 19 12
24 19 13
25 19 13
26 19 13
27 19 13
28 19 13
29 19 13
30 19 13
31 19 13
32 19 13
33 19 9
34 19 9
35 19 9
36 19 9
37 19 9
3 20 6
4 20 6
5 20 6
6 20 6
7 20 6
8 20 6
9 20 6
10 20 6
11 20 6
12 20 6
13 20 12
14 20 12
15 20 12
16 20 12
17 20 12
18 20 12
19 20 12
20 20 12
21 20 12
22 20 12
23 20 13
24 20 13
25 20 13
26 20 13
27 20 13
28 20 13
29 20 13
30 20 13
31 20 13
32 20 13
33 20 13
34 20 13
35 20 9
36 20 9
3 21 6
4 21 6
5 21 6
6 21 6
7 21 6
8 21 6
9 21 6
10 21 6
11 21 6
12 21 6
13 21 12
14 21 12
15 21 12
16 21 12
17 21 12
18 21 12
19 21 12
20 21 12
21 21 12
22 21 12
23 21 13
24 21 13
25 21 13
26 21 13
27 21 13
28 21 13
29 21 13
30 21 13
31 21 13
32 21 13
33 21 13
34 21 13
35 21 13
2 22 6
3 22 6
4 22 6
5 22 6
6 22 6
7 22 6
8 22 6
9 22 6
10 22 6
11 22 6
12 22 6
13 22 12
14 22 12
15 22 12
16 22 12
17 22 12
18 22 12
19 22 12
20 22 12
21 22 12
22 22 12
23 22 13
24 22 13
25 22 13
26 22 13
27 22 13
28 22 13
29 22 13
30 22 13
31 22 13
32 22 13
33 22 13
34 22 13
2 23 6
3 23 6
4 23 6
5 23 6
6 23 6
7 23 6
8 23 6
9 23 6
10 23 6
11 23 6
12 23 6
13 23 12
14 23 12
15 23 12
16 23 12
17 23 12
18 23 12
19 23 12
20 23 12
21 23 12
22 23 12
23 23 13
24 23 13
25 23 13
26 23 13
27 23 13
28 23 13
29 23 13
30 23 13
31 23 13
32 23 13
33 23 13
34 23 13
2 24 6
3 24 6
4 24 6
5 24 6
6 24 6
7 24 6
8 24 6
9 24 6
10 24 6
11 24 6
12 24 6
13 24 12
14 24 12
15 24 12
16 24 12
17 24 12
18 24 12
19 24 12
20 24 12
21 24 12
22 24 12
23 24 13
24 24 13
25 24 13
26 24 13
27 24 13
28 24 13
29 24 13
30 24 13
31 24 13
32 24 13
33 24 13
2 25 6
3 25 6
4 25 6
5 25 6
6 25 6
7 25 6
8 25 6
9 25 6
10 25 6
11 25 6
12 25 6
13 25 12
14 25 12
15 25 12
16 25 12
17 25 12
18 25 12
19 25 12
20 25 12
21 25 12
22 25 12
23 25 13
24 25 13
25 25 13
26 25 13
27 25 13
28 25 13
29 25 13
30 25 13
31 25 13
32 25 13
2 26 6
3 26 6
4 26 6
5 26 6
6 26 6
7 26 6
8 26 6
9 26 6
10 26 6
11 26 6
12 26 6
13 26 12
14 26 12
15 26 12
16 26 12
17 26 12
18 26 12
19 26 12
20 26 12
21 26 12
22 26 12
23 26 13
24 26 13
25 26 13
26 26 13
27 26 13
28 26 13
29 26 13
30 26 13
31 26 13
2 27 6
3 27 6
4 27 6
5 27 6
6 27 6
7 27 6
8 27 6
9 27 6
10 27 6
11 27 6
12 27 6
13 27 12
14 27 12
15 27 12
16 27 12
17 27 12
18 27 12
19 27 12
20 27 12
21 27 12
22 27 12
23 27 13
24 27 13
25 27 13
26 27 13
27 27 13
28 27 13
29 27 13
30 27 13
1 28 6
2 28 6
3 28 6
4 28 6
5 28 6
6 28 6
7 28 6
8 28 6
9 28 6
10 28 6
11 28 6
12 28 6
13 28 12
14 28 12
15 28 12
16 28 12
17 28 12
18 28 12
19 28 12
20 28 12
21 28 12
22 28 12
23 28 13
24 28 13
25 28 13
26 28 13
27 28 13
28 28 13
29 28 13
2 29 8
3 29 8
4 29 8
5 29 8
6 29 8
7 29 8
8 29 8
9 29 8
10 29 8
11 29 8
12 29 8
13 29 8
14 29 8
15 29 7
16 29 7
17 29 7
18 29 7
19 29 7
20 29 7
21 29 7
22 29 7
23 29 7
24 29 7
25 29 7
26 29 13
27 29 13
28 29 13
2 30 8
3 30 8
4 30 8
5 30 8
6 30 8
7 30 8
8 30 8
9 30 8
10 30 8
11 30 8
12 30 8
13 30 8
14 30 8
15 30 7
16 30 7
17 30 7
18 30 7
19 30 7
20 30 7
21 30 7
22 30 7
23 30 7
24 30 7
25 30 7
26 30 13
27 30 13
2 31 8
3 31 8
4 31 8
5 31 8
6 31 8
7 31 8
8 31 8
9 31 8
10 31 8
11 31 8
12 31 8
13 31 8
14 31 8
15 31 7
16 31 7
17 31 7
18 31 7
19 31 7
20 31 7
21 31 7
22 31 7
23 31 7
24 31 7
25 31 7
26 31 13
2 32 8
3 32 8
4 32 8
5 32 8
6 32 8
7 32 8
8 32 8
9 32 8
10 32 8
11 32 8
12 32 8
13 32 8
14 32 8
15 32 7
16 32 7
17 32 7
18 32 7
19 32 7
20 32 7
21 32 7
22 32 7
23 32 7
24 32 7
25 32 7
3 33 8
4 33 8
5 33 8
6 33 8
7 33 8
8 33 8
9 33 8
10 33 8
11 33 8
12 33 8
13 33 8
14 33 8
15 33 7
16 33 7
17 33 7
18 33 7
19 33 7
20 33 7
21 33 7
22 33 7
23 33 7
24 33 7
25 33 7
3 34 8
4 34 8
5 34 8
6 34 8
7 34 8
8 34 8
9 34 8
10 34 8
11 34 8
12 34 8
13 34 8
14 34 8
15 34 7
16 34 7
17 34 7
18 34 7
19 34 7
20 34 7
21 34 7
22 34 7
23 34 7
24 34 7
3 35 8
4 35 8
5 35 8
6 35 8
7 35 8
8 35 8
9 35 8
10 35 8
11 35 8
12 35 8
13 35 8
14 35 8
15 35 7
16 35 7
17 35 7
18 35 7
19 35 7
20 35 7
21 35 7
22 35 7
23 35 7
3 36 8
4 36 8
5 36 8
6 36 8
7 36 8
8 36 8
9 36 8
10 36 8
11 36 8
12 36 8
13 36 8
14 36 7
15 36 7
16 36 7
17 36 7
18 36 7
19 36 7
20 36 7
21 36 7
22 36 7
4 37 8
5 37 8
6 37 8
7 37 8
8 37 8
9 37 8
10 37 8
11 37 8
12 37 8
13 37 8
14 37 7
15 37 7
16 37 7
17 37 7
18 37 7
19 37 7
20 37 7
21 37 7
4 38 4
5 38 4
6 38 4
7 38 4
8 38 4
9 38 4
10 38 4
11 38 4
12 38 4
13 38 4
14 38 7
15 38 7
16 38 7
17 38 7
18 38 7
19 38 7
20 38 7
4 39 4
5 39 4
6 39 4
7 39 4
8 39 4
9 39 4
10 39 4
11 39 4
12 39 4
13 39 4
14 39 7
15 39 7
16 39 7
17 39 7
18 39 7
19 39 7
4 40 4
5 40 4
6 40 4
7 40 4
8 40 4
9 40 4
10 40 4
11 40 4
12 40 4
13 40 4
14 40 4
15 40 4
16 40 7
17 40 7
18 40 7
5 41 4
6 41 4
7 41 4
8 41 4
9 41 4
10 41 4
11 41 4
12 41 4
13 41 4
14 41 4
15 41 4
16 41 7
17 41 7
5 42 4
6 42 4
7 42 4
8 42 4
9 42 4
10 42 4
11 42 4
12 42 4
13 42 4
14 42 4
15 42 4
16 42 4
5 43 4
6 43 4
7 43 4
8 43 4
9 43 4
10 43 4
11 43 4
12 43 4
13 43 4
14 43 4
15 43 4
16 43 4
5 44 4
6 44 4
7 44 4
8 44 4
9 44 4
10 44 4
11 44 4
12 44 4
13 44 4
14 44 4
15 44 4
6 45 4
7 45 4
8 45 4
9 45 4
10 45 4
11 45 4
12 45 4
13 45 4
14 45 4
6 46 4
7 46 4
8 46 4
9 46 4
10 46 4
11 46 4
12 46 4
13 46 4
6 47 4
7 47 4
8 47 4
9 47 4
10 47 4
11 47 4
12 47 4
7 48 4
8 48 4
9 48 4
10 48 4
8 49 4
9 49 4
8 50 4
