61 70 2834
1 8 26
1 9 26
1 10 26
1 11 26
1 12 26
1 13 26
1 14 26
1 15 26
1 16 26
1 17 4
1 18 4
1 19 4
1 20 4
1 21 4
1 22 4
1 23 4
1 24 4
1 25 4
1 26 4
2 8 26
2 9 26
2 10 26
2 11 26
2 12 26
2 13 26
2 14 26
2 15 26
2 16 26
2 17 26
2 18 4
2 19 4
2 20 4
2 21 4
2 22 4
2 23 4
2 24 4
2 25 4
2 26 4
2 27 1
2 28 1
2 29 1
2 30 1
2 31 1
2 32 1
2 33 1
2 34 1
2 35 1
2 36 1
2 37 1
2 38 3
2 39 3
2 40 3
2 41 3
2 42 3
3 9 26
3 10 26
3 11 26
3 12 26
3 13 26
3 14 26
3 15 26
3 16 26
3 17 26
3 18 4
3 19 4
3 20 4
3 21 4
3 22 4
3 23 4
3 24 4
3 25 4
3 26 4
3 27 1
3 28 1
3 29 1
3 30 1
3 31 1
3 32 1
3 33 1
3 34 1
3 35 1
3 36 1
3 37 1
3 38 3
3 39 3
3 40 3
3 41 3
3 42 3
3 43 3
3 44 3
3 45 3
3 46 3
3 47 3
3 48 3
3 49 10
3 50 10
3 51 10
3 52 10
3 53 10
3 54 10
3 55 10
4 9 26
4 10 26
4 11 26
4 12 26
4 13 26
4 14 26
4 15 26
4 16 26
4 17 26
4 18 4
4 19 4
4 20 4
4 21 4
4 22 4
4 23 4
4 24 4
4 25 4
4 26 4
4 27 1
4 28 1
4 29 1
4 30 1
4 31 1
4 32 1
4 33 1
4 34 1
4 35 1
4 36 1
4 37 1
4 38 3
4 39 3
4 40 3
4 41 3
4 42 3
4 43 3
4 44 3
4 45 3
4 46 3
4 47 3
4 48 3
4 49 10
4 50 10
4 51 10
4 52 10
4 53 10
4 54 10
4 55 10
4 56 10
4 57 10
4 58 10
4 59 10
4 60 10
4 61 10
4 62 10
4 63 10
4 64 22
4 65 22
4 66 22
4 67 22
4 68 22
4 69 22
5 9 26
5 10 26
5 11 26
5 12 26
5 13 26
5 14 26
5 15 26
5 16 26
5 17 26
5 18 4
5 19 4
5 20 4
5 21 4
5 22 4
5 23 4
5 24 4
5 25 4
5 26 4
5 27 1
5 28 1
5 29 1
5 30 1
5 31 1
5 32 1
5 33 1
5 34 1
5 35 1
5 36 1
5 37 3
5 38 3
5 39 3
5 40 3
5 41 3
5 42 3
5 43 3
5 44 3
5 45 3
5 46 3
5 47 3
5 48 3
5 49 10
5 50 10
5 51 10
5 52 10
5 53 10
5 54 10
5 55 10
5 56 10
5 57 10
5 58 10
5 59 10
5 60 10
5 61 10
5 62 10
5 63 10
5 64 22
5 65 22
5 66 22
5 67 22
5 68 22
6 8 26
6 9 26
6 10 26
6 11 26
6 12 26
6 13 26
6 14 26
6 15 26
6 16 26
6 17 26
6 18 4
6 19 4
6 20 4
6 21 4
6 22 4
6 23 4
6 24 4
6 25 4
6 26 4
6 27 1
6 28 1
6 29 1
6 30 1
6 31 1
6 32 1
6 33 1
6 34 1
6 35 1
6 36 1
6 37 3
6 38 3
6 39 3
6 40 3
6 41 3
6 42 3
6 43 3
6 44 3
6 45 3
6 46 3
6 47 3
6 48 3
6 49 10
6 50 10
6 51 10
6 52 10
6 53 10
6 54 10
6 55 10
6 56 10
6 57 10
6 58 10
6 59 10
6 60 10
6 61 10
6 62 10
6 63 10
6 64 22
6 65 22
6 66 22
6 67 22
6 68 22
7 8 26
7 9 26
7 10 26
7 11 26
7 12 26
7 13 26
7 14 26
7 15 26
7 16 26
7 17 26
7 18 4
7 19 4
7 20 4
7 21 4
7 22 4
7 23 4
7 24 4
7 25 4
7 26 4
7 27 1
7 28 1
7 29 1
7 30 1
7 31 1
7 32 1
7 33 1
7 34 1
7 35 1
7 36 1
7 37 3
7 38 3
7 39 3
7 40 3
7 41 3
7 42 3
7 43 3
7 44 3
7 45 3
7 46 3
7 47 3
7 48 3
7 49 10
7 50 10
7 51 10
7 52 10
7 53 10
7 54 10
7 55 10
7 56 10
7 57 10
7 58 10
7 59 10
7 60 10
7 61 10
7 62 10
7 63 10
7 64 22
7 65 22
7 66 22
7 67 22
7 68 22
8 8 26
8 9 26
8 10 26
8 11 26
8 12 26
8 13 26
8 14 26
8 15 26
8 16 26
8 17 26
8 18 4
8 19 4
8 20 4
8 21 4
8 22 4
8 23 4
8 24 4
8 25 4
8 26 4
8 27 1
8 28 1
8 29 1
8 30 1
8 31 1
8 32 1
8 33 1
8 34 1
8 35 1
8 36 1
8 37 3
8 38 3
8 39 3
8 40 3
8 41 3
8 42 3
8 43 3
8 44 3
8 45 3
8 46 3
8 47 3
8 48 3
8 49 10
8 50 10
8 51 10
8 52 10
8 53 10
8 54 10
8 55 10
8 56 10
8 57 10
8 58 10
8 59 10
8 60 10
8 61 10
8 62 10
8 63 22
8 64 22
8 65 22
8 66 22
8 67 22
8 68 22
9 8 26
9 9 26
9 10 26
9 11 26
9 12 26
9 13 26
9 14 26
9 15 26
9 16 26
9 17 26
9 18 4
9 19 4
9 20 4
9 21 4
9 22 4
9 23 4
9 24 4
9 25 4
9 26 4
9 27 1
9 28 1
9 29 1
9 30 1
9 31 1
9 32 1
9 33 1
9 34 1
9 35 1
9 36 1
9 37 3
9 38 3
9 39 3
9 40 3
9 41 3
9 42 3
9 43 3
9 44 3
9 45 3
9 46 3
9 47 3
9 48 3
9 49 10
9 50 10
9 51 10
9 52 10
9 53 10
9 54 10
9 55 10
9 56 10
9 57 10
9 58 10
9 59 10
9 60 10
9 61 10
9 62 10
9 63 22
9 64 22
9 65 22
9 66 22
9 67 22
9 68 22
10 8 26
10 9 26
10 10 26
10 11 26
10 12 26
10 13 26
10 14 26
10 15 26
10 16 26
10 17 26
10 18 4
10 19 4
10 20 4
10 21 4
10 22 4
10 23 4
10 24 4
10 25 4
10 26 4
10 27 1
10 28 1
10 29 1
10 30 1
10 31 1
10 32 1
10 33 1
10 34 1
10 35 1
10 36 1
10 37 3
10 38 3
10 39 3
10 40 3
10 41 3
10 42 3
10 43 3
10 44 3
10 45 3
10 46 3
10 47 3
10 48 3
10 49 10
10 50 10
10 51 10
10 52 10
10 53 10
10 54 10
10 55 10
10 56 10
10 57 10
10 58 10
10 59 10
10 60 10
10 61 10
10 62 10
10 63 22
10 64 22
10 65 22
10 66 22
10 67 22
10 68 22
11 8 26
11 9 26
11 10 26
11 11 26
11 12 26
11 13 26
11 14 26
11 15 26
11 16 26
11 17 26
11 18 4
11 19 4
11 20 4
11 21 4
11 22 4
11 23 4
11 24 4
11 25 4
11 26 4
11 27 1
11 28 1
11 29 1
11 30 1
11 31 1
11 32 1
11 33 1
11 34 1
11 35 1
11 36 1
11 37 3
11 38 3
11 39 3
11 40 3
11 41 3
11 42 3
11 43 3
11 44 3
11 45 3
11 46 3
11 47 13
11 48 13
11 49 13
11 50 19
11 51 19
11 52 19
11 53 19
11 54 19
11 55 19
11 56 19
11 57 19
11 58 19
11 59 22
11 60 22
11 61 22
11 62 22
11 63 22
11 64 22
11 65 22
11 66 22
11 67 22
11 68 22
12 7 21
12 8 21
12 9 21
12 10 21
12 11 21
12 12 21
12 13 21
12 14 21
12 15 26
12 16 26
12 17 26
12 18 4
12 19 4
12 20 4
12 21 4
12 22 4
12 23 4
12 24 4
12 25 4
12 26 4
12 27 1
12 28 1
12 29 1
12 30 1
12 31 1
12 32 1
12 33 6
12 34 6
12 35 6
12 36 6
12 37 6
12 38 6
12 39 6
12 40 6
12 41 13
12 42 13
12 43 13
12 44 13
12 45 13
12 46 13
12 47 13
12 48 13
12 49 13
12 50 19
12 51 19
12 52 19
12 53 19
12 54 19
12 55 19
12 56 19
12 57 19
12 58 19
12 59 22
12 60 22
12 61 22
12 62 22
12 63 22
12 64 22
12 65 22
12 66 22
12 67 22
12 68 22
13 7 21
13 8 21
13 9 21
13 10 21
13 11 21
13 12 21
13 13 21
13 14 21
13 15 25
13 16 25
13 17 25
13 18 25
13 19 25
13 20 25
13 21 25
13 22 25
13 23 25
13 24 25
13 25 8
13 26 8
13 27 8
13 28 8
13 29 8
13 30 8
13 31 8
13 32 8
13 33 6
13 34 6
13 35 6
13 36 6
13 37 6
13 38 6
13 39 6
13 40 6
13 41 13
13 42 13
13 43 13
13 44 13
13 45 13
13 46 13
13 47 13
13 48 13
13 49 13
13 50 19
13 51 19
13 52 19
13 53 19
13 54 19
13 55 19
13 56 19
13 57 19
13 58 19
13 59 22
13 60 22
13 61 22
13 62 22
13 63 22
13 64 22
13 65 22
13 66 22
13 67 22
13 68 22
14 7 21
14 8 21
14 9 21
14 10 21
14 11 21
14 12 21
14 13 21
14 14 21
14 15 25
14 16 25
14 17 25
14 18 25
14 19 25
14 20 25
14 21 25
14 22 25
14 23 25
14 24 25
14 25 8
14 26 8
14 27 8
14 28 8
14 29 8
14 30 8
14 31 8
14 32 8
14 33 6
14 34 6
14 35 6
14 36 6
14 37 6
14 38 6
14 39 6
14 40 6
14 41 13
14 42 13
14 43 13
14 44 13
14 45 13
14 46 13
14 47 13
14 48 13
14 49 13
14 50 19
14 51 19
14 52 19
14 53 19
14 54 19
14 55 19
14 56 19
14 57 19
14 58 19
14 59 22
14 60 22
14 61 22
14 62 22
14 63 22
14 64 22
14 65 22
14 66 22
14 67 22
14 68 22
15 7 21
15 8 21
15 9 21
15 10 21
15 11 21
15 12 21
15 13 21
15 14 21
15 15 25
15 16 25
15 17 25
15 18 25
15 19 25
15 20 25
15 21 25
15 22 25
15 23 25
15 24 25
15 25 8
15 26 8
15 27 8
15 28 8
15 29 8
15 30 8
15 31 8
15 32 8
15 33 6
15 34 6
15 35 6
15 36 6
15 37 6
15 38 6
15 39 6
15 40 6
15 41 6
15 42 13
15 43 13
15 44 13
15 45 13
15 46 13
15 47 13
15 48 13
15 49 13
15 50 19
15 51 19
15 52 19
15 53 19
15 54 19
15 55 19
15 56 19
15 57 19
15 58 19
15 59 22
15 60 22
15 61 22
15 62 22
15 63 22
15 64 22
15 65 22
15 66 22
15 67 22
15 68 22
16 7 21
16 8 21
16 9 21
16 10 21
16 11 21
16 12 21
16 13 21
16 14 21
16 15 25
16 16 25
16 17 25
16 18 25
16 19 25
16 20 25
16 21 25
16 22 25
16 23 25
16 24 25
16 25 8
16 26 8
16 27 8
16 28 8
16 29 8
16 30 8
16 31 8
16 32 8
16 33 6
16 34 6
16 35 6
16 36 6
16 37 6
16 38 6
16 39 6
16 40 6
16 41 6
16 42 13
16 43 13
16 44 13
16 45 13
16 46 13
16 47 13
16 48 13
16 49 13
16 50 19
16 51 19
16 52 19
16 53 19
16 54 19
16 55 19
16 56 19
16 57 19
16 58 19
16 59 22
16 60 22
16 61 22
16 62 22
16 63 22
16 64 22
16 65 22
16 66 22
16 67 22
16 68 22
17 6 21
17 7 21
17 8 21
17 9 21
17 10 21
17 11 21
17 12 21
17 13 21
17 14 21
17 15 25
17 16 25
17 17 25
17 18 25
17 19 25
17 20 25
17 21 25
17 22 25
17 23 25
17 24 25
17 25 8
17 26 8
17 27 8
17 28 8
17 29 8
17 30 8
17 31 8
17 32 8
17 33 6
17 34 6
17 35 6
17 36 6
17 37 6
17 38 6
17 39 6
17 40 6
17 41 6
17 42 13
17 43 13
17 44 13
17 45 13
17 46 13
17 47 13
17 48 13
17 49 13
17 50 13
17 51 19
17 52 19
17 53 19
17 54 19
17 55 19
17 56 19
17 57 19
17 58 19
17 59 22
17 60 22
17 61 22
17 62 22
17 63 22
17 64 22
17 65 22
17 66 22
17 67 22
17 68 22
18 6 21
18 7 21
18 8 21
18 9 21
18 10 21
18 11 21
18 12 21
18 13 21
18 14 21
18 15 25
18 16 25
18 17 25
18 18 25
18 19 25
18 20 25
18 21 25
18 22 25
18 23 25
18 24 25
18 25 8
18 26 8
18 27 8
18 28 8
18 29 8
18 30 8
18 31 8
18 32 8
18 33 6
18 34 6
18 35 6
18 36 6
18 37 6
18 38 6
18 39 6
18 40 6
18 41 6
18 42 13
18 43 13
18 44 13
18 45 13
18 46 13
18 47 13
18 48 13
18 49 13
18 50 13
18 51 19
18 52 19
18 53 19
18 54 19
18 55 19
18 56 19
18 57 19
18 58 19
18 59 15
18 60 15
18 61 15
18 62 15
18 63 15
18 64 15
18 65 15
18 66 15
18 67 15
18 68 15
19 6 21
19 7 21
19 8 21
19 9 21
19 10 21
19 11 21
19 12 21
19 13 21
19 14 21
19 15 25
19 16 25
19 17 25
19 18 25
19 19 25
19 20 25
19 21 25
19 22 25
19 23 25
19 24 25
19 25 8
19 26 8
19 27 8
19 28 8
19 29 8
19 30 8
19 31 8
19 32 8
19 33 6
19 34 6
19 35 6
19 36 6
19 37 6
19 38 6
19 39 6
19 40 6
19 41 6
19 42 13
19 43 13
19 44 13
19 45 13
19 46 13
19 47 13
19 48 13
19 49 13
19 50 13
19 51 19
19 52 19
19 53 19
19 54 19
19 55 19
19 56 19
19 57 19
19 58 19
19 59 15
19 60 15
19 61 15
19 62 15
19 63 15
19 64 15
19 65 15
19 66 15
19 67 15
19 68 15
20 6 21
20 7 21
20 8 21
20 9 21
20 10 21
20 11 21
20 12 21
20 13 21
20 14 21
20 15 25
20 16 25
20 17 25
20 18 25
20 19 25
20 20 25
20 21 25
20 22 25
20 23 25
20 24 25
20 25 8
20 26 8
20 27 8
20 28 8
20 29 8
20 30 8
20 31 8
20 32 6
20 33 6
20 34 6
20 35 6
20 36 6
20 37 6
20 38 6
20 39 6
20 40 6
20 41 6
20 42 13
20 43 13
20 44 13
20 45 13
20 46 13
20 47 13
20 48 13
20 49 13
20 50 13
20 51 19
20 52 19
20 53 19
20 54 19
20 55 19
20 56 19
20 57 19
20 58 19
20 59 15
20 60 15
20 61 15
20 62 15
20 63 15
20 64 15
20 65 15
20 66 15
20 67 15
20 68 15
21 6 21
21 7 21
21 8 21
21 9 21
21 10 21
21 11 21
21 12 21
21 13 21
21 14 21
21 15 25
21 16 25
21 17 25
21 18 25
21 19 25
21 20 25
21 21 25
21 22 25
21 23 25
21 24 25
21 25 8
21 26 8
21 27 8
21 28 8
21 29 8
21 30 8
21 31 8
21 32 6
21 33 6
21 34 6
21 35 6
21 36 6
21 37 6
21 38 6
21 39 6
21 40 6
21 41 6
21 42 13
21 43 13
21 44 13
21 45 13
21 46 13
21 47 13
21 48 13
21 49 13
21 50 13
21 51 19
21 52 19
21 53 19
21 54 19
21 55 19
21 56 19
21 57 19
21 58 19
21 59 15
21 60 15
21 61 15
21 62 15
21 63 15
21 64 15
21 65 15
21 66 15
21 67 15
21 68 15
22 6 21
22 7 21
22 8 21
22 9 21
22 10 21
22 11 21
22 12 21
22 13 21
22 14 21
22 15 25
22 16 25
22 17 25
22 18 25
22 19 25
22 20 25
22 21 25
22 22 25
22 23 25
22 24 25
22 25 8
22 26 8
22 27 8
22 28 8
22 29 8
22 30 8
22 31 8
22 32 6
22 33 6
22 34 6
22 35 6
22 36 6
22 37 6
22 38 6
22 39 6
22 40 6
22 41 6
22 42 13
22 43 13
22 44 13
22 45 13
22 46 13
22 47 13
22 48 13
22 49 13
22 50 13
22 51 19
22 52 19
22 53 19
22 54 19
22 55 19
22 56 19
22 57 19
22 58 19
22 59 15
22 60 15
22 61 15
22 62 15
22 63 15
22 64 15
22 65 15
22 66 15
22 67 15
22 68 15
23 5 18
23 6 21
23 7 21
23 8 21
23 9 21
23 10 21
23 11 21
23 12 21
23 13 21
23 14 21
23 15 25
23 16 25
23 17 25
23 18 25
23 19 25
23 20 25
23 21 25
23 22 25
23 23 25
23 24 8
23 25 8
23 26 8
23 27 8
23 28 8
23 29 8
23 30 8
23 31 8
23 32 6
23 33 6
23 34 6
23 35 6
23 36 6
23 37 6
23 38 6
23 39 6
23 40 6
23 41 6
23 42 13
23 43 13
23 44 13
23 45 13
23 46 13
23 47 13
23 48 13
23 49 13
23 50 13
23 51 19
23 52 19
23 53 19
23 54 19
23 55 19
23 56 19
23 57 19
23 58 15
23 59 15
23 60 15
23 61 15
23 62 15
23 63 15
23 64 15
23 65 15
23 66 15
23 67 15
23 68 15
24 5 18
24 6 18
24 7 18
24 8 18
24 9 21
24 10 21
24 11 21
24 12 21
24 13 21
24 14 21
24 15 14
24 16 14
24 17 14
24 18 14
24 19 14
24 20 14
24 21 14
24 22 14
24 23 14
24 24 8
24 25 8
24 26 8
24 27 8
24 28 8
24 29 8
24 30 8
24 31 8
24 32 24
24 33 24
24 34 24
24 35 24
24 36 24
24 37 24
24 38 24
24 39 24
24 40 24
24 41 24
24 42 12
24 43 12
24 44 12
24 45 12
24 46 12
24 47 12
24 48 12
24 49 11
24 50 11
24 51 11
24 52 11
24 53 11
24 54 11
24 55 11
24 56 11
24 57 11
24 58 15
24 59 15
24 60 15
24 61 15
24 62 15
24 63 15
24 64 15
24 65 15
24 66 15
24 67 15
24 68 15
25 5 18
25 6 18
25 7 18
25 8 18
25 9 18
25 10 18
25 11 18
25 12 18
25 13 18
25 14 14
25 15 14
25 16 14
25 17 14
25 18 14
25 19 14
25 20 14
25 21 14
25 22 14
25 23 14
25 24 8
25 25 8
25 26 8
25 27 8
25 28 8
25 29 8
25 30 8
25 31 8
25 32 24
25 33 24
25 34 24
25 35 24
25 36 24
25 37 24
25 38 24
25 39 24
25 40 24
25 41 24
25 42 12
25 43 12
25 44 12
25 45 12
25 46 12
25 47 12
25 48 12
25 49 11
25 50 11
25 51 11
25 52 11
25 53 11
25 54 11
25 55 11
25 56 11
25 57 11
25 58 15
25 59 15
25 60 15
25 61 15
25 62 15
25 63 15
25 64 15
25 65 15
25 66 15
25 67 15
25 68 15
26 5 18
26 6 18
26 7 18
26 8 18
26 9 18
26 10 18
26 11 18
26 12 18
26 13 18
26 14 14
26 15 14
26 16 14
26 17 14
26 18 14
26 19 14
26 20 14
26 21 14
26 22 14
26 23 14
26 24 8
26 25 8
26 26 8
26 27 8
26 28 8
26 29 8
26 30 8
26 31 8
26 32 24
26 33 24
26 34 24
26 35 24
26 36 24
26 37 24
26 38 24
26 39 24
26 40 24
26 41 24
26 42 12
26 43 12
26 44 12
26 45 12
26 46 12
26 47 12
26 48 12
26 49 11
26 50 11
26 51 11
26 52 11
26 53 11
26 54 11
26 55 11
26 56 11
26 57 11
26 58 15
26 59 15
26 60 15
26 61 15
26 62 15
26 63 15
26 64 15
26 65 15
26 66 15
27 5 18
27 6 18
27 7 18
27 8 18
27 9 18
27 10 18
27 11 18
27 12 18
27 13 18
27 14 14
27 15 14
27 16 14
27 17 14
27 18 14
27 19 14
27 20 14
27 21 14
27 22 14
27 23 14
27 24 2
27 25 2
27 26 2
27 27 2
27 28 2
27 29 2
27 30 2
27 31 2
27 32 24
27 33 24
27 34 24
27 35 24
27 36 24
27 37 24
27 38 24
27 39 24
27 40 24
27 41 24
27 42 12
27 43 12
27 44 12
27 45 12
27 46 12
27 47 12
27 48 12
27 49 11
27 50 11
27 51 11
27 52 11
27 53 11
27 54 11
27 55 11
27 56 11
27 57 11
27 58 15
27 59 15
27 60 15
27 61 15
27 62 15
27 63 15
27 64 15
27 65 15
28 4 18
28 5 18
28 6 18
28 7 18
28 8 18
28 9 18
28 10 18
28 11 18
28 12 18
28 13 18
28 14 14
28 15 14
28 16 14
28 17 14
28 18 14
28 19 14
28 20 14
28 21 14
28 22 14
28 23 14
28 24 2
28 25 2
28 26 2
28 27 2
28 28 2
28 29 2
28 30 2
28 31 2
28 32 2
28 33 24
28 34 24
28 35 24
28 36 24
28 37 24
28 38 24
28 39 24
28 40 24
28 41 24
28 42 12
28 43 12
28 44 12
28 45 12
28 46 12
28 47 12
28 48 12
28 49 11
28 50 11
28 51 11
28 52 11
28 53 11
28 54 11
28 55 11
28 56 11
28 57 11
28 58 11
28 59 11
28 60 15
28 61 15
28 62 15
28 63 15
29 4 18
29 5 18
29 6 18
29 7 18
29 8 18
29 9 18
29 10 18
29 11 18
29 12 18
29 13 18
29 14 14
29 15 14
29 16 14
29 17 14
29 18 14
29 19 14
29 20 14
29 21 14
29 22 14
29 23 14
29 24 2
29 25 2
29 26 2
29 27 2
29 28 2
29 29 2
29 30 2
29 31 2
29 32 2
29 33 24
29 34 24
29 35 24
29 36 24
29 37 24
29 38 24
29 39 24
29 40 24
29 41 24
29 42 12
29 43 12
29 44 12
29 45 12
29 46 12
29 47 12
29 48 12
29 49 12
29 50 11
29 51 11
29 52 11
29 53 11
29 54 11
29 55 11
29 56 11
29 57 11
29 58 11
29 59 11
29 60 15
29 61 15
29 62 15
30 4 18
30 5 18
30 6 18
30 7 18
30 8 18
30 9 18
30 10 18
30 11 18
30 12 18
30 13 18
30 14 14
30 15 14
30 16 14
30 17 14
30 18 14
30 19 14
30 20 14
30 21 14
30 22 14
30 23 14
30 24 2
30 25 2
30 26 2
30 27 2
30 28 2
30 29 2
30 30 2
30 31 2
30 32 2
30 33 24
30 34 24
30 35 24
30 36 24
30 37 24
30 38 24
30 39 24
30 40 24
30 41 24
30 42 12
30 43 12
30 44 12
30 45 12
30 46 12
30 47 12
30 48 12
30 49 12
30 50 11
30 51 11
30 52 11
30 53 11
30 54 11
30 55 11
30 56 11
30 57 11
30 58 11
30 59 11
30 60 15
30 61 15
31 4 18
31 5 18
31 6 18
31 7 18
31 8 18
31 9 18
31 10 18
31 11 18
31 12 18
31 13 18
31 14 14
31 15 14
31 16 14
31 17 14
31 18 14
31 19 14
31 20 14
31 21 14
31 22 14
31 23 14
31 24 2
31 25 2
31 26 2
31 27 2
31 28 2
31 29 2
31 30 2
31 31 2
31 32 2
31 33 24
31 34 24
31 35 24
31 36 24
31 37 24
31 38 24
31 39 24
31 40 24
31 41 24
31 42 12
31 43 12
31 44 12
31 45 12
31 46 12
31 47 12
31 48 12
31 49 12
31 50 11
31 51 11
31 52 11
31 53 11
31 54 11
31 55 11
31 56 11
31 57 11
31 58 11
31 59 11
32 4 18
32 5 18
32 6 18
32 7 18
32 8 18
32 9 18
32 10 18
32 11 18
32 12 18
32 13 18
32 14 14
32 15 14
32 16 14
32 17 14
32 18 14
32 19 14
32 20 14
32 21 14
32 22 14
32 23 14
32 24 2
32 25 2
32 26 2
32 27 2
32 28 2
32 29 2
32 30 2
32 31 2
32 32 2
32 33 24
32 34 24
32 35 24
32 36 24
32 37 24
32 38 24
32 39 24
32 40 24
32 41 24
32 42 12
32 43 12
32 44 12
32 45 12
32 46 12
32 47 12
32 48 12
32 49 12
32 50 11
32 51 11
32 52 11
32 53 11
32 54 11
32 55 11
32 56 11
32 57 11
32 58 11
33 4 18
33 5 18
33 6 18
33 7 18
33 8 18
33 9 18
33 10 18
33 11 18
33 12 18
33 13 18
33 14 14
33 15 14
33 16 14
33 17 14
33 18 14
33 19 14
33 20 14
33 21 14
33 22 14
33 23 14
33 24 2
33 25 2
33 26 2
33 27 2
33 28 2
33 29 2
33 30 2
33 31 2
33 32 2
33 33 24
33 34 24
33 35 24
33 36 24
33 37 24
33 38 24
33 39 24
33 40 24
33 41 24
33 42 12
33 43 12
33 44 12
33 45 12
33 46 12
33 47 12
33 48 12
33 49 12
33 50 11
33 51 11
33 52 11
33 53 11
33 54 11
33 55 11
33 56 11
34 4 18
34 5 18
34 6 18
34 7 18
34 8 18
34 9 18
34 10 18
34 11 18
34 12 18
34 13 18
34 14 14
34 15 14
34 16 14
34 17 14
34 18 14
34 19 14
34 20 14
34 21 14
34 22 14
34 23 14
34 24 2
34 25 2
34 26 2
34 27 2
34 28 2
34 29 2
34 30 2
34 31 2
34 32 2
34 33 24
34 34 24
34 35 24
34 36 24
34 37 24
34 38 24
34 39 24
34 40 24
34 41 24
34 42 12
34 43 12
34 44 12
34 45 12
34 46 12
34 47 12
34 48 12
34 49 12
34 50 11
34 51 11
34 52 11
34 53 11
34 54 11
34 55 11
35 4 16
35 5 16
35 6 16
35 7 18
35 8 18
35 9 18
35 10 18
35 11 18
35 12 18
35 13 18
35 14 5
35 15 5
35 16 5
35 17 5
35 18 5
35 19 5
35 20 5
35 21 5
35 22 5
35 23 5
35 24 5
35 25 2
35 26 2
35 27 2
35 28 2
35 29 2
35 30 2
35 31 2
35 32 2
35 33 24
35 34 24
35 35 24
35 36 24
35 37 24
35 38 24
35 39 23
35 40 23
35 41 23
35 42 23
35 43 23
35 44 12
35 45 12
35 46 12
35 47 12
35 48 12
35 49 12
35 50 11
35 51 11
35 52 11
35 53 11
35 54 11
36 4 16
36 5 16
36 6 16
36 7 16
36 8 16
36 9 16
36 10 16
36 11 16
36 12 16
36 13 5
36 14 5
36 15 5
36 16 5
36 17 5
36 18 5
36 19 5
36 20 5
36 21 5
36 22 5
36 23 5
36 24 5
36 25 2
36 26 2
36 27 2
36 28 2
36 29 2
36 30 2
36 31 2
36 32 2
36 33 23
36 34 23
36 35 23
36 36 23
36 37 23
36 38 23
36 39 23
36 40 23
36 41 23
36 42 23
36 43 23
36 44 12
36 45 12
36 46 12
36 47 12
36 48 12
36 49 12
36 50 11
36 51 11
36 52 11
37 3 16
37 4 16
37 5 16
37 6 16
37 7 16
37 8 16
37 9 16
37 10 16
37 11 16
37 12 16
37 13 5
37 14 5
37 15 5
37 16 5
37 17 5
37 18 5
37 19 5
37 20 5
37 21 5
37 22 5
37 23 5
37 24 5
37 25 2
37 26 2
37 27 2
37 28 2
37 29 2
37 30 2
37 31 2
37 32 2
37 33 23
37 34 23
37 35 23
37 36 23
37 37 23
37 38 23
37 39 23
37 40 23
37 41 23
37 42 23
37 43 23
37 44 23
37 45 12
37 46 12
37 47 12
37 48 12
37 49 12
37 50 11
37 51 11
38 3 16
38 4 16
38 5 16
38 6 16
38 7 16
38 8 16
38 9 16
38 10 16
38 11 16
38 12 16
38 13 5
38 14 5
38 15 5
38 16 5
38 17 5
38 18 5
38 19 5
38 20 5
38 21 5
38 22 5
38 23 5
38 24 5
38 25 5
38 26 2
38 27 2
38 28 2
38 29 2
38 30 2
38 31 2
38 32 2
38 33 23
38 34 23
38 35 23
38 36 23
38 37 23
38 38 23
38 39 23
38 40 23
38 41 23
38 42 23
38 43 23
38 44 23
38 45 23
38 46 12
38 47 12
38 48 12
38 49 12
39 3 16
39 4 16
39 5 16
39 6 16
39 7 16
39 8 16
39 9 16
39 10 16
39 11 16
39 12 16
39 13 5
39 14 5
39 15 5
39 16 5
39 17 5
39 18 5
39 19 5
39 20 5
39 21 5
39 22 5
39 23 5
39 24 5
39 25 5
39 26 2
39 27 2
39 28 2
39 29 2
39 30 2
39 31 2
39 32 2
39 33 23
39 34 23
39 35 23
39 36 23
39 37 23
39 38 23
39 39 23
39 40 23
39 41 23
39 42 23
39 43 23
39 44 23
39 45 23
39 46 12
39 47 12
39 48 12
40 3 16
40 4 16
40 5 16
40 6 16
40 7 16
40 8 16
40 9 16
40 10 16
40 11 16
40 12 16
40 13 5
40 14 5
40 15 5
40 16 5
40 17 5
40 18 5
40 19 5
40 20 5
40 21 5
40 22 5
40 23 5
40 24 5
40 25 5
40 26 7
40 27 7
40 28 7
40 29 7
40 30 7
40 31 7
40 32 7
40 33 23
40 34 23
40 35 23
40 36 23
40 37 23
40 38 23
40 39 23
40 40 23
40 41 23
40 42 23
40 43 23
40 44 23
40 45 23
40 46 12
40 47 12
41 3 16
41 4 16
41 5 16
41 6 16
41 7 16
41 8 16
41 9 16
41 10 16
41 11 16
41 12 16
41 13 5
41 14 5
41 15 5
41 16 5
41 17 5
41 18 5
41 19 5
41 20 5
41 21 5
41 22 5
41 23 5
41 24 5
41 25 5
41 26 7
41 27 7
41 28 7
41 29 7
41 30 7
41 31 7
41 32 7
41 33 7
41 34 7
41 35 7
41 36 23
41 37 23
41 38 23
41 39 23
41 40 23
41 41 23
41 42 23
41 43 23
41 44 23
41 45 23
42 3 16
42 4 16
42 5 16
42 6 16
42 7 16
42 8 16
42 9 16
42 10 16
42 11 16
42 12 16
42 13 5
42 14 5
42 15 5
42 16 5
42 17 5
42 18 5
42 19 5
42 20 5
42 21 5
42 22 5
42 23 17
42 24 17
42 25 17
42 26 7
42 27 7
42 28 7
42 29 7
42 30 7
42 31 7
42 32 7
42 33 7
42 34 7
42 35 7
42 36 23
42 37 23
42 38 23
42 39 23
42 40 23
42 41 23
42 42 23
42 43 23
42 44 23
43 3 16
43 4 16
43 5 16
43 6 16
43 7 16
43 8 16
43 9 16
43 10 16
43 11 16
43 12 16
43 13 5
43 14 5
43 15 5
43 16 5
43 17 5
43 18 5
43 19 17
43 20 17
43 21 17
43 22 17
43 23 17
43 24 17
43 25 17
43 26 7
43 27 7
43 28 7
43 29 7
43 30 7
43 31 7
43 32 7
43 33 7
43 34 7
43 35 7
43 36 23
43 37 23
43 38 23
43 39 23
43 40 23
43 41 23
43 42 23
44 3 16
44 4 16
44 5 16
44 6 16
44 7 16
44 8 16
44 9 16
44 10 16
44 11 16
44 12 16
44 13 5
44 14 5
44 15 5
44 16 5
44 17 5
44 18 5
44 19 17
44 20 17
44 21 17
44 22 17
44 23 17
44 24 17
44 25 17
44 26 7
44 27 7
44 28 7
44 29 7
44 30 7
44 31 7
44 32 7
44 33 7
44 34 7
44 35 7
44 36 23
44 37 23
44 38 23
44 39 23
44 40 23
44 41 23
45 3 16
45 4 16
45 5 16
45 6 16
45 7 16
45 8 16
45 9 16
45 10 16
45 11 16
45 12 20
45 13 20
45 14 20
45 15 20
45 16 20
45 17 20
45 18 20
45 19 17
45 20 17
45 21 17
45 22 17
45 23 17
45 24 17
45 25 17
45 26 7
45 27 7
45 28 7
45 29 7
45 30 7
45 31 7
45 32 7
45 33 7
45 34 7
45 35 7
45 36 23
45 37 23
45 38 23
45 39 23
45 40 23
46 2 9
46 3 16
46 4 16
46 5 16
46 6 16
46 7 16
46 8 16
46 9 16
46 10 16
46 11 20
46 12 20
46 13 20
46 14 20
46 15 20
46 16 20
46 17 20
46 18 20
46 19 17
46 20 17
46 21 17
46 22 17
46 23 17
46 24 17
46 25 17
46 26 7
46 27 7
46 28 7
46 29 7
46 30 7
46 31 7
46 32 7
46 33 7
46 34 7
46 35 7
46 36 23
46 37 23
46 38 23
47 2 9
47 3 9
47 4 9
47 5 9
47 6 9
47 7 9
47 8 9
47 9 9
47 10 9
47 11 20
47 12 20
47 13 20
47 14 20
47 15 20
47 16 20
47 17 20
47 18 20
47 19 17
47 20 17
47 21 17
47 22 17
47 23 17
47 24 17
47 25 17
47 26 7
47 27 7
47 28 7
47 29 7
47 30 7
47 31 7
47 32 7
47 33 7
47 34 7
47 35 7
47 36 23
47 37 23
48 2 9
48 3 9
48 4 9
48 5 9
48 6 9
48 7 9
48 8 9
48 9 9
48 10 9
48 11 20
48 12 20
48 13 20
48 14 20
48 15 20
48 16 20
48 17 20
48 18 20
48 19 17
48 20 17
48 21 17
48 22 17
48 23 17
48 24 17
48 25 17
48 26 7
48 27 7
48 28 7
48 29 7
48 30 7
48 31 7
48 32 7
48 33 7
48 34 7
48 35 7
49 2 9
49 3 9
49 4 9
49 5 9
49 6 9
49 7 9
49 8 9
49 9 9
49 10 9
49 11 20
49 12 20
49 13 20
49 14 20
49 15 20
49 16 20
49 17 20
49 18 20
49 19 17
49 20 17
49 21 17
49 22 17
49 23 17
49 24 17
49 25 17
49 26 17
49 27 17
49 28 7
49 29 7
49 30 7
49 31 7
49 32 7
49 33 7
49 34 7
50 2 9
50 3 9
50 4 9
50 5 9
50 6 9
50 7 9
50 8 9
50 9 9
50 10 9
50 11 20
50 12 20
50 13 20
50 14 20
50 15 20
50 16 20
50 17 20
50 18 20
50 19 17
50 20 17
50 21 17
50 22 17
50 23 17
50 24 17
50 25 17
50 26 17
50 27 17
50 28 7
50 29 7
50 30 7
50 31 7
50 32 7
50 33 7
51 2 9
51 3 9
51 4 9
51 5 9
51 6 9
51 7 9
51 8 9
51 9 9
51 10 9
51 11 20
51 12 20
51 13 20
51 14 20
51 15 20
51 16 20
51 17 20
51 18 20
51 19 17
51 20 17
51 21 17
51 22 17
51 23 17
51 24 17
51 25 17
51 26 17
51 27 17
51 28 7
51 29 7
51 30 7
51 31 7
52 2 9
52 3 9
52 4 9
52 5 9
52 6 9
52 7 9
52 8 9
52 9 9
52 10 9
52 11 20
52 12 20
52 13 20
52 14 20
52 15 20
52 16 20
52 17 20
52 18 20
52 19 17
52 20 17
52 21 17
52 22 17
52 23 17
52 24 17
52 25 17
52 26 17
52 27 17
52 28 7
52 29 7
52 30 7
53 2 9
53 3 9
53 4 9
53 5 9
53 6 9
53 7 9
53 8 9
53 9 9
53 10 9
53 11 20
53 12 20
53 13 20
53 14 20
53 15 20
53 16 20
53 17 20
53 18 20
53 19 17
53 20 17
53 21 17
53 22 17
53 23 17
53 24 17
53 25 17
53 26 17
53 27 17
53 28 7
53 29 7
54 2 9
54 3 9
54 4 9
54 5 9
54 6 9
54 7 9
54 8 9
54 9 9
54 10 9
54 11 20
54 12 20
54 13 20
54 14 20
54 15 20
54 16 20
54 17 20
54 18 20
54 19 17
54 20 17
54 21 17
54 22 17
54 23 17
54 24 17
54 25 17
54 26 17
54 27 17
55 1 9
55 2 9
55 3 9
55 4 9
55 5 9
55 6 9
55 7 9
55 8 9
55 9 9
55 10 20
55 11 20
55 12 20
55 13 20
55 14 20
55 15 20
55 16 20
55 17 20
55 18 20
55 19 17
55 20 17
55 21 17
55 22 17
55 23 17
55 24 17
55 25 17
56 2 9
56 3 9
56 4 9
56 5 9
56 6 9
56 7 9
56 8 9
56 9 9
56 10 20
56 11 20
56 12 20
56 13 20
56 14 20
56 15 20
56 16 20
56 17 20
56 18 20
56 19 17
56 20 17
56 21 17
57 3 9
57 4 9
57 5 9
57 6 9
57 7 9
57 8 9
57 9 9
57 10 20
57 11 20
57 12 20
57 13 20
57 14 20
57 15 20
57 16 20
57 17 20
58 4 9
58 5 9
58 6 9
58 7 9
58 8 9
58 9 9
58 10 20
58 11 20
58 12 20
58 13 20
59 5 9
59 6 9
59 7 9
59 8 9
59 9 9
60 6 9
