45 61 1853
18 1 1
19 1 1
20 1 1
17 2 1
18 2 1
19 2 1
20 2 1
21 2 1
16 3 1
17 3 1
18 3 1
19 3 1
20 3 1
21 3 1
22 3 1
23 3 1
14 4 14
15 4 14
16 4 1
17 4 1
18 4 1
19 4 1
20 4 1
21 4 1
22 4 1
23 4 1
24 4 1
13 5 14
14 5 14
15 5 14
16 5 1
17 5 1
18 5 1
19 5 1
20 5 1
21 5 1
22 5 1
23 5 1
24 5 1
25 5 1
12 6 14
13 6 14
14 6 14
15 6 14
16 6 1
17 6 1
18 6 1
19 6 1
20 6 1
21 6 1
22 6 1
23 6 1
24 6 1
25 6 1
26 6 1
27 6 1
11 7 14
12 7 14
13 7 14
14 7 14
15 7 14
16 7 1
17 7 1
18 7 1
19 7 1
20 7 1
21 7 1
22 7 1
23 7 1
24 7 1
25 7 1
26 7 1
27 7 1
9 8 14
10 8 14
11 8 14
12 8 14
13 8 14
14 8 14
15 8 14
16 8 1
17 8 1
18 8 1
19 8 1
20 8 1
21 8 1
22 8 1
23 8 1
24 8 1
25 8 1
26 8 1
27 8 1
28 8 1
9 9 14
10 9 14
11 9 14
12 9 14
13 9 14
14 9 14
15 9 14
16 9 1
17 9 1
18 9 1
19 9 1
20 9 1
21 9 1
22 9 1
23 9 1
24 9 1
25 9 1
26 9 1
27 9 1
28 9 1
8 10 14
9 10 14
10 10 14
11 10 14
12 10 14
13 10 14
14 10 14
15 10 14
16 10 1
17 10 1
18 10 1
19 10 1
20 10 1
21 10 1
22 10 1
23 10 1
24 10 1
25 10 1
26 10 1
27 10 12
28 10 12
29 10 12
8 11 14
9 11 14
10 11 14
11 11 14
12 11 14
13 11 14
14 11 14
15 11 14
16 11 1
17 11 1
18 11 1
19 11 1
20 11 1
21 11 1
22 11 1
23 11 1
24 11 1
25 11 12
26 11 12
27 11 12
28 11 12
29 11 12
30 11 12
7 12 14
8 12 14
9 12 14
10 12 14
11 12 14
12 12 14
13 12 14
14 12 14
15 12 14
16 12 1
17 12 1
18 12 1
19 12 1
20 12 17
21 12 17
22 12 17
23 12 17
24 12 17
25 12 12
26 12 12
27 12 12
28 12 12
29 12 12
30 12 12
6 13 14
7 13 14
8 13 14
9 13 14
10 13 14
11 13 14
12 13 14
13 13 14
14 13 14
15 13 14
16 13 17
17 13 17
18 13 17
19 13 17
20 13 17
21 13 17
22 13 17
23 13 17
24 13 17
25 13 12
26 13 12
27 13 12
28 13 12
29 13 12
30 13 12
31 13 12
6 14 14
7 14 14
8 14 14
9 14 14
10 14 14
11 14 14
12 14 14
13 14 14
14 14 14
15 14 14
16 14 17
17 14 17
18 14 17
19 14 17
20 14 17
21 14 17
22 14 17
23 14 17
24 14 17
25 14 12
26 14 12
27 14 12
28 14 12
29 14 12
30 14 12
31 14 12
5 15 14
6 15 14
7 15 14
8 15 14
9 15 14
10 15 14
11 15 14
12 15 14
13 15 14
14 15 14
15 15 14
16 15 17
17 15 17
18 15 17
19 15 17
20 15 17
21 15 17
22 15 17
23 15 17
24 15 17
25 15 12
26 15 12
27 15 12
28 15 12
29 15 12
30 15 12
31 15 12
32 15 12
5 16 14
6 16 14
7 16 14
8 16 14
9 16 14
10 16 14
11 16 14
12 16 14
13 16 14
14 16 14
15 16 14
16 16 17
17 16 17
18 16 17
19 16 17
20 16 17
21 16 17
22 16 17
23 16 17
24 16 17
25 16 12
26 16 12
27 16 12
28 16 12
29 16 12
30 16 12
31 16 12
32 16 12
4 17 14
5 17 14
6 17 14
7 17 14
8 17 14
9 17 14
10 17 14
11 17 14
12 17 14
13 17 14
14 17 14
15 17 14
16 17 17
17 17 17
18 17 17
19 17 17
20 17 17
21 17 17
22 17 17
23 17 17
24 17 17
25 17 12
26 17 12
27 17 12
28 17 12
29 17 12
30 17 12
31 17 12
32 17 12
33 17 12
3 18 2
4 18 2
5 18 2
6 18 2
7 18 2
8 18 2
9 18 2
10 18 2
11 18 2
12 18 2
13 18 2
14 18 14
15 18 14
16 18 17
17 18 17
18 18 17
19 18 17
20 18 17
21 18 17
22 18 17
23 18 17
24 18 17
25 18 12
26 18 12
27 18 12
28 18 12
29 18 12
30 18 12
31 18 12
32 18 12
33 18 12
3 19 2
4 19 2
5 19 2
6 19 2
7 19 2
8 19 2
9 19 2
10 19 2
11 19 2
12 19 2
13 19 2
14 19 2
15 19 2
16 19 17
17 19 17
18 19 17
19 19 17
20 19 17
21 19 17
22 19 17
23 19 17
24 19 17
25 19 12
26 19 12
27 19 12
28 19 12
29 19 12
30 19 12
31 19 12
32 19 12
33 19 12
34 19 12
2 20 2
3 20 2
4 20 2
5 20 2
6 20 2
7 20 2
8 20 2
9 20 2
10 20 2
11 20 2
12 20 2
13 20 2
14 20 2
15 20 2
16 20 17
17 20 17
18 20 17
19 20 17
20 20 17
21 20 17
22 20 17
23 20 17
24 20 17
25 20 12
26 20 12
27 20 12
28 20 12
29 20 12
30 20 12
31 20 12
32 20 12
33 20 12
34 20 12
1 21 2
2 21 2
3 21 2
4 21 2
5 21 2
6 21 2
7 21 2
8 21 2
9 21 2
10 21 2
11 21 2
12 21 2
13 21 2
14 21 2
15 21 2
16 21 17
17 21 17
18 21 17
19 21 17
20 21 17
21 21 17
22 21 17
23 21 17
24 21 17
25 21 12
26 21 12
27 21 12
28 21 12
29 21 12
30 21 12
31 21 12
32 21 12
33 21 12
34 21 12
35 21 12
2 22 2
3 22 2
4 22 2
5 22 2
6 22 2
7 22 2
8 22 2
9 22 2
10 22 2
11 22 2
12 22 2
13 22 2
14 22 2
15 22 2
16 22 17
17 22 17
18 22 17
19 22 17
20 22 17
21 22 17
22 22 17
23 22 17
24 22 17
25 22 12
26 22 12
27 22 12
28 22 12
29 22 12
30 22 12
31 22 12
32 22 12
33 22 12
34 22 12
35 22 12
2 23 2
3 23 2
4 23 2
5 23 2
6 23 2
7 23 2
8 23 2
9 23 2
10 23 2
11 23 2
12 23 2
13 23 2
14 23 2
15 23 2
16 23 17
17 23 17
18 23 17
19 23 17
20 23 17
21 23 17
22 23 17
23 23 17
24 23 17
25 23 12
26 23 12
27 23 12
28 23 12
29 23 5
30 23 5
31 23 5
32 23 5
33 23 5
34 23 5
35 23 5
36 23 5
2 24 2
3 24 2
4 24 2
5 24 2
6 24 2
7 24 2
8 24 2
9 24 2
10 24 2
11 24 2
12 24 2
13 24 2
14 24 2
15 24 2
16 24 17
17 24 17
18 24 17
19 24 17
20 24 17
21 24 9
22 24 9
23 24 9
24 24 9
25 24 9
26 24 9
27 24 9
28 24 5
29 24 5
30 24 5
31 24 5
32 24 5
33 24 5
34 24 5
35 24 5
36 24 5
2 25 2
3 25 2
4 25 2
5 25 2
6 25 2
7 25 2
8 25 2
9 25 2
10 25 2
11 25 2
12 25 2
13 25 2
14 25 2
15 25 2
16 25 9
17 25 9
18 25 9
19 25 9
20 25 9
21 25 9
22 25 9
23 25 9
24 25 9
25 25 9
26 25 9
27 25 9
28 25 5
29 25 5
30 25 5
31 25 5
32 25 5
33 25 5
34 25 5
35 25 5
36 25 5
37 25 5
2 26 11
3 26 11
4 26 11
5 26 11
6 26 11
7 26 11
8 26 11
9 26 11
10 26 11
11 26 11
12 26 11
13 26 11
14 26 11
15 26 11
16 26 9
17 26 9
18 26 9
19 26 9
20 26 9
21 26 9
22 26 9
23 26 9
24 26 9
25 26 9
26 26 9
27 26 9
28 26 5
29 26 5
30 26 5
31 26 5
32 26 5
33 26 5
34 26 5
35 26 5
36 26 5
37 26 5
2 27 11
3 27 11
4 27 11
5 27 11
6 27 11
7 27 11
8 27 11
9 27 11
10 27 11
11 27 11
12 27 11
13 27 11
14 27 11
15 27 11
16 27 9
17 27 9
18 27 9
19 27 9
20 27 9
21 27 9
22 27 9
23 27 9
24 27 9
25 27 9
26 27 9
27 27 9
28 27 5
29 27 5
30 27 5
31 27 5
32 27 5
33 27 5
34 27 5
35 27 5
36 27 5
37 27 5
38 27 5
2 28 11
3 28 11
4 28 11
5 28 11
6 28 11
7 28 11
8 28 11
9 28 11
10 28 11
11 28 11
12 28 11
13 28 11
14 28 11
15 28 11
16 28 9
17 28 9
18 28 9
19 28 9
20 28 9
21 28 9
22 28 9
23 28 9
24 28 9
25 28 9
26 28 9
27 28 9
28 28 5
29 28 5
30 28 5
31 28 5
32 28 5
33 28 5
34 28 5
35 28 5
36 28 5
37 28 5
38 28 5
2 29 11
3 29 11
4 29 11
5 29 11
6 29 11
7 29 11
8 29 11
9 29 11
10 29 11
11 29 11
12 29 11
13 29 11
14 29 11
15 29 11
16 29 9
17 29 9
18 29 9
19 29 9
20 29 9
21 29 9
22 29 9
23 29 9
24 29 9
25 29 9
26 29 9
27 29 9
28 29 5
29 29 5
30 29 5
31 29 5
32 29 5
33 29 5
34 29 5
35 29 5
36 29 5
37 29 5
38 29 5
39 29 5
2 30 11
3 30 11
4 30 11
5 30 11
6 30 11
7 30 11
8 30 11
9 30 11
10 30 11
11 30 11
12 30 11
13 30 11
14 30 11
15 30 11
16 30 9
17 30 9
18 30 9
19 30 9
20 30 9
21 30 9
22 30 9
23 30 9
24 30 9
25 30 9
26 30 9
27 30 9
28 30 5
29 30 5
30 30 5
31 30 5
32 30 5
33 30 5
34 30 5
35 30 5
36 30 5
37 30 5
38 30 5
39 30 5
2 31 11
3 31 11
4 31 11
5 31 11
6 31 11
7 31 11
8 31 11
9 31 11
10 31 11
11 31 11
12 31 11
13 31 11
14 31 11
15 31 11
16 31 9
17 31 9
18 31 9
19 31 9
20 31 9
21 31 9
22 31 9
23 31 9
24 31 9
25 31 9
26 31 9
27 31 9
28 31 5
29 31 5
30 31 5
31 31 5
32 31 5
33 31 5
34 31 5
35 31 5
36 31 5
37 31 5
38 31 5
39 31 5
40 31 5
2 32 11
3 32 11
4 32 11
5 32 11
6 32 11
7 32 11
8 32 11
9 32 11
10 32 11
11 32 11
12 32 11
13 32 11
14 32 11
15 32 15
16 32 15
17 32 15
18 32 9
19 32 9
20 32 9
21 32 9
22 32 9
23 32 9
24 32 9
25 32 9
26 32 9
27 32 9
28 32 5
29 32 5
30 32 5
31 32 5
32 32 5
33 32 5
34 32 5
35 32 5
36 32 5
37 32 5
38 32 5
39 32 5
40 32 5
2 33 11
3 33 11
4 33 11
5 33 11
6 33 11
7 33 11
8 33 11
9 33 11
10 33 11
11 33 11
12 33 11
13 33 11
14 33 15
15 33 15
16 33 15
17 33 15
18 33 15
19 33 9
20 33 9
21 33 9
22 33 9
23 33 9
24 33 9
25 33 9
26 33 9
27 33 6
28 33 6
29 33 6
30 33 6
31 33 6
32 33 6
33 33 6
34 33 10
35 33 10
36 33 10
37 33 10
38 33 10
39 33 10
40 33 10
41 33 10
2 34 8
3 34 8
4 34 8
5 34 8
6 34 8
7 34 8
8 34 8
9 34 8
10 34 8
11 34 8
12 34 8
13 34 15
14 34 15
15 34 15
16 34 15
17 34 15
18 34 15
19 34 15
20 34 15
21 34 6
22 34 6
23 34 6
24 34 6
25 34 6
26 34 6
27 34 6
28 34 6
29 34 6
30 34 6
31 34 6
32 34 6
33 34 6
34 34 10
35 34 10
36 34 10
37 34 10
38 34 10
39 34 10
40 34 10
41 34 10
2 35 8
3 35 8
4 35 8
5 35 8
6 35 8
7 35 8
8 35 8
9 35 8
10 35 8
11 35 8
12 35 8
13 35 15
14 35 15
15 35 15
16 35 15
17 35 15
18 35 15
19 35 15
20 35 15
21 35 6
22 35 6
23 35 6
24 35 6
25 35 6
26 35 6
27 35 6
28 35 6
29 35 6
30 35 6
31 35 6
32 35 6
33 35 6
34 35 10
35 35 10
36 35 10
37 35 10
38 35 10
39 35 10
40 35 10
41 35 10
42 35 10
2 36 8
3 36 8
4 36 8
5 36 8
6 36 8
7 36 8
8 36 8
9 36 8
10 36 8
11 36 8
12 36 8
13 36 15
14 36 15
15 36 15
16 36 15
17 36 15
18 36 15
19 36 15
20 36 15
21 36 6
22 36 6
23 36 6
24 36 6
25 36 6
26 36 6
27 36 6
28 36 6
29 36 6
30 36 6
31 36 6
32 36 6
33 36 6
34 36 10
35 36 10
36 36 10
37 36 10
38 36 10
39 36 10
40 36 10
41 36 10
42 36 10
43 36 10
2 37 8
3 37 8
4 37 8
5 37 8
6 37 8
7 37 8
8 37 8
9 37 8
10 37 8
11 37 8
12 37 8
13 37 15
14 37 15
15 37 15
16 37 15
17 37 15
18 37 15
19 37 15
20 37 15
21 37 6
22 37 6
23 37 6
24 37 6
25 37 6
26 37 6
27 37 6
28 37 6
29 37 6
30 37 6
31 37 6
32 37 6
33 37 6
34 37 10
35 37 10
36 37 10
37 37 10
38 37 10
39 37 10
40 37 10
41 37 10
42 37 10
43 37 10
2 38 8
3 38 8
4 38 8
5 38 8
6 38 8
7 38 8
8 38 8
9 38 8
10 38 8
11 38 8
12 38 8
13 38 15
14 38 15
15 38 15
16 38 15
17 38 15
18 38 15
19 38 15
20 38 15
21 38 6
22 38 6
23 38 6
24 38 6
25 38 6
26 38 6
27 38 6
28 38 6
29 38 6
30 38 6
31 38 6
32 38 6
33 38 6
34 38 10
35 38 10
36 38 10
37 38 10
38 38 10
39 38 10
40 38 10
41 38 10
42 38 10
43 38 10
44 38 10
2 39 8
3 39 8
4 39 8
5 39 8
6 39 8
7 39 8
8 39 8
9 39 8
10 39 8
11 39 8
12 39 8
13 39 15
14 39 15
15 39 15
16 39 15
17 39 15
18 39 15
19 39 15
20 39 15
21 39 6
22 39 6
23 39 6
24 39 6
25 39 6
26 39 6
27 39 6
28 39 6
29 39 6
30 39 6
31 39 6
32 39 6
33 39 6
34 39 10
35 39 10
36 39 10
37 39 10
38 39 10
39 39 10
40 39 10
41 39 10
42 39 10
43 39 10
44 39 10
2 40 8
3 40 8
4 40 8
5 40 8
6 40 8
7 40 8
8 40 8
9 40 8
10 40 8
11 40 8
12 40 8
13 40 15
14 40 15
15 40 15
16 40 15
17 40 15
18 40 15
19 40 15
20 40 15
21 40 15
22 40 6
23 40 6
24 40 6
25 40 6
26 40 6
27 40 6
28 40 6
29 40 6
30 40 6
31 40 6
32 40 6
33 40 6
34 40 10
35 40 10
36 40 10
37 40 10
38 40 10
39 40 10
40 40 10
41 40 10
42 40 10
43 40 10
44 40 10
2 41 8
3 41 8
4 41 8
5 41 8
6 41 8
7 41 8
8 41 8
9 41 8
10 41 8
11 41 8
12 41 8
13 41 15
14 41 15
15 41 15
16 41 15
17 41 15
18 41 15
19 41 15
20 41 15
21 41 15
22 41 6
23 41 6
24 41 6
25 41 6
26 41 6
27 41 6
28 41 6
29 41 6
30 41 6
31 41 6
32 41 6
33 41 6
34 41 10
35 41 10
36 41 10
37 41 10
38 41 10
39 41 10
40 41 10
41 41 10
42 41 10
43 41 10
44 41 10
2 42 8
3 42 8
4 42 8
5 42 8
6 42 8
7 42 8
8 42 8
9 42 8
10 42 8
11 42 8
12 42 8
13 42 15
14 42 15
15 42 15
16 42 15
17 42 15
18 42 15
19 42 15
20 42 15
21 42 15
22 42 3
23 42 3
24 42 3
25 42 3
26 42 3
27 42 3
28 42 3
29 42 3
30 42 3
31 42 3
32 42 3
33 42 3
34 42 10
35 42 10
36 42 10
37 42 10
38 42 10
39 42 10
40 42 10
41 42 10
42 42 10
43 42 10
44 42 10
3 43 8
4 43 8
5 43 8
6 43 8
7 43 8
8 43 8
9 43 8
10 43 8
11 43 8
12 43 8
13 43 15
14 43 15
15 43 15
16 43 15
17 43 15
18 43 15
19 43 15
20 43 15
21 43 15
22 43 3
23 43 3
24 43 3
25 43 3
26 43 3
27 43 3
28 43 3
29 43 3
30 43 3
31 43 3
32 43 3
33 43 3
34 43 13
35 43 13
36 43 10
37 43 10
38 43 10
39 43 10
40 43 10
41 43 10
42 43 10
43 43 10
44 43 10
3 44 4
4 44 4
5 44 4
6 44 4
7 44 4
8 44 4
9 44 4
10 44 4
11 44 4
12 44 4
13 44 15
14 44 15
15 44 15
16 44 15
17 44 15
18 44 15
19 44 15
20 44 15
21 44 15
22 44 3
23 44 3
24 44 3
25 44 3
26 44 3
27 44 3
28 44 3
29 44 3
30 44 3
31 44 3
32 44 3
33 44 3
34 44 13
35 44 13
36 44 13
37 44 13
38 44 13
39 44 13
40 44 13
41 44 13
42 44 13
43 44 13
44 44 13
3 45 4
4 45 4
5 45 4
6 45 4
7 45 4
8 45 4
9 45 4
10 45 4
11 45 4
12 45 4
13 45 4
14 45 15
15 45 15
16 45 15
17 45 15
18 45 15
19 45 15
20 45 15
21 45 15
22 45 3
23 45 3
24 45 3
25 45 3
26 45 3
27 45 3
28 45 3
29 45 3
30 45 3
31 45 3
32 45 3
33 45 3
34 45 13
35 45 13
36 45 13
37 45 13
38 45 13
39 45 13
40 45 13
41 45 13
42 45 13
43 45 13
44 45 13
3 46 4
4 46 4
5 46 4
6 46 4
7 46 4
8 46 4
9 46 4
10 46 4
11 46 4
12 46 4
13 46 4
14 46 4
15 46 16
16 46 16
17 46 16
18 46 16
19 46 16
20 46 16
21 46 16
22 46 3
23 46 3
24 46 3
25 46 3
26 46 3
27 46 3
28 46 3
29 46 3
30 46 3
31 46 3
32 46 3
33 46 3
34 46 13
35 46 13
36 46 13
37 46 13
38 46 13
39 46 13
40 46 13
41 46 13
42 46 13
43 46 13
44 46 13
3 47 4
4 47 4
5 47 4
6 47 4
7 47 4
8 47 4
9 47 4
10 47 4
11 47 4
12 47 4
13 47 4
14 47 4
15 47 16
16 47 16
17 47 16
18 47 16
19 47 16
20 47 16
21 47 16
22 47 16
23 47 3
24 47 3
25 47 3
26 47 3
27 47 3
28 47 3
29 47 3
30 47 3
31 47 3
32 47 3
33 47 3
34 47 13
35 47 13
36 47 13
37 47 13
38 47 13
39 47 13
40 47 13
41 47 13
42 47 13
43 47 13
44 47 13
4 48 4
5 48 4
6 48 4
7 48 4
8 48 4
9 48 4
10 48 4
11 48 4
12 48 4
13 48 4
14 48 4
15 48 16
16 48 16
17 48 16
18 48 16
19 48 16
20 48 16
21 48 16
22 48 16
23 48 3
24 48 3
25 48 3
26 48 3
27 48 3
28 48 3
29 48 3
30 48 3
31 48 3
32 48 3
33 48 3
34 48 13
35 48 13
36 48 13
37 48 13
38 48 13
39 48 13
40 48 13
41 48 13
42 48 13
43 48 13
44 48 13
4 49 4
5 49 4
6 49 4
7 49 4
8 49 4
9 49 4
10 49 4
11 49 4
12 49 4
13 49 4
14 49 4
15 49 16
16 49 16
17 49 16
18 49 16
19 49 16
20 49 16
21 49 16
22 49 16
23 49 3
24 49 3
25 49 3
26 49 3
27 49 3
28 49 3
29 49 3
30 49 3
31 49 3
32 49 3
33 49 3
34 49 13
35 49 13
36 49 13
37 49 13
38 49 13
39 49 13
40 49 13
41 49 13
42 49 13
43 49 13
44 49 13
4 50 4
5 50 4
6 50 4
7 50 4
8 50 4
9 50 4
10 50 4
11 50 4
12 50 4
13 50 4
14 50 4
15 50 16
16 50 16
17 50 16
18 50 16
19 50 16
20 50 16
21 50 16
22 50 16
23 50 3
24 50 3
25 50 3
26 50 3
27 50 3
28 50 3
29 50 3
30 50 3
31 50 3
32 50 3
33 50 3
34 50 13
35 50 13
36 50 13
37 50 13
38 50 13
39 50 13
40 50 13
41 50 13
42 50 13
43 50 13
44 50 13
4 51 4
5 51 4
6 51 4
7 51 4
8 51 4
9 51 4
10 51 4
11 51 4
12 51 4
13 51 4
14 51 4
15 51 16
16 51 16
17 51 16
18 51 16
19 51 16
20 51 16
21 51 16
22 51 16
23 51 3
24 51 3
25 51 3
26 51 3
27 51 3
28 51 7
29 51 7
30 51 7
31 51 7
32 51 7
33 51 7
34 51 13
35 51 13
36 51 13
37 51 13
38 51 13
39 51 13
40 51 13
41 51 13
42 51 13
43 51 13
44 51 13
4 52 4
5 52 4
6 52 4
7 52 4
8 52 4
9 52 4
10 52 4
11 52 4
12 52 4
13 52 16
14 52 16
15 52 16
16 52 16
17 52 16
18 52 16
19 52 16
20 52 16
21 52 16
22 52 16
23 52 16
24 52 7
25 52 7
26 52 7
27 52 7
28 52 7
29 52 7
30 52 7
31 52 7
32 52 7
33 52 7
34 52 7
35 52 13
36 52 13
37 52 13
38 52 13
39 52 13
40 52 13
41 52 13
42 52 13
6 53 4
7 53 4
8 53 4
9 53 4
10 53 4
11 53 4
12 53 4
13 53 16
14 53 16
15 53 16
16 53 16
17 53 16
18 53 16
19 53 16
20 53 16
21 53 16
22 53 16
23 53 16
24 53 7
25 53 7
26 53 7
27 53 7
28 53 7
29 53 7
30 53 7
31 53 7
32 53 7
33 53 7
34 53 7
35 53 7
36 53 7
37 53 13
38 53 13
39 53 13
40 53 13
41 53 13
9 54 4
10 54 4
11 54 4
12 54 4
13 54 16
14 54 16
15 54 16
16 54 16
17 54 16
18 54 16
19 54 16
20 54 16
21 54 16
22 54 16
23 54 16
24 54 7
25 54 7
26 54 7
27 54 7
28 54 7
29 54 7
30 54 7
31 54 7
32 54 7
33 54 7
34 54 7
35 54 7
36 54 7
37 54 13
38 54 13
39 54 13
40 54 13
13 55 16
14 55 16
15 55 16
16 55 16
17 55 16
18 55 16
19 55 16
20 55 16
21 55 16
22 55 16
23 55 16
24 55 7
25 55 7
26 55 7
27 55 7
28 55 7
29 55 7
30 55 7
31 55 7
32 55 7
33 55 7
34 55 7
35 55 7
36 55 7
37 55 13
38 55 13
15 56 16
16 56 16
17 56 16
18 56 16
19 56 16
20 56 16
21 56 16
22 56 16
23 56 16
24 56 7
25 56 7
26 56 7
27 56 7
28 56 7
29 56 7
30 56 7
31 56 7
32 56 7
33 56 7
34 56 7
35 56 7
36 56 7
18 57 16
19 57 16
20 57 16
21 57 16
22 57 16
23 57 16
24 57 7
25 57 7
26 57 7
27 57 7
28 57 7
29 57 7
30 57 7
31 57 7
32 57 7
33 57 7
34 57 7
35 57 7
20 58 16
21 58 16
22 58 16
23 58 7
24 58 7
25 58 7
26 58 7
27 58 7
28 58 7
29 58 7
30 58 7
31 58 7
32 58 7
33 58 7
23 59 7
24 59 7
25 59 7
26 59 7
27 59 7
28 59 7
29 59 7
30 59 7
31 59 7
32 59 7
25 60 7
26 60 7
27 60 7
28 60 7
29 60 7
30 60 7
31 60 7
