57 52 2180
41 1 6
42 1 6
43 1 6
44 1 6
45 1 6
46 1 6
47 1 5
48 1 5
49 1 5
50 1 5
51 1 5
52 1 5
53 1 5
54 1 5
55 1 5
56 1 5
36 2 3
37 2 6
38 2 6
39 2 6
40 2 6
41 2 6
42 2 6
43 2 6
44 2 6
45 2 6
46 2 6
47 2 5
48 2 5
49 2 5
50 2 5
51 2 5
52 2 5
53 2 5
54 2 5
55 2 5
56 2 5
32 3 3
33 3 3
34 3 3
35 3 3
36 3 3
37 3 6
38 3 6
39 3 6
40 3 6
41 3 6
42 3 6
43 3 6
44 3 6
45 3 6
46 3 6
47 3 5
48 3 5
49 3 5
50 3 5
51 3 5
52 3 5
53 3 5
54 3 5
55 3 5
56 3 5
28 4 3
29 4 3
30 4 3
31 4 3
32 4 3
33 4 3
34 4 3
35 4 3
36 4 3
37 4 6
38 4 6
39 4 6
40 4 6
41 4 6
42 4 6
43 4 6
44 4 6
45 4 6
46 4 6
47 4 5
48 4 5
49 4 5
50 4 5
51 4 5
52 4 5
53 4 5
54 4 5
55 4 5
56 4 5
24 5 12
25 5 12
26 5 3
27 5 3
28 5 3
29 5 3
30 5 3
31 5 3
32 5 3
33 5 3
34 5 3
35 5 3
36 5 3
37 5 6
38 5 6
39 5 6
40 5 6
41 5 6
42 5 6
43 5 6
44 5 6
45 5 6
46 5 6
47 5 5
48 5 5
49 5 5
50 5 5
51 5 5
52 5 5
53 5 5
54 5 5
55 5 5
56 5 5
20 6 12
21 6 12
22 6 12
23 6 12
24 6 12
25 6 12
26 6 3
27 6 3
28 6 3
29 6 3
30 6 3
31 6 3
32 6 3
33 6 3
34 6 3
35 6 3
36 6 3
37 6 6
38 6 6
39 6 6
40 6 6
41 6 6
42 6 6
43 6 6
44 6 6
45 6 6
46 6 6
47 6 5
48 6 5
49 6 5
50 6 5
51 6 5
52 6 5
53 6 5
54 6 5
55 6 5
56 6 5
16 7 12
17 7 12
18 7 12
19 7 12
20 7 12
21 7 12
22 7 12
23 7 12
24 7 12
25 7 12
26 7 3
27 7 3
28 7 3
29 7 3
30 7 3
31 7 3
32 7 3
33 7 3
34 7 3
35 7 3
36 7 3
37 7 3
38 7 6
39 7 6
40 7 6
41 7 6
42 7 6
43 7 6
44 7 6
45 7 6
46 7 6
47 7 5
48 7 5
49 7 5
50 7 5
51 7 5
52 7 5
53 7 5
54 7 5
55 7 5
56 7 5
16 8 12
17 8 12
18 8 12
19 8 12
20 8 12
21 8 12
22 8 12
23 8 12
24 8 12
25 8 12
26 8 3
27 8 3
28 8 3
29 8 3
30 8 3
31 8 3
32 8 3
33 8 3
34 8 3
35 8 3
36 8 3
37 8 3
38 8 6
39 8 6
40 8 6
41 8 6
42 8 6
43 8 6
44 8 6
45 8 6
46 8 6
47 8 5
48 8 5
49 8 5
50 8 5
51 8 5
52 8 5
53 8 5
54 8 5
55 8 5
56 8 5
15 9 12
16 9 12
17 9 12
18 9 12
19 9 12
20 9 12
21 9 12
22 9 12
23 9 12
24 9 12
25 9 12
26 9 3
27 9 3
28 9 3
29 9 3
30 9 3
31 9 3
32 9 3
33 9 3
34 9 3
35 9 3
36 9 3
37 9 3
38 9 6
39 9 6
40 9 6
41 9 6
42 9 6
43 9 6
44 9 6
45 9 6
46 9 6
47 9 5
48 9 5
49 9 5
50 9 5
51 9 5
52 9 5
53 9 5
54 9 5
55 9 5
56 9 5
14 10 12
15 10 12
16 10 12
17 10 12
18 10 12
19 10 12
20 10 12
21 10 12
22 10 12
23 10 12
24 10 12
25 10 12
26 10 3
27 10 3
28 10 3
29 10 3
30 10 3
31 10 3
32 10 3
33 10 3
34 10 3
35 10 3
36 10 3
37 10 3
38 10 6
39 10 6
40 10 6
41 10 6
42 10 6
43 10 6
44 10 6
45 10 6
46 10 6
47 10 5
48 10 5
49 10 5
50 10 5
51 10 5
52 10 5
53 10 5
54 10 5
55 10 5
56 10 5
14 11 12
15 11 12
16 11 12
17 11 12
18 11 12
19 11 12
20 11 12
21 11 12
22 11 12
23 11 12
24 11 12
25 11 12
26 11 3
27 11 3
28 11 3
29 11 3
30 11 3
31 11 3
32 11 3
33 11 3
34 11 3
35 11 3
36 11 3
37 11 3
38 11 6
39 11 6
40 11 6
41 11 6
42 11 6
43 11 6
44 11 6
45 11 6
46 11 6
47 11 5
48 11 5
49 11 5
50 11 5
51 11 5
52 11 5
53 11 5
54 11 5
55 11 5
13 12 12
14 12 12
15 12 12
16 12 12
17 12 12
18 12 12
19 12 12
20 12 12
21 12 12
22 12 12
23 12 12
24 12 12
25 12 12
26 12 3
27 12 3
28 12 3
29 12 3
30 12 3
31 12 3
32 12 3
33 12 3
34 12 3
35 12 3
36 12 3
37 12 3
38 12 6
39 12 6
40 12 6
41 12 6
42 12 6
43 12 6
44 12 6
45 12 6
46 12 15
47 12 15
48 12 15
49 12 15
50 12 15
51 12 15
52 12 15
53 12 15
54 12 15
55 12 15
12 13 12
13 13 12
14 13 12
15 13 12
16 13 12
17 13 12
18 13 12
19 13 12
20 13 12
21 13 12
22 13 12
23 13 12
24 13 12
25 13 12
26 13 2
27 13 2
28 13 2
29 13 2
30 13 2
31 13 2
32 13 2
33 13 2
34 13 2
35 13 7
36 13 7
37 13 7
38 13 7
39 13 7
40 13 7
41 13 7
42 13 7
43 13 7
44 13 7
45 13 7
46 13 15
47 13 15
48 13 15
49 13 15
50 13 15
51 13 15
52 13 15
53 13 15
54 13 15
55 13 15
12 14 12
13 14 12
14 14 12
15 14 12
16 14 12
17 14 12
18 14 12
19 14 12
20 14 12
21 14 12
22 14 12
23 14 12
24 14 12
25 14 12
26 14 2
27 14 2
28 14 2
29 14 2
30 14 2
31 14 2
32 14 2
33 14 2
34 14 2
35 14 7
36 14 7
37 14 7
38 14 7
39 14 7
40 14 7
41 14 7
42 14 7
43 14 7
44 14 7
45 14 7
46 14 15
47 14 15
48 14 15
49 14 15
50 14 15
51 14 15
52 14 15
53 14 15
54 14 15
55 14 15
11 15 17
12 15 17
13 15 17
14 15 17
15 15 17
16 15 17
17 15 17
18 15 17
19 15 12
20 15 12
21 15 12
22 15 12
23 15 12
24 15 2
25 15 2
26 15 2
27 15 2
28 15 2
29 15 2
30 15 2
31 15 2
32 15 2
33 15 2
34 15 2
35 15 7
36 15 7
37 15 7
38 15 7
39 15 7
40 15 7
41 15 7
42 15 7
43 15 7
44 15 7
45 15 7
46 15 15
47 15 15
48 15 15
49 15 15
50 15 15
51 15 15
52 15 15
53 15 15
54 15 15
55 15 15
10 16 17
11 16 17
12 16 17
13 16 17
14 16 17
15 16 17
16 16 17
17 16 17
18 16 17
19 16 17
20 16 17
21 16 17
22 16 17
23 16 17
24 16 2
25 16 2
26 16 2
27 16 2
28 16 2
29 16 2
30 16 2
31 16 2
32 16 2
33 16 2
34 16 2
35 16 7
36 16 7
37 16 7
38 16 7
39 16 7
40 16 7
41 16 7
42 16 7
43 16 7
44 16 7
45 16 7
46 16 15
47 16 15
48 16 15
49 16 15
50 16 15
51 16 15
52 16 15
53 16 15
54 16 15
55 16 15
10 17 17
11 17 17
12 17 17
13 17 17
14 17 17
15 17 17
16 17 17
17 17 17
18 17 17
19 17 17
20 17 17
21 17 17
22 17 17
23 17 17
24 17 2
25 17 2
26 17 2
27 17 2
28 17 2
29 17 2
30 17 2
31 17 2
32 17 2
33 17 2
34 17 2
35 17 2
36 17 7
37 17 7
38 17 7
39 17 7
40 17 7
41 17 7
42 17 7
43 17 7
44 17 7
45 17 7
46 17 15
47 17 15
48 17 15
49 17 15
50 17 15
51 17 15
52 17 15
53 17 15
54 17 15
55 17 15
9 18 17
10 18 17
11 18 17
12 18 17
13 18 17
14 18 17
15 18 17
16 18 17
17 18 17
18 18 17
19 18 17
20 18 17
21 18 17
22 18 17
23 18 17
24 18 2
25 18 2
26 18 2
27 18 2
28 18 2
29 18 2
30 18 2
31 18 2
32 18 2
33 18 2
34 18 2
35 18 2
36 18 7
37 18 7
38 18 7
39 18 7
40 18 7
41 18 7
42 18 7
43 18 7
44 18 7
45 18 7
46 18 15
47 18 15
48 18 15
49 18 15
50 18 15
51 18 15
52 18 15
53 18 15
54 18 15
55 18 15
8 19 17
9 19 17
10 19 17
11 19 17
12 19 17
13 19 17
14 19 17
15 19 17
16 19 17
17 19 17
18 19 17
19 19 17
20 19 17
21 19 17
22 19 17
23 19 17
24 19 2
25 19 2
26 19 2
27 19 2
28 19 2
29 19 2
30 19 2
31 19 2
32 19 2
33 19 2
34 19 2
35 19 2
36 19 7
37 19 7
38 19 7
39 19 7
40 19 7
41 19 7
42 19 7
43 19 7
44 19 7
45 19 7
46 19 15
47 19 15
48 19 15
49 19 15
50 19 15
51 19 15
52 19 15
53 19 15
54 19 15
55 19 15
8 20 17
9 20 17
10 20 17
11 20 17
12 20 17
13 20 17
14 20 17
15 20 17
16 20 17
17 20 17
18 20 17
19 20 17
20 20 17
21 20 17
22 20 17
23 20 17
24 20 17
25 20 2
26 20 2
27 20 2
28 20 2
29 20 2
30 20 2
31 20 2
32 20 2
33 20 2
34 20 2
35 20 2
36 20 7
37 20 7
38 20 7
39 20 7
40 20 7
41 20 7
42 20 7
43 20 7
44 20 7
45 20 7
46 20 15
47 20 15
48 20 15
49 20 15
50 20 15
51 20 15
52 20 15
53 20 15
54 20 15
55 20 15
7 21 11
8 21 11
9 21 11
10 21 11
11 21 17
12 21 17
13 21 17
14 21 17
15 21 17
16 21 17
17 21 17
18 21 17
19 21 17
20 21 17
21 21 17
22 21 17
23 21 17
24 21 17
25 21 2
26 21 2
27 21 2
28 21 2
29 21 2
30 21 2
31 21 2
32 21 2
33 21 2
34 21 2
35 21 2
36 21 7
37 21 7
38 21 7
39 21 7
40 21 7
41 21 7
42 21 7
43 21 7
44 21 7
45 21 7
46 21 15
47 21 15
48 21 15
49 21 15
50 21 15
51 21 15
52 21 15
53 21 15
54 21 15
55 21 15
6 22 11
7 22 11
8 22 11
9 22 11
10 22 11
11 22 11
12 22 11
13 22 11
14 22 17
15 22 17
16 22 17
17 22 17
18 22 17
19 22 17
20 22 17
21 22 17
22 22 17
23 22 17
24 22 17
25 22 2
26 22 2
27 22 2
28 22 2
29 22 2
30 22 2
31 22 2
32 22 2
33 22 2
34 22 2
35 22 2
36 22 7
37 22 7
38 22 7
39 22 7
40 22 7
41 22 7
42 22 7
43 22 7
44 22 7
45 22 7
46 22 15
47 22 15
48 22 15
49 22 15
50 22 15
51 22 15
52 22 15
53 22 15
54 22 15
5 23 11
6 23 11
7 23 11
8 23 11
9 23 11
10 23 11
11 23 11
12 23 11
13 23 11
14 23 8
15 23 8
16 23 8
17 23 8
18 23 8
19 23 8
20 23 8
21 23 8
22 23 8
23 23 8
24 23 8
25 23 14
26 23 14
27 23 14
28 23 14
29 23 14
30 23 14
31 23 14
32 23 14
33 23 14
34 23 14
35 23 14
36 23 14
37 23 14
38 23 14
39 23 14
40 23 7
41 23 7
42 23 7
43 23 7
44 23 7
45 23 18
46 23 18
47 23 18
48 23 18
49 23 18
50 23 18
51 23 18
52 23 18
53 23 18
54 23 18
4 24 11
5 24 11
6 24 11
7 24 11
8 24 11
9 24 11
10 24 11
11 24 11
12 24 11
13 24 11
14 24 8
15 24 8
16 24 8
17 24 8
18 24 8
19 24 8
20 24 8
21 24 8
22 24 8
23 24 8
24 24 8
25 24 14
26 24 14
27 24 14
28 24 14
29 24 14
30 24 14
31 24 14
32 24 14
33 24 14
34 24 14
35 24 14
36 24 14
37 24 14
38 24 14
39 24 14
40 24 18
41 24 18
42 24 18
43 24 18
44 24 18
45 24 18
46 24 18
47 24 18
48 24 18
49 24 18
50 24 18
51 24 18
52 24 18
53 24 18
54 24 18
4 25 11
5 25 11
6 25 11
7 25 11
8 25 11
9 25 11
10 25 11
11 25 11
12 25 11
13 25 11
14 25 8
15 25 8
16 25 8
17 25 8
18 25 8
19 25 8
20 25 8
21 25 8
22 25 8
23 25 8
24 25 8
25 25 14
26 25 14
27 25 14
28 25 14
29 25 14
30 25 14
31 25 14
32 25 14
33 25 14
34 25 14
35 25 14
36 25 14
37 25 14
38 25 14
39 25 18
40 25 18
41 25 18
42 25 18
43 25 18
44 25 18
45 25 18
46 25 18
47 25 18
48 25 18
49 25 18
50 25 18
51 25 18
52 25 18
53 25 18
54 25 18
4 26 11
5 26 11
6 26 11
7 26 11
8 26 11
9 26 11
10 26 11
11 26 11
12 26 11
13 26 11
14 26 8
15 26 8
16 26 8
17 26 8
18 26 8
19 26 8
20 26 8
21 26 8
22 26 8
23 26 8
24 26 8
25 26 14
26 26 14
27 26 14
28 26 14
29 26 14
30 26 14
31 26 14
32 26 14
33 26 14
34 26 14
35 26 14
36 26 14
37 26 14
38 26 14
39 26 18
40 26 18
41 26 18
42 26 18
43 26 18
44 26 18
45 26 18
46 26 18
47 26 18
48 26 18
49 26 18
50 26 18
51 26 18
52 26 18
53 26 18
54 26 18
4 27 11
5 27 11
6 27 11
7 27 11
8 27 11
9 27 11
10 27 11
11 27 11
12 27 11
13 27 11
14 27 8
15 27 8
16 27 8
17 27 8
18 27 8
19 27 8
20 27 8
21 27 8
22 27 8
23 27 8
24 27 8
25 27 8
26 27 14
27 27 14
28 27 14
29 27 14
30 27 14
31 27 14
32 27 14
33 27 14
34 27 14
35 27 14
36 27 14
37 27 14
38 27 14
39 27 18
40 27 18
41 27 18
42 27 18
43 27 18
44 27 18
45 27 18
46 27 18
47 27 18
48 27 18
49 27 18
50 27 18
51 27 18
52 27 18
53 27 18
3 28 11
4 28 11
5 28 11
6 28 11
7 28 11
8 28 11
9 28 11
10 28 11
11 28 11
12 28 11
13 28 11
14 28 8
15 28 8
16 28 8
17 28 8
18 28 8
19 28 8
20 28 8
21 28 8
22 28 8
23 28 8
24 28 8
25 28 8
26 28 14
27 28 14
28 28 14
29 28 14
30 28 14
31 28 14
32 28 14
33 28 14
34 28 14
35 28 14
36 28 14
37 28 14
38 28 14
39 28 18
40 28 18
41 28 18
42 28 18
43 28 18
44 28 18
45 28 18
46 28 18
47 28 18
48 28 18
49 28 18
50 28 18
51 28 18
52 28 18
3 29 11
4 29 11
5 29 11
6 29 11
7 29 11
8 29 11
9 29 11
10 29 11
11 29 11
12 29 11
13 29 11
14 29 8
15 29 8
16 29 8
17 29 8
18 29 8
19 29 8
20 29 8
21 29 8
22 29 8
23 29 8
24 29 8
25 29 8
26 29 14
27 29 14
28 29 14
29 29 14
30 29 14
31 29 14
32 29 14
33 29 14
34 29 14
35 29 14
36 29 14
37 29 14
38 29 14
39 29 18
40 29 18
41 29 18
42 29 18
43 29 18
44 29 18
45 29 18
46 29 18
47 29 18
48 29 18
49 29 18
50 29 18
51 29 18
52 29 18
3 30 11
4 30 11
5 30 11
6 30 11
7 30 11
8 30 11
9 30 11
10 30 11
11 30 11
12 30 11
13 30 11
14 30 8
15 30 8
16 30 8
17 30 8
18 30 8
19 30 8
20 30 8
21 30 8
22 30 8
23 30 8
24 30 8
25 30 8
26 30 9
27 30 14
28 30 14
29 30 14
30 30 14
31 30 14
32 30 14
33 30 14
34 30 14
35 30 14
36 30 14
37 30 14
38 30 14
39 30 18
40 30 18
41 30 18
42 30 18
43 30 18
44 30 18
45 30 18
46 30 18
47 30 18
48 30 20
49 30 20
50 30 20
51 30 20
3 31 11
4 31 11
5 31 11
6 31 11
7 31 11
8 31 11
9 31 11
10 31 11
11 31 11
12 31 11
13 31 11
14 31 8
15 31 8
16 31 8
17 31 8
18 31 8
19 31 8
20 31 8
21 31 8
22 31 8
23 31 8
24 31 8
25 31 8
26 31 9
27 31 9
28 31 9
29 31 9
30 31 9
31 31 9
32 31 9
33 31 9
34 31 9
35 31 9
36 31 9
37 31 9
38 31 20
39 31 20
40 31 20
41 31 20
42 31 20
43 31 20
44 31 20
45 31 20
46 31 20
47 31 20
48 31 20
49 31 20
50 31 20
51 31 20
2 32 13
3 32 13
4 32 13
5 32 13
6 32 13
7 32 13
8 32 13
9 32 11
10 32 11
11 32 11
12 32 11
13 32 1
14 32 1
15 32 1
16 32 1
17 32 1
18 32 1
19 32 1
20 32 1
21 32 8
22 32 8
23 32 8
24 32 8
25 32 8
26 32 9
27 32 9
28 32 9
29 32 9
30 32 9
31 32 9
32 32 9
33 32 9
34 32 9
35 32 9
36 32 9
37 32 9
38 32 20
39 32 20
40 32 20
41 32 20
42 32 20
43 32 20
44 32 20
45 32 20
46 32 20
47 32 20
48 32 20
49 32 20
50 32 20
2 33 13
3 33 13
4 33 13
5 33 13
6 33 13
7 33 13
8 33 13
9 33 13
10 33 13
11 33 13
12 33 13
13 33 1
14 33 1
15 33 1
16 33 1
17 33 1
18 33 1
19 33 1
20 33 1
21 33 1
22 33 1
23 33 1
24 33 1
25 33 1
26 33 9
27 33 9
28 33 9
29 33 9
30 33 9
31 33 9
32 33 9
33 33 9
34 33 9
35 33 9
36 33 9
37 33 9
38 33 20
39 33 20
40 33 20
41 33 20
42 33 20
43 33 20
44 33 20
45 33 20
46 33 20
47 33 20
48 33 20
49 33 20
50 33 20
2 34 13
3 34 13
4 34 13
5 34 13
6 34 13
7 34 13
8 34 13
9 34 13
10 34 13
11 34 13
12 34 13
13 34 1
14 34 1
15 34 1
16 34 1
17 34 1
18 34 1
19 34 1
20 34 1
21 34 1
22 34 1
23 34 1
24 34 1
25 34 1
26 34 9
27 34 9
28 34 9
29 34 9
30 34 9
31 34 9
32 34 9
33 34 9
34 34 9
35 34 9
36 34 9
37 34 9
38 34 20
39 34 20
40 34 20
41 34 20
42 34 20
43 34 20
44 34 20
45 34 20
46 34 20
47 34 20
48 34 20
49 34 20
2 35 13
3 35 13
4 35 13
5 35 13
6 35 13
7 35 13
8 35 13
9 35 13
10 35 13
11 35 13
12 35 13
13 35 1
14 35 1
15 35 1
16 35 1
17 35 1
18 35 1
19 35 1
20 35 1
21 35 1
22 35 1
23 35 1
24 35 1
25 35 1
26 35 9
27 35 9
28 35 9
29 35 9
30 35 9
31 35 9
32 35 9
33 35 9
34 35 9
35 35 9
36 35 9
37 35 9
38 35 20
39 35 20
40 35 20
41 35 20
42 35 20
43 35 20
44 35 20
45 35 20
46 35 20
47 35 20
48 35 20
1 36 13
2 36 13
3 36 13
4 36 13
5 36 13
6 36 13
7 36 13
8 36 13
9 36 13
10 36 13
11 36 13
12 36 13
13 36 1
14 36 1
15 36 1
16 36 1
17 36 1
18 36 1
19 36 1
20 36 1
21 36 1
22 36 1
23 36 1
24 36 1
25 36 1
26 36 9
27 36 9
28 36 9
29 36 9
30 36 9
31 36 9
32 36 9
33 36 9
34 36 9
35 36 9
36 36 9
37 36 9
38 36 20
39 36 20
40 36 20
41 36 20
42 36 20
43 36 20
44 36 20
45 36 20
46 36 20
47 36 20
48 36 20
1 37 13
2 37 13
3 37 13
4 37 13
5 37 13
6 37 13
7 37 13
8 37 13
9 37 13
10 37 13
11 37 13
12 37 13
13 37 1
14 37 1
15 37 1
16 37 1
17 37 1
18 37 1
19 37 1
20 37 1
21 37 1
22 37 1
23 37 1
24 37 1
25 37 1
26 37 9
27 37 9
28 37 9
29 37 9
30 37 9
31 37 9
32 37 9
33 37 9
34 37 9
35 37 9
36 37 9
37 37 9
38 37 20
39 37 20
40 37 20
41 37 20
42 37 20
43 37 20
44 37 20
45 37 20
46 37 20
47 37 20
1 38 13
2 38 13
3 38 13
4 38 13
5 38 13
6 38 13
7 38 13
8 38 13
9 38 13
10 38 13
11 38 13
12 38 13
13 38 1
14 38 1
15 38 1
16 38 1
17 38 1
18 38 1
19 38 1
20 38 1
21 38 1
22 38 1
23 38 1
24 38 1
25 38 1
26 38 9
27 38 9
28 38 9
29 38 9
30 38 9
31 38 9
32 38 9
33 38 9
34 38 9
35 38 9
36 38 9
37 38 9
38 38 20
39 38 20
40 38 20
41 38 20
42 38 20
43 38 20
44 38 20
45 38 20
46 38 20
47 38 20
2 39 13
3 39 13
4 39 13
5 39 13
6 39 13
7 39 13
8 39 13
9 39 13
10 39 13
11 39 13
12 39 13
13 39 1
14 39 1
15 39 1
16 39 1
17 39 1
18 39 1
19 39 1
20 39 1
21 39 1
22 39 1
23 39 1
24 39 1
25 39 1
26 39 9
27 39 9
28 39 9
29 39 9
30 39 9
31 39 9
32 39 9
33 39 9
34 39 9
35 39 9
36 39 9
37 39 9
38 39 20
39 39 20
40 39 20
41 39 20
42 39 20
43 39 20
44 39 20
45 39 20
46 39 20
2 40 13
3 40 13
4 40 13
5 40 13
6 40 13
7 40 13
8 40 13
9 40 13
10 40 13
11 40 13
12 40 13
13 40 1
14 40 1
15 40 1
16 40 1
17 40 1
18 40 1
19 40 1
20 40 1
21 40 1
22 40 1
23 40 19
24 40 19
25 40 19
26 40 19
27 40 19
28 40 19
29 40 19
30 40 19
31 40 19
32 40 19
33 40 4
34 40 4
35 40 4
36 40 4
37 40 4
38 40 4
39 40 4
40 40 4
41 40 4
42 40 4
43 40 4
44 40 4
45 40 20
46 40 20
2 41 13
3 41 13
4 41 13
5 41 13
6 41 13
7 41 13
8 41 13
9 41 13
10 41 13
11 41 13
12 41 13
13 41 10
14 41 10
15 41 10
16 41 10
17 41 10
18 41 10
19 41 10
20 41 10
21 41 10
22 41 10
23 41 19
24 41 19
25 41 19
26 41 19
27 41 19
28 41 19
29 41 19
30 41 19
31 41 19
32 41 19
33 41 4
34 41 4
35 41 4
36 41 4
37 41 4
38 41 4
39 41 4
40 41 4
41 41 4
42 41 4
43 41 4
44 41 4
45 41 4
2 42 16
3 42 16
4 42 16
5 42 16
6 42 16
7 42 16
8 42 16
9 42 16
10 42 16
11 42 16
12 42 16
13 42 10
14 42 10
15 42 10
16 42 10
17 42 10
18 42 10
19 42 10
20 42 10
21 42 10
22 42 10
23 42 19
24 42 19
25 42 19
26 42 19
27 42 19
28 42 19
29 42 19
30 42 19
31 42 19
32 42 19
33 42 4
34 42 4
35 42 4
36 42 4
37 42 4
38 42 4
39 42 4
40 42 4
41 42 4
42 42 4
43 42 4
44 42 4
2 43 16
3 43 16
4 43 16
5 43 16
6 43 16
7 43 16
8 43 16
9 43 16
10 43 16
11 43 16
12 43 16
13 43 10
14 43 10
15 43 10
16 43 10
17 43 10
18 43 10
19 43 10
20 43 10
21 43 10
22 43 10
23 43 19
24 43 19
25 43 19
26 43 19
27 43 19
28 43 19
29 43 19
30 43 19
31 43 19
32 43 19
33 43 4
34 43 4
35 43 4
36 43 4
37 43 4
38 43 4
39 43 4
40 43 4
41 43 4
42 43 4
43 43 4
44 43 4
2 44 16
3 44 16
4 44 16
5 44 16
6 44 16
7 44 16
8 44 16
9 44 16
10 44 16
11 44 16
12 44 16
13 44 10
14 44 10
15 44 10
16 44 10
17 44 10
18 44 10
19 44 10
20 44 10
21 44 10
22 44 10
23 44 19
24 44 19
25 44 19
26 44 19
27 44 19
28 44 19
29 44 19
30 44 19
31 44 19
32 44 19
33 44 4
34 44 4
35 44 4
36 44 4
37 44 4
38 44 4
39 44 4
40 44 4
41 44 4
42 44 4
43 44 4
2 45 16
3 45 16
4 45 16
5 45 16
6 45 16
7 45 16
8 45 16
9 45 16
10 45 16
11 45 16
12 45 16
13 45 10
14 45 10
15 45 10
16 45 10
17 45 10
18 45 10
19 45 10
20 45 10
21 45 10
22 45 10
23 45 19
24 45 19
25 45 19
26 45 19
27 45 19
28 45 19
29 45 19
30 45 19
31 45 19
32 45 19
33 45 4
34 45 4
35 45 4
36 45 4
37 45 4
38 45 4
39 45 4
40 45 4
41 45 4
42 45 4
43 45 4
2 46 16
3 46 16
4 46 16
5 46 16
6 46 16
7 46 16
8 46 16
9 46 16
10 46 16
11 46 16
12 46 16
13 46 10
14 46 10
15 46 10
16 46 10
17 46 10
18 46 10
19 46 10
20 46 10
21 46 10
22 46 10
23 46 19
24 46 19
25 46 19
26 46 19
27 46 19
28 46 19
29 46 19
30 46 19
31 46 19
32 46 19
33 46 4
34 46 4
35 46 4
36 46 4
37 46 4
38 46 4
39 46 4
40 46 4
41 46 4
42 46 4
2 47 16
3 47 16
4 47 16
5 47 16
6 47 16
7 47 16
8 47 16
9 47 16
10 47 16
11 47 16
12 47 16
13 47 10
14 47 10
15 47 10
16 47 10
17 47 10
18 47 10
19 47 10
20 47 10
21 47 10
22 47 10
23 47 19
24 47 19
25 47 19
26 47 19
27 47 19
28 47 19
29 47 19
30 47 19
31 47 19
32 47 19
33 47 4
34 47 4
35 47 4
36 47 4
37 47 4
38 47 4
39 47 4
40 47 4
41 47 4
42 47 4
2 48 16
3 48 16
4 48 16
5 48 16
6 48 16
7 48 16
8 48 16
9 48 16
10 48 16
11 48 16
12 48 16
13 48 10
14 48 10
15 48 10
16 48 10
17 48 10
18 48 10
19 48 10
20 48 10
21 48 10
22 48 10
23 48 19
24 48 19
25 48 19
26 48 19
27 48 19
28 48 19
29 48 19
30 48 19
31 48 19
32 48 19
33 48 4
34 48 4
35 48 4
36 48 4
37 48 4
38 48 4
39 48 4
40 48 4
41 48 4
2 49 16
3 49 16
4 49 16
5 49 16
6 49 16
7 49 16
8 49 16
9 49 16
10 49 16
11 49 16
12 49 16
13 49 10
14 49 10
15 49 10
16 49 10
17 49 10
18 49 10
19 49 10
20 49 10
21 49 10
22 49 10
23 49 19
24 49 19
25 49 19
26 49 19
27 49 19
28 49 19
29 49 19
30 49 19
31 49 19
32 49 19
33 49 4
34 49 4
35 49 4
36 49 4
37 49 4
38 49 4
39 49 4
40 49 4
41 49 4
2 50 16
3 50 16
4 50 16
5 50 16
6 50 16
7 50 16
8 50 16
9 50 16
10 50 16
11 50 16
12 50 16
13 50 10
14 50 10
15 50 10
16 50 10
17 50 10
18 50 10
19 50 10
20 50 10
21 50 10
22 50 10
23 50 19
24 50 19
25 50 19
26 50 19
27 50 19
28 50 19
29 50 19
30 50 19
31 50 19
3 51 16
4 51 16
5 51 16
6 51 16
7 51 16
8 51 16
9 51 16
10 51 16
11 51 16
12 51 16
13 51 10
14 51 10
15 51 10
16 51 10
17 51 10
18 51 10
19 51 10
20 51 10
21 51 10
