53 53 1962
26 1 8
27 1 8
28 1 8
29 1 8
30 1 3
31 1 3
32 1 3
33 1 3
34 1 3
35 1 3
36 1 3
20 2 8
21 2 8
22 2 8
23 2 8
24 2 8
25 2 8
26 2 8
27 2 8
28 2 8
29 2 8
30 2 3
31 2 3
32 2 3
33 2 3
34 2 3
35 2 3
36 2 3
37 2 3
38 2 3
39 2 3
18 3 8
19 3 8
20 3 8
21 3 8
22 3 8
23 3 8
24 3 8
25 3 8
26 3 8
27 3 8
28 3 8
29 3 8
30 3 3
31 3 3
32 3 3
33 3 3
34 3 3
35 3 3
36 3 3
37 3 3
38 3 3
39 3 3
40 3 3
41 3 3
42 3 3
16 4 18
17 4 18
18 4 8
19 4 8
20 4 8
21 4 8
22 4 8
23 4 8
24 4 8
25 4 8
26 4 8
27 4 8
28 4 8
29 4 8
30 4 3
31 4 3
32 4 3
33 4 3
34 4 3
35 4 3
36 4 3
37 4 3
38 4 3
39 4 3
40 4 3
41 4 3
42 4 3
13 5 18
14 5 18
15 5 18
16 5 18
17 5 18
18 5 8
19 5 8
20 5 8
21 5 8
22 5 8
23 5 8
24 5 8
25 5 8
26 5 8
27 5 8
28 5 8
29 5 8
30 5 3
31 5 3
32 5 3
33 5 3
34 5 3
35 5 3
36 5 3
37 5 3
38 5 3
39 5 3
40 5 3
41 5 3
42 5 3
11 6 18
12 6 18
13 6 18
14 6 18
15 6 18
16 6 18
17 6 18
18 6 8
19 6 8
20 6 8
21 6 8
22 6 8
23 6 8
24 6 8
25 6 8
26 6 8
27 6 8
28 6 8
29 6 8
30 6 8
31 6 3
32 6 3
33 6 3
34 6 3
35 6 3
36 6 3
37 6 3
38 6 3
39 6 3
40 6 3
41 6 3
42 6 3
43 6 3
8 7 18
9 7 18
10 7 18
11 7 18
12 7 18
13 7 18
14 7 18
15 7 18
16 7 18
17 7 18
18 7 18
19 7 8
20 7 8
21 7 8
22 7 8
23 7 8
24 7 8
25 7 8
26 7 8
27 7 8
28 7 8
29 7 8
30 7 8
31 7 3
32 7 3
33 7 3
34 7 3
35 7 3
36 7 3
37 7 3
38 7 3
39 7 3
40 7 3
41 7 3
42 7 3
43 7 3
44 7 3
8 8 18
9 8 18
10 8 18
11 8 18
12 8 18
13 8 18
14 8 18
15 8 18
16 8 18
17 8 18
18 8 18
19 8 8
20 8 8
21 8 8
22 8 8
23 8 8
24 8 8
25 8 8
26 8 8
27 8 8
28 8 8
29 8 8
30 8 8
31 8 3
32 8 3
33 8 3
34 8 3
35 8 3
36 8 3
37 8 3
38 8 3
39 8 3
40 8 3
41 8 3
42 8 3
43 8 3
44 8 3
7 9 18
8 9 18
9 9 18
10 9 18
11 9 18
12 9 18
13 9 18
14 9 18
15 9 18
16 9 18
17 9 18
18 9 18
19 9 8
20 9 8
21 9 8
22 9 8
23 9 8
24 9 8
25 9 8
26 9 8
27 9 8
28 9 8
29 9 8
30 9 12
31 9 12
32 9 3
33 9 3
34 9 3
35 9 3
36 9 3
37 9 3
38 9 3
39 9 3
40 9 3
41 9 3
42 9 3
43 9 3
44 9 6
45 9 6
7 10 18
8 10 18
9 10 18
10 10 18
11 10 18
12 10 18
13 10 18
14 10 18
15 10 18
16 10 18
17 10 18
18 10 18
19 10 8
20 10 8
21 10 8
22 10 8
23 10 8
24 10 8
25 10 8
26 10 8
27 10 8
28 10 8
29 10 8
30 10 12
31 10 12
32 10 12
33 10 12
34 10 12
35 10 12
36 10 12
37 10 12
38 10 12
39 10 6
40 10 6
41 10 6
42 10 6
43 10 6
44 10 6
45 10 6
46 10 6
6 11 18
7 11 18
8 11 18
9 11 18
10 11 18
11 11 18
12 11 18
13 11 18
14 11 18
15 11 18
16 11 18
17 11 18
18 11 18
19 11 4
20 11 4
21 11 4
22 11 4
23 11 4
24 11 4
25 11 4
26 11 4
27 11 4
28 11 4
29 11 12
30 11 12
31 11 12
32 11 12
33 11 12
34 11 12
35 11 12
36 11 12
37 11 12
38 11 12
39 11 6
40 11 6
41 11 6
42 11 6
43 11 6
44 11 6
45 11 6
46 11 6
5 12 18
6 12 18
7 12 18
8 12 18
9 12 18
10 12 18
11 12 18
12 12 18
13 12 18
14 12 18
15 12 18
16 12 18
17 12 18
18 12 4
19 12 4
20 12 4
21 12 4
22 12 4
23 12 4
24 12 4
25 12 4
26 12 4
27 12 4
28 12 4
29 12 12
30 12 12
31 12 12
32 12 12
33 12 12
34 12 12
35 12 12
36 12 12
37 12 12
38 12 12
39 12 6
40 12 6
41 12 6
42 12 6
43 12 6
44 12 6
45 12 6
46 12 6
47 12 6
5 13 18
6 13 18
7 13 18
8 13 18
9 13 18
10 13 18
11 13 18
12 13 18
13 13 18
14 13 18
15 13 18
16 13 18
17 13 18
18 13 4
19 13 4
20 13 4
21 13 4
22 13 4
23 13 4
24 13 4
25 13 4
26 13 4
27 13 4
28 13 4
29 13 12
30 13 12
31 13 12
32 13 12
33 13 12
34 13 12
35 13 12
36 13 12
37 13 12
38 13 12
39 13 6
40 13 6
41 13 6
42 13 6
43 13 6
44 13 6
45 13 6
46 13 6
47 13 6
48 13 6
4 14 16
5 14 16
6 14 16
7 14 16
8 14 18
9 14 18
10 14 18
11 14 18
12 14 18
13 14 18
14 14 18
15 14 18
16 14 18
17 14 18
18 14 4
19 14 4
20 14 4
21 14 4
22 14 4
23 14 4
24 14 4
25 14 4
26 14 4
27 14 4
28 14 4
29 14 12
30 14 12
31 14 12
32 14 12
33 14 12
34 14 12
35 14 12
36 14 12
37 14 12
38 14 12
39 14 6
40 14 6
41 14 6
42 14 6
43 14 6
44 14 6
45 14 6
46 14 6
47 14 6
48 14 6
3 15 16
4 15 16
5 15 16
6 15 16
7 15 16
8 15 16
9 15 16
10 15 16
11 15 16
12 15 16
13 15 16
14 15 16
15 15 16
16 15 16
17 15 16
18 15 4
19 15 4
20 15 4
21 15 4
22 15 4
23 15 4
24 15 4
25 15 4
26 15 4
27 15 4
28 15 4
29 15 12
30 15 12
31 15 12
32 15 12
33 15 12
34 15 12
35 15 12
36 15 12
37 15 12
38 15 12
39 15 6
40 15 6
41 15 6
42 15 6
43 15 6
44 15 6
45 15 6
46 15 6
47 15 6
48 15 6
49 15 6
3 16 16
4 16 16
5 16 16
6 16 16
7 16 16
8 16 16
9 16 16
10 16 16
11 16 16
12 16 16
13 16 16
14 16 16
15 16 16
16 16 16
17 16 16
18 16 4
19 16 4
20 16 4
21 16 4
22 16 4
23 16 4
24 16 4
25 16 4
26 16 4
27 16 4
28 16 4
29 16 12
30 16 12
31 16 12
32 16 12
33 16 12
34 16 12
35 16 12
36 16 12
37 16 12
38 16 12
39 16 6
40 16 6
41 16 6
42 16 6
43 16 6
44 16 6
45 16 6
46 16 6
47 16 6
48 16 6
49 16 6
50 16 6
2 17 16
3 17 16
4 17 16
5 17 16
6 17 16
7 17 16
8 17 16
9 17 16
10 17 16
11 17 16
12 17 16
13 17 16
14 17 16
15 17 16
16 17 16
17 17 16
18 17 4
19 17 4
20 17 4
21 17 4
22 17 4
23 17 4
24 17 4
25 17 4
26 17 4
27 17 4
28 17 4
29 17 12
30 17 12
31 17 12
32 17 12
33 17 12
34 17 12
35 17 12
36 17 12
37 17 12
38 17 12
39 17 6
40 17 6
41 17 6
42 17 6
43 17 6
44 17 6
45 17 6
46 17 6
47 17 6
48 17 6
49 17 6
50 17 6
1 18 16
2 18 16
3 18 16
4 18 16
5 18 16
6 18 16
7 18 16
8 18 16
9 18 16
10 18 16
11 18 16
12 18 16
13 18 16
14 18 16
15 18 16
16 18 16
17 18 16
18 18 4
19 18 4
20 18 4
21 18 4
22 18 4
23 18 4
24 18 4
25 18 4
26 18 4
27 18 4
28 18 4
29 18 12
30 18 12
31 18 12
32 18 12
33 18 12
34 18 12
35 18 12
36 18 12
37 18 12
38 18 12
39 18 6
40 18 6
41 18 6
42 18 6
43 18 6
44 18 6
45 18 6
46 18 6
47 18 6
48 18 6
49 18 6
50 18 6
51 18 6
2 19 16
3 19 16
4 19 16
5 19 16
6 19 16
7 19 16
8 19 16
9 19 16
10 19 16
11 19 16
12 19 16
13 19 16
14 19 16
15 19 16
16 19 16
17 19 16
18 19 4
19 19 4
20 19 4
21 19 4
22 19 4
23 19 4
24 19 4
25 19 4
26 19 4
27 19 4
28 19 4
29 19 12
30 19 12
31 19 12
32 19 12
33 19 12
34 19 12
35 19 12
36 19 12
37 19 12
38 19 12
39 19 6
40 19 6
41 19 6
42 19 6
43 19 6
44 19 6
45 19 6
46 19 6
47 19 6
48 19 6
49 19 6
50 19 6
51 19 6
52 19 6
2 20 16
3 20 16
4 20 16
5 20 16
6 20 16
7 20 16
8 20 16
9 20 16
10 20 16
11 20 16
12 20 16
13 20 16
14 20 16
15 20 16
16 20 16
17 20 16
18 20 4
19 20 4
20 20 4
21 20 4
22 20 4
23 20 4
24 20 4
25 20 4
26 20 4
27 20 4
28 20 4
29 20 14
30 20 14
31 20 12
32 20 12
33 20 12
34 20 12
35 20 12
36 20 12
37 20 12
38 20 12
39 20 11
40 20 11
41 20 11
42 20 11
43 20 11
44 20 11
45 20 11
46 20 11
47 20 11
48 20 11
49 20 11
50 20 11
51 20 11
3 21 16
4 21 16
5 21 16
6 21 16
7 21 16
8 21 16
9 21 16
10 21 16
11 21 16
12 21 16
13 21 17
14 21 17
15 21 17
16 21 17
17 21 5
18 21 5
19 21 5
20 21 5
21 21 5
22 21 5
23 21 5
24 21 5
25 21 5
26 21 5
27 21 14
28 21 14
29 21 14
30 21 14
31 21 14
32 21 14
33 21 14
34 21 14
35 21 14
36 21 14
37 21 14
38 21 14
39 21 14
40 21 11
41 21 11
42 21 11
43 21 11
44 21 11
45 21 11
46 21 11
47 21 11
48 21 11
49 21 11
50 21 11
51 21 11
3 22 17
4 22 17
5 22 17
6 22 17
7 22 17
8 22 17
9 22 17
10 22 17
11 22 17
12 22 17
13 22 17
14 22 17
15 22 17
16 22 17
17 22 5
18 22 5
19 22 5
20 22 5
21 22 5
22 22 5
23 22 5
24 22 5
25 22 5
26 22 5
27 22 14
28 22 14
29 22 14
30 22 14
31 22 14
32 22 14
33 22 14
34 22 14
35 22 14
36 22 14
37 22 14
38 22 14
39 22 14
40 22 11
41 22 11
42 22 11
43 22 11
44 22 11
45 22 11
46 22 11
47 22 11
48 22 11
49 22 11
50 22 11
51 22 11
4 23 17
5 23 17
6 23 17
7 23 17
8 23 17
9 23 17
10 23 17
11 23 17
12 23 17
13 23 17
14 23 17
15 23 17
16 23 17
17 23 5
18 23 5
19 23 5
20 23 5
21 23 5
22 23 5
23 23 5
24 23 5
25 23 5
26 23 5
27 23 14
28 23 14
29 23 14
30 23 14
31 23 14
32 23 14
33 23 14
34 23 14
35 23 14
36 23 14
37 23 14
38 23 14
39 23 14
40 23 11
41 23 11
42 23 11
43 23 11
44 23 11
45 23 11
46 23 11
47 23 11
48 23 11
49 23 11
50 23 11
51 23 11
4 24 17
5 24 17
6 24 17
7 24 17
8 24 17
9 24 17
10 24 17
11 24 17
12 24 17
13 24 17
14 24 17
15 24 17
16 24 17
17 24 5
18 24 5
19 24 5
20 24 5
21 24 5
22 24 5
23 24 5
24 24 5
25 24 5
26 24 5
27 24 14
28 24 14
29 24 14
30 24 14
31 24 14
32 24 14
33 24 14
34 24 14
35 24 14
36 24 14
37 24 14
38 24 14
39 24 14
40 24 11
41 24 11
42 24 11
43 24 11
44 24 11
45 24 11
46 24 11
47 24 11
48 24 11
49 24 11
50 24 11
51 24 11
5 25 17
6 25 17
7 25 17
8 25 17
9 25 17
10 25 17
11 25 17
12 25 17
13 25 17
14 25 17
15 25 17
16 25 17
17 25 5
18 25 5
19 25 5
20 25 5
21 25 5
22 25 5
23 25 5
24 25 5
25 25 5
26 25 5
27 25 14
28 25 14
29 25 14
30 25 14
31 25 14
32 25 14
33 25 14
34 25 14
35 25 14
36 25 14
37 25 14
38 25 14
39 25 14
40 25 11
41 25 11
42 25 11
43 25 11
44 25 11
45 25 11
46 25 11
47 25 11
48 25 11
49 25 11
50 25 11
51 25 11
5 26 17
6 26 17
7 26 17
8 26 17
9 26 17
10 26 17
11 26 17
12 26 17
13 26 17
14 26 17
15 26 17
16 26 17
17 26 5
18 26 5
19 26 5
20 26 5
21 26 5
22 26 5
23 26 5
24 26 5
25 26 5
26 26 5
27 26 14
28 26 14
29 26 14
30 26 14
31 26 14
32 26 14
33 26 14
34 26 14
35 26 14
36 26 14
37 26 14
38 26 14
39 26 14
40 26 11
41 26 11
42 26 11
43 26 11
44 26 11
45 26 11
46 26 11
47 26 11
48 26 11
49 26 11
50 26 11
51 26 11
5 27 17
6 27 17
7 27 17
8 27 17
9 27 17
10 27 17
11 27 17
12 27 17
13 27 17
14 27 17
15 27 17
16 27 17
17 27 5
18 27 5
19 27 5
20 27 5
21 27 5
22 27 5
23 27 5
24 27 5
25 27 5
26 27 5
27 27 14
28 27 14
29 27 14
30 27 14
31 27 14
32 27 14
33 27 14
34 27 14
35 27 14
36 27 14
37 27 14
38 27 14
39 27 14
40 27 11
41 27 11
42 27 11
43 27 11
44 27 11
45 27 11
46 27 11
47 27 11
48 27 11
49 27 11
50 27 11
51 27 11
6 28 17
7 28 17
8 28 17
9 28 17
10 28 17
11 28 17
12 28 17
13 28 17
14 28 17
15 28 17
16 28 17
17 28 5
18 28 5
19 28 5
20 28 5
21 28 5
22 28 5
23 28 5
24 28 5
25 28 5
26 28 5
27 28 14
28 28 14
29 28 14
30 28 14
31 28 14
32 28 14
33 28 14
34 28 14
35 28 14
36 28 14
37 28 14
38 28 14
39 28 14
40 28 11
41 28 11
42 28 11
43 28 11
44 28 11
45 28 11
46 28 11
47 28 11
48 28 11
49 28 11
50 28 11
51 28 11
6 29 17
7 29 17
8 29 17
9 29 17
10 29 17
11 29 17
12 29 17
13 29 17
14 29 17
15 29 17
16 29 17
17 29 5
18 29 5
19 29 5
20 29 5
21 29 5
22 29 5
23 29 5
24 29 5
25 29 5
26 29 5
27 29 9
28 29 9
29 29 9
30 29 9
31 29 9
32 29 9
33 29 9
34 29 9
35 29 9
36 29 14
37 29 14
38 29 14
39 29 7
40 29 7
41 29 7
42 29 7
43 29 7
44 29 7
45 29 7
46 29 7
47 29 7
48 29 7
49 29 7
50 29 7
51 29 7
7 30 15
8 30 15
9 30 15
10 30 17
11 30 17
12 30 17
13 30 17
14 30 17
15 30 17
16 30 17
17 30 5
18 30 5
19 30 5
20 30 5
21 30 5
22 30 5
23 30 5
24 30 5
25 30 5
26 30 5
27 30 9
28 30 9
29 30 9
30 30 9
31 30 9
32 30 9
33 30 9
34 30 9
35 30 9
36 30 9
37 30 7
38 30 7
39 30 7
40 30 7
41 30 7
42 30 7
43 30 7
44 30 7
45 30 7
46 30 7
47 30 7
48 30 7
49 30 7
50 30 7
51 30 7
7 31 15
8 31 15
9 31 15
10 31 15
11 31 15
12 31 15
13 31 15
14 31 15
15 31 15
16 31 15
17 31 15
18 31 5
19 31 5
20 31 5
21 31 5
22 31 5
23 31 5
24 31 5
25 31 5
26 31 5
27 31 9
28 31 9
29 31 9
30 31 9
31 31 9
32 31 9
33 31 9
34 31 9
35 31 9
36 31 9
37 31 7
38 31 7
39 31 7
40 31 7
41 31 7
42 31 7
43 31 7
44 31 7
45 31 7
46 31 7
47 31 7
48 31 7
49 31 7
50 31 7
51 31 7
8 32 15
9 32 15
10 32 15
11 32 15
12 32 15
13 32 15
14 32 15
15 32 15
16 32 15
17 32 15
18 32 1
19 32 1
20 32 1
21 32 1
22 32 1
23 32 1
24 32 1
25 32 1
26 32 1
27 32 9
28 32 9
29 32 9
30 32 9
31 32 9
32 32 9
33 32 9
34 32 9
35 32 9
36 32 9
37 32 7
38 32 7
39 32 7
40 32 7
41 32 7
42 32 7
43 32 7
44 32 7
45 32 7
46 32 7
47 32 7
48 32 7
49 32 7
50 32 7
51 32 7
8 33 15
9 33 15
10 33 15
11 33 15
12 33 15
13 33 15
14 33 15
15 33 15
16 33 15
17 33 15
18 33 1
19 33 1
20 33 1
21 33 1
22 33 1
23 33 1
24 33 1
25 33 1
26 33 1
27 33 9
28 33 9
29 33 9
30 33 9
31 33 9
32 33 9
33 33 9
34 33 9
35 33 9
36 33 9
37 33 7
38 33 7
39 33 7
40 33 7
41 33 7
42 33 7
43 33 7
44 33 7
45 33 7
46 33 7
47 33 7
48 33 7
49 33 7
50 33 7
51 33 7
9 34 15
10 34 15
11 34 15
12 34 15
13 34 15
14 34 15
15 34 15
16 34 15
17 34 15
18 34 1
19 34 1
20 34 1
21 34 1
22 34 1
23 34 1
24 34 1
25 34 1
26 34 1
27 34 9
28 34 9
29 34 9
30 34 9
31 34 9
32 34 9
33 34 9
34 34 9
35 34 9
36 34 9
37 34 7
38 34 7
39 34 7
40 34 7
41 34 7
42 34 7
43 34 7
44 34 7
45 34 7
46 34 7
47 34 7
48 34 7
49 34 7
50 34 7
51 34 7
9 35 15
10 35 15
11 35 15
12 35 15
13 35 15
14 35 15
15 35 15
16 35 15
17 35 15
18 35 1
19 35 1
20 35 1
21 35 1
22 35 1
23 35 1
24 35 1
25 35 1
26 35 1
27 35 9
28 35 9
29 35 9
30 35 9
31 35 9
32 35 9
33 35 9
34 35 9
35 35 9
36 35 9
37 35 7
38 35 7
39 35 7
40 35 7
41 35 7
42 35 7
43 35 7
44 35 7
45 35 7
46 35 7
47 35 7
48 35 7
49 35 7
50 35 7
51 35 7
9 36 15
10 36 15
11 36 15
12 36 15
13 36 15
14 36 15
15 36 15
16 36 15
17 36 15
18 36 1
19 36 1
20 36 1
21 36 1
22 36 1
23 36 1
24 36 1
25 36 1
26 36 1
27 36 9
28 36 9
29 36 9
30 36 9
31 36 9
32 36 9
33 36 9
34 36 9
35 36 9
36 36 9
37 36 7
38 36 7
39 36 7
40 36 7
41 36 7
42 36 7
43 36 13
44 36 13
45 36 13
46 36 13
47 36 13
48 36 13
49 36 13
50 36 13
51 36 13
10 37 15
11 37 15
12 37 15
13 37 15
14 37 15
15 37 15
16 37 15
17 37 15
18 37 1
19 37 1
20 37 1
21 37 1
22 37 1
23 37 1
24 37 1
25 37 1
26 37 1
27 37 9
28 37 9
29 37 9
30 37 9
31 37 9
32 37 9
33 37 9
34 37 9
35 37 9
36 37 9
37 37 13
38 37 13
39 37 13
40 37 13
41 37 13
42 37 13
43 37 13
44 37 13
45 37 13
46 37 13
47 37 13
48 37 13
49 37 13
50 37 13
51 37 13
10 38 15
11 38 15
12 38 15
13 38 15
14 38 15
15 38 15
16 38 15
17 38 15
18 38 1
19 38 1
20 38 1
21 38 1
22 38 1
23 38 1
24 38 1
25 38 1
26 38 1
27 38 9
28 38 9
29 38 9
30 38 9
31 38 9
32 38 9
33 38 9
34 38 9
35 38 9
36 38 9
37 38 13
38 38 13
39 38 13
40 38 13
41 38 13
42 38 13
43 38 13
44 38 13
45 38 13
46 38 13
47 38 13
48 38 13
49 38 13
50 38 13
51 38 13
11 39 15
12 39 15
13 39 15
14 39 15
15 39 15
16 39 15
17 39 15
18 39 1
19 39 1
20 39 1
21 39 1
22 39 1
23 39 1
24 39 1
25 39 1
26 39 1
27 39 9
28 39 9
29 39 9
30 39 9
31 39 9
32 39 9
33 39 9
34 39 9
35 39 9
36 39 9
37 39 13
38 39 13
39 39 13
40 39 13
41 39 13
42 39 13
43 39 13
44 39 13
45 39 13
46 39 13
47 39 13
48 39 13
49 39 13
50 39 13
11 40 15
12 40 15
13 40 15
14 40 15
15 40 15
16 40 15
17 40 15
18 40 1
19 40 1
20 40 1
21 40 1
22 40 1
23 40 1
24 40 1
25 40 1
26 40 1
27 40 1
28 40 2
29 40 2
30 40 2
31 40 2
32 40 2
33 40 2
34 40 2
35 40 2
36 40 2
37 40 2
38 40 13
39 40 13
40 40 13
41 40 13
42 40 13
43 40 13
44 40 13
45 40 13
46 40 13
47 40 13
48 40 13
49 40 13
12 41 15
13 41 15
14 41 15
15 41 15
16 41 15
17 41 15
18 41 1
19 41 1
20 41 1
21 41 1
22 41 1
23 41 1
24 41 1
25 41 1
26 41 1
27 41 1
28 41 2
29 41 2
30 41 2
31 41 2
32 41 2
33 41 2
34 41 2
35 41 2
36 41 2
37 41 2
38 41 2
39 41 13
40 41 13
41 41 13
42 41 13
43 41 13
44 41 13
45 41 13
46 41 13
47 41 13
48 41 13
12 42 15
13 42 15
14 42 15
15 42 15
16 42 15
17 42 15
18 42 15
19 42 1
20 42 1
21 42 1
22 42 1
23 42 1
24 42 1
25 42 1
26 42 1
27 42 1
28 42 2
29 42 2
30 42 2
31 42 2
32 42 2
33 42 2
34 42 2
35 42 2
36 42 2
37 42 2
38 42 2
39 42 13
40 42 13
41 42 13
42 42 13
43 42 13
44 42 13
45 42 13
46 42 13
47 42 13
13 43 15
14 43 15
15 43 15
16 43 15
17 43 15
18 43 10
19 43 10
20 43 1
21 43 1
22 43 1
23 43 1
24 43 1
25 43 1
26 43 1
27 43 1
28 43 2
29 43 2
30 43 2
31 43 2
32 43 2
33 43 2
34 43 2
35 43 2
36 43 2
37 43 2
38 43 2
39 43 13
40 43 13
41 43 13
42 43 13
43 43 13
44 43 13
45 43 13
46 43 13
13 44 10
14 44 10
15 44 10
16 44 10
17 44 10
18 44 10
19 44 10
20 44 10
21 44 10
22 44 10
23 44 10
24 44 10
25 44 10
26 44 10
27 44 10
28 44 2
29 44 2
30 44 2
31 44 2
32 44 2
33 44 2
34 44 2
35 44 2
36 44 2
37 44 2
38 44 2
39 44 13
40 44 13
41 44 13
42 44 13
43 44 13
44 44 13
45 44 13
13 45 10
14 45 10
15 45 10
16 45 10
17 45 10
18 45 10
19 45 10
20 45 10
21 45 10
22 45 10
23 45 10
24 45 10
25 45 10
26 45 10
27 45 10
28 45 2
29 45 2
30 45 2
31 45 2
32 45 2
33 45 2
34 45 2
35 45 2
36 45 2
37 45 2
38 45 2
39 45 13
40 45 13
41 45 13
42 45 13
43 45 13
14 46 10
15 46 10
16 46 10
17 46 10
18 46 10
19 46 10
20 46 10
21 46 10
22 46 10
23 46 10
24 46 10
25 46 10
26 46 10
27 46 10
28 46 2
29 46 2
30 46 2
31 46 2
32 46 2
33 46 2
34 46 2
35 46 2
36 46 2
37 46 2
38 46 2
39 46 13
40 46 13
41 46 13
14 47 10
15 47 10
16 47 10
17 47 10
18 47 10
19 47 10
20 47 10
21 47 10
22 47 10
23 47 10
24 47 10
25 47 10
26 47 10
27 47 10
28 47 2
29 47 2
30 47 2
31 47 2
32 47 2
33 47 2
34 47 2
35 47 2
36 47 2
37 47 2
38 47 2
39 47 13
40 47 13
15 48 10
16 48 10
17 48 10
18 48 10
19 48 10
20 48 10
21 48 10
22 48 10
23 48 10
24 48 10
25 48 10
26 48 10
27 48 10
28 48 2
29 48 2
30 48 2
31 48 2
32 48 2
33 48 2
34 48 2
35 48 2
36 48 2
37 48 2
38 48 2
15 49 10
16 49 10
17 49 10
18 49 10
19 49 10
20 49 10
21 49 10
22 49 10
23 49 10
24 49 10
25 49 10
26 49 10
27 49 10
28 49 10
29 49 2
30 49 2
31 49 2
32 49 2
33 49 2
34 49 2
35 49 2
36 49 2
37 49 2
16 50 10
17 50 10
18 50 10
19 50 10
20 50 10
21 50 10
22 50 10
23 50 10
24 50 10
25 50 10
26 50 10
27 50 10
28 50 10
29 50 2
30 50 2
16 51 10
17 51 10
18 51 10
19 51 10
20 51 10
21 51 10
22 51 10
23 51 10
16 52 10
