The optimal value is 187818.6116
Service ways: {26, 6, 15}
Inverters: 733 724 342 365 88 714 80 387 
Cable routing:
{568: [531, 532, 566, 567, 568, 569, 570, 602], 605: [571, 603, 604, 605, 606, 607, 608, 609], 639: [636, 637, 638, 639, 640, 641, 642, 643], 667: [600, 601, 634, 635, 666, 667, 668, 699], 671: [669, 670, 671, 672, 673, 674], 676: [610, 644, 645, 646, 675, 676, 677, 678], 703: [700, 701, 702, 703, 704, 705, 706, 707], 732: [729, 730, 731, 732], 734: [734, 735, 736], 738: [708, 709, 737, 738, 739, 766, 767, 768], 762: [758, 759, 760, 761, 762, 763, 764, 765], 791: [787, 788, 789, 790, 791, 792, 793, 794], 819: [815, 816, 817, 818, 819, 820, 821], 823: [795, 796, 822, 823, 824, 851, 852, 853], 847: [843, 844, 845, 846, 847, 848, 849, 850]}
{490: [486, 487, 488, 489, 490, 491, 492, 493], 527: [523, 524, 525, 526, 527, 528, 529, 530], 562: [558, 559, 560, 561, 562, 563, 564, 565], 596: [592, 593, 594, 595, 596, 597, 598, 599], 630: [626, 627, 628, 629, 630, 631, 632, 633], 662: [658, 659, 660, 661, 662, 663, 664, 665], 694: [690, 691, 692, 693, 694, 695, 696, 697], 723: [720, 721, 722, 723], 727: [698, 725, 726, 727, 728, 757, 785, 786], 753: [749, 750, 751, 752, 753, 754, 755, 756], 782: [778, 779, 780, 781, 782, 783, 784, 810], 808: [806, 807, 808, 809, 834, 835, 836, 837], 812: [811, 812, 813, 814, 839, 840, 841, 842], 866: [838, 862, 863, 864, 865, 866, 867, 868]}
{95: [72, 73, 94, 95, 96, 97, 120, 121], 151: [123, 124, 125, 150, 151, 152, 153, 154], 178: [122, 147, 148, 149, 176, 177, 178, 179], 210: [180, 181, 206, 207, 208, 209, 210, 211], 213: [155, 182, 183, 184, 212, 213, 214, 245], 241: [237, 238, 239, 240, 241, 242, 243, 244], 274: [271, 272, 273, 274, 275, 276, 277, 278], 308: [305, 306, 307, 308, 309, 310, 311, 312], 338: [269, 270, 303, 304, 337, 338, 373, 374], 341: [339, 340, 341], 343: [343, 344, 345, 346], 378: [375, 376, 377, 378, 415, 416], 380: [379, 380, 381, 382, 417, 418, 419], 413: [410, 411, 412, 413, 414, 450, 451, 452], 455: [453, 454, 455, 456, 457, 458, 494, 495]}
{295: [292, 293, 294, 295, 296, 297, 298, 299], 329: [326, 327, 328, 329, 330, 331], 334: [300, 301, 302, 332, 333, 334, 335, 336], 359: [321, 322, 323, 357, 358, 359, 395, 396], 362: [324, 325, 360, 361, 362, 363, 364, 398], 368: [366, 367, 368, 369, 370, 371, 372, 405], 402: [399, 400, 401, 402, 403, 404], 407: [406, 407, 408, 409, 446, 447, 448, 449], 436: [397, 434, 435, 436, 437, 472, 473, 474], 441: [438, 439, 440, 441, 442, 443, 444, 445], 478: [475, 476, 477, 478, 479, 480, 481, 518], 483: [482, 483, 484, 485, 519, 520, 521, 522], 512: [509, 510, 511, 512, 513, 545, 546, 547], 515: [514, 515, 516, 517, 548, 549, 550, 551]}
{8: [2, 3, 7, 8, 9, 10, 16, 17], 32: [19, 20, 21, 31, 32, 33, 34, 35], 45: [18, 28, 29, 30, 43, 44, 45, 46], 66: [47, 48, 62, 63, 64, 65, 66, 67], 69: [49, 50, 51, 52, 68, 69, 70, 71], 87: [84, 85, 86, 87], 91: [89, 90, 91, 92, 93, 117, 118, 119], 114: [110, 111, 112, 113, 114, 115, 116, 141], 139: [137, 138, 139, 140, 166, 167, 168, 169], 143: [142, 143, 144, 145, 146, 171, 172, 173], 200: [170, 196, 197, 198, 199, 200, 201, 202], 204: [174, 175, 203, 204, 205, 235, 236, 268], 231: [227, 228, 229, 230, 231, 232, 233, 234], 264: [260, 261, 262, 263, 264, 265, 266, 267]}
{586: [552, 553, 583, 584, 585, 586, 587, 621], 589: [554, 555, 556, 557, 588, 589, 590, 591], 616: [580, 581, 582, 614, 615, 616, 617, 618], 651: [619, 620, 647, 648, 649, 650, 651, 652], 655: [622, 623, 624, 625, 654, 655, 656, 657], 684: [653, 682, 683, 684, 685, 686, 687, 715], 711: [679, 680, 681, 710, 711, 712, 713, 740], 718: [688, 689, 716, 717, 718, 719, 747, 748], 743: [741, 742, 743, 744, 745, 746], 772: [769, 770, 771, 772, 773, 801], 775: [774, 775, 776, 777, 802, 803, 804, 805], 799: [797, 798, 799, 800, 825, 826, 827, 828], 831: [829, 830, 831, 832, 833, 859, 860, 861], 856: [854, 855, 856, 857, 858, 869, 870, 871]}
{14: [0, 1, 4, 5, 6, 13, 14, 15], 24: [11, 12, 22, 23, 24, 25, 26, 27], 39: [36, 37, 38, 39, 40, 41, 42], 58: [54, 55, 56, 57, 58, 59, 60, 61], 75: [53, 74, 75, 76, 98, 99, 100, 101], 79: [77, 78, 79], 81: [81, 82, 83], 106: [102, 103, 104, 105, 106, 107, 108, 109], 128: [126, 127, 128, 129, 156, 157, 186, 187], 133: [130, 131, 132, 133, 134, 135, 136], 162: [158, 159, 160, 161, 162, 163, 164, 165], 192: [188, 189, 190, 191, 192, 193, 194, 195], 223: [219, 220, 221, 222, 223, 224, 225, 226], 253: [218, 251, 252, 253, 254, 286, 287, 288], 256: [255, 256, 257, 258, 259, 289, 290, 291]}
{248: [185, 215, 216, 217, 246, 247, 248, 249], 283: [250, 279, 280, 281, 282, 283, 284, 285], 317: [313, 314, 315, 316, 317, 318, 319, 320], 351: [347, 348, 349, 350, 351, 352, 353, 354], 386: [383, 384, 385, 386], 391: [355, 356, 389, 390, 391, 392, 393, 394], 424: [388, 420, 421, 422, 423, 424, 425, 426], 428: [427, 428, 429, 430, 431, 432, 433, 467], 463: [459, 460, 461, 462, 463, 464, 465, 466], 469: [468, 469, 470, 471, 505, 506, 507, 508], 500: [496, 497, 498, 499, 500, 501, 502, 503], 537: [533, 534, 535, 536, 537, 538, 572, 573], 540: [504, 539, 540, 541, 542, 543, 544, 574], 577: [575, 576, 577, 578, 579, 611, 612, 613]}
