The optimal value is 206158.6060
Service ways: {17, 27, 7}
Inverters: 457 177 841 506 139 519 819 160 862 
Cable routing:
{318: [314, 315, 316, 317, 318, 319, 320, 321], 352: [347, 348, 349, 350, 351, 352, 353, 354], 357: [322, 323, 324, 325, 356, 357, 358, 359], 390: [355, 388, 389, 390, 391, 392, 393, 394], 419: [382, 383, 384, 385, 417, 418, 419, 420], 422: [386, 387, 421, 422, 423, 424, 425], 456: [453, 454, 455, 456], 458: [458, 459, 460], 462: [426, 427, 428, 429, 461, 462, 463, 464], 489: [452, 488, 489, 490, 524, 525, 560, 561], 494: [491, 492, 493, 494, 495, 496], 498: [497, 498, 499, 500, 501, 534, 535, 536], 530: [526, 527, 528, 529, 530, 531, 532, 533], 566: [562, 563, 564, 565, 566, 567, 568, 604], 570: [569, 570, 571, 572, 605, 606, 607, 608]}
{42: [9, 10, 23, 24, 25, 41, 42, 43], 65: [44, 45, 62, 63, 64, 65, 66, 67], 89: [86, 87, 88, 89, 90, 91, 92, 93], 117: [114, 115, 116, 117, 118, 119, 120, 121], 147: [144, 145, 146, 147, 148, 149, 150, 151], 176: [174, 175, 176], 178: [178, 179, 180], 182: [122, 152, 181, 182, 183, 213, 214, 215], 209: [206, 207, 208, 209, 210, 211, 212], 241: [238, 239, 240, 241, 242, 243, 244], 245: [245, 246, 247, 277, 278, 279, 280, 310], 273: [269, 270, 271, 272, 273, 274, 275, 276], 306: [302, 303, 304, 305, 306, 307, 308, 309], 311: [311, 312, 313, 342, 343, 344, 345, 346], 339: [334, 335, 336, 337, 338, 339, 340, 341]}
{698: [694, 695, 696, 697, 698, 699, 700, 701], 733: [728, 729, 730, 731, 732, 733, 734, 735], 738: [702, 703, 704, 736, 737, 738, 739, 740], 770: [767, 768, 769, 770, 771, 772, 773, 807], 803: [764, 765, 766, 801, 802, 803, 804, 805], 811: [774, 775, 776, 809, 810, 811, 812, 813], 840: [806, 836, 837, 838, 839, 840], 842: [808, 842, 843, 872, 873, 874], 845: [844, 845, 846, 847, 875, 876, 877, 904], 870: [867, 868, 869, 870, 871, 896, 897, 898], 901: [899, 900, 901, 902, 903, 925, 926, 927], 922: [920, 921, 922, 923, 924, 940, 941, 942], 944: [943, 944, 945, 946, 960, 961, 962, 963], 959: [957, 958, 959, 971, 972, 973, 974, 979]}
{330: [326, 327, 328, 329, 330, 331, 332, 333], 364: [360, 361, 362, 363, 364, 365, 366, 367], 399: [395, 396, 397, 398, 399, 400, 401, 402], 434: [430, 431, 432, 433, 434, 435, 436, 437], 438: [368, 369, 403, 404, 438, 439, 473, 474], 469: [465, 466, 467, 468, 469, 470, 471, 472], 505: [502, 503, 504, 505], 509: [507, 508, 509, 510, 511, 545, 546, 547], 542: [537, 538, 539, 540, 541, 542, 543, 544], 574: [573, 574, 575, 609, 610, 611, 646, 647], 578: [576, 577, 578, 579, 580, 581, 582, 583], 614: [612, 613, 614, 615, 616, 617, 618, 619], 651: [648, 649, 650, 651, 652, 687, 688, 689], 654: [653, 654, 655, 656, 690, 691, 692, 693]}
{4: [1, 2, 3, 4, 5, 6, 7, 8], 18: [15, 16, 17, 18, 19, 20, 21, 22], 36: [33, 34, 35, 36, 37, 38, 39, 40], 53: [0, 13, 14, 31, 32, 52, 53, 77], 57: [54, 55, 56, 57, 58, 59, 60, 61], 81: [78, 79, 80, 81, 82, 83, 84, 85], 109: [105, 106, 107, 108, 109, 110, 111, 112], 138: [135, 136, 137, 138], 141: [113, 140, 141, 142, 143, 171, 172, 173], 168: [165, 166, 167, 168, 169, 170, 197, 229], 201: [198, 199, 200, 201, 202, 203, 204, 205], 233: [230, 231, 232, 233, 234, 235, 236, 237], 265: [261, 262, 263, 264, 265, 266, 267, 268], 298: [294, 295, 296, 297, 298, 299, 300, 301]}
{377: [374, 375, 376, 377, 378, 379, 380, 381], 407: [370, 371, 372, 373, 405, 406, 407, 408], 412: [409, 410, 411, 412, 413, 414, 415, 416], 447: [444, 445, 446, 447, 448, 449, 450, 451], 477: [440, 441, 442, 443, 475, 476, 477, 478], 482: [480, 481, 482, 483, 484, 485, 486, 487], 516: [479, 512, 513, 514, 515, 516, 517, 518], 520: [520, 521, 522, 523], 550: [548, 549, 550, 551, 584, 585, 586, 587], 555: [552, 553, 554, 555, 556, 557, 558, 559], 591: [588, 589, 590, 591, 592, 593, 594, 595], 622: [620, 621, 622, 623, 657, 658, 659, 660], 627: [624, 625, 626, 627, 628, 629, 630, 631], 664: [661, 662, 663, 664, 665, 666, 667, 668]}
{635: [596, 597, 598, 632, 633, 634, 635, 636], 639: [601, 602, 603, 638, 639, 640, 641, 642], 674: [599, 600, 637, 671, 672, 673, 674, 675], 680: [643, 644, 645, 678, 679, 680, 681, 682], 708: [669, 670, 705, 706, 707, 708, 709, 744], 712: [676, 677, 710, 711, 712, 713, 714, 715], 748: [745, 746, 747, 748, 749, 750], 752: [716, 717, 718, 751, 752, 753, 754, 789], 780: [741, 742, 743, 777, 778, 779, 780, 781], 785: [782, 783, 784, 785, 786, 787, 788], 817: [814, 815, 816, 817, 818, 848], 820: [820, 821, 822], 824: [790, 791, 823, 824, 825, 854, 855, 856], 850: [849, 850, 851, 852, 853, 878], 881: [879, 880, 881, 882, 883, 905, 906, 907]}
{28: [11, 12, 26, 27, 28, 29, 30, 49], 72: [46, 47, 48, 70, 71, 72, 73, 74], 97: [68, 69, 94, 95, 96, 97, 98, 99], 102: [50, 51, 75, 76, 101, 102, 103, 104], 130: [100, 128, 129, 130, 131, 132, 133, 134], 154: [123, 124, 153, 154, 155, 184, 185, 186], 157: [125, 126, 127, 156, 157, 158, 159, 188], 161: [161, 162, 163, 164], 192: [189, 190, 191, 192, 193, 194, 195, 196], 220: [187, 216, 217, 218, 219, 220, 252, 285], 224: [221, 222, 223, 224, 225, 226, 227, 228], 250: [248, 249, 250, 251, 281, 282, 283, 284], 256: [253, 254, 255, 256, 257, 258, 259, 260], 289: [286, 287, 288, 289, 290, 291, 292, 293]}
{724: [685, 686, 722, 723, 724, 725, 726, 727], 756: [683, 684, 719, 720, 721, 755, 756, 757], 760: [758, 759, 760, 761, 762, 763, 796, 797], 828: [792, 793, 794, 795, 826, 827, 828, 829], 832: [798, 799, 800, 831, 832, 833, 834, 835], 861: [830, 857, 858, 859, 860, 861, 889, 890], 863: [863, 864, 865, 866], 886: [884, 885, 886, 887, 888, 908, 909, 910], 893: [891, 892, 893, 894, 895, 917, 918, 919], 914: [911, 912, 913, 914, 915, 916, 933, 934], 931: [928, 929, 930, 931, 932, 947, 948, 949], 937: [935, 936, 937, 938, 939, 954, 955, 956], 951: [950, 951, 952, 953, 964, 965, 966, 967], 968: [968, 969, 970, 975, 976, 977, 978, 980]}
