The optimal value is 341917.0728
Service ways: {32, 4, 42, 14, 23}
Inverters: 286 970 44 558 1470 993 584 938 1481 1005 611 265 1410 1399 247 
Cable routing:
{199: [148, 172, 173, 174, 196, 197, 198, 199], 227: [200, 201, 223, 224, 225, 226, 227, 228], 256: [229, 252, 253, 254, 255, 256, 257, 258], 285: [282, 283, 284, 285], 289: [259, 287, 288, 289, 290, 322, 323, 324], 318: [314, 315, 316, 317, 318, 319, 320, 321], 352: [348, 349, 350, 351, 352, 353, 354, 388], 356: [355, 356, 357, 358, 389, 390, 391, 392], 382: [380, 381, 382, 383, 415, 416, 417, 418], 386: [384, 385, 386, 387, 419, 420, 421, 422], 424: [423, 424, 425, 426, 427, 428, 460, 497], 457: [452, 453, 454, 455, 456, 457, 458, 459], 462: [461, 462, 463, 464, 498, 499, 500, 501], 494: [489, 490, 491, 492, 493, 494, 495, 496]}
{789: [785, 786, 787, 788, 789, 790, 791, 792], 837: [793, 835, 836, 837, 838, 839, 840, 882], 875: [829, 830, 831, 873, 874, 875, 876, 921], 878: [832, 833, 834, 877, 878, 879, 880, 881], 924: [922, 923, 924, 925, 926, 969], 929: [883, 884, 885, 927, 928, 929, 930, 931], 966: [919, 920, 965, 966, 967, 968, 1011, 1012], 973: [971, 972, 973, 974, 975, 976, 977, 1019], 1016: [1013, 1014, 1015, 1016, 1017, 1018], 1021: [1020, 1021, 1022, 1023, 1067, 1068, 1069, 1070], 1060: [1058, 1059, 1060, 1061, 1105, 1106, 1107, 1108], 1063: [1062, 1063, 1064, 1065, 1066, 1109, 1110, 1111], 1113: [1112, 1113, 1114, 1115, 1116, 1117, 1161, 1162], 1158: [1153, 1154, 1155, 1156, 1157, 1158, 1159, 1160]}
{4: [0, 1, 2, 3, 4, 5, 6, 7], 12: [8, 9, 10, 11, 12, 13, 14, 15], 21: [17, 18, 19, 20, 21, 22, 23, 24], 31: [27, 28, 29, 30, 31, 32], 36: [16, 25, 26, 34, 35, 36, 37, 38], 43: [40, 41, 42, 43], 45: [33, 45, 46, 47], 49: [48, 49, 50, 51, 62, 63, 64, 65], 54: [39, 52, 53, 54, 55, 68, 69, 70], 58: [56, 57, 58, 59, 60, 61], 74: [71, 72, 73, 74, 75, 90, 91, 92], 77: [76, 77, 78, 79, 80, 81, 93, 94], 89: [85, 86, 87, 88, 89, 109, 110, 132], 96: [95, 96, 97, 98, 116, 117, 118, 119], 112: [111, 112, 113, 114, 115, 133, 134, 135]}
{409: [373, 374, 375, 406, 407, 408, 409, 410], 412: [376, 377, 378, 379, 411, 412, 413, 414], 445: [442, 443, 444, 445, 446, 447, 448, 481], 478: [439, 440, 441, 476, 477, 478, 479, 480], 486: [449, 450, 451, 484, 485, 486, 487, 488], 520: [482, 483, 518, 519, 520, 521, 522, 523], 553: [514, 515, 516, 552, 553, 554, 591, 592], 557: [517, 555, 556, 557], 562: [524, 525, 526, 560, 561, 562, 563, 564], 597: [559, 593, 594, 595, 596, 597, 598, 599], 601: [600, 601, 602, 603, 640, 641, 642, 643], 633: [631, 632, 633, 634, 672, 673, 674, 675], 637: [635, 636, 637, 638, 639, 676, 677, 678], 681: [679, 680, 681, 682, 683, 723, 724, 725]}
{1281: [1278, 1279, 1280, 1281, 1282, 1283, 1284, 1285], 1324: [1274, 1275, 1276, 1277, 1322, 1323, 1324, 1325], 1329: [1326, 1327, 1328, 1329, 1330, 1331, 1332, 1333], 1377: [1374, 1375, 1376, 1377, 1378, 1379, 1380, 1381], 1419: [1370, 1371, 1372, 1373, 1417, 1418, 1419, 1420], 1424: [1421, 1422, 1423, 1424, 1425, 1426, 1427, 1428], 1467: [1463, 1464, 1465, 1466, 1467, 1468, 1469, 1512], 1471: [1471, 1472, 1473, 1474], 1510: [1508, 1509, 1510, 1511, 1553, 1554, 1555, 1556], 1515: [1513, 1514, 1515, 1516, 1517, 1518, 1519, 1564], 1560: [1557, 1558, 1559, 1560, 1561, 1562, 1563, 1594], 1591: [1589, 1590, 1591, 1592, 1593, 1612, 1613, 1614], 1597: [1595, 1596, 1597, 1598, 1599, 1600, 1623, 1624], 1619: [1615, 1616, 1617, 1618, 1619, 1620, 1621, 1622]}
{810: [765, 766, 767, 768, 808, 809, 810, 811], 856: [812, 813, 852, 853, 854, 855, 856, 857], 859: [814, 815, 816, 817, 858, 859, 860, 861], 901: [897, 898, 899, 900, 901, 902, 903, 904], 947: [943, 944, 945, 946, 947, 948, 949, 950], 992: [989, 990, 991, 992], 994: [994, 995], 997: [905, 906, 951, 952, 996, 997, 998, 999], 1039: [1035, 1036, 1037, 1038, 1039, 1040], 1043: [1041, 1042, 1043, 1044, 1045, 1090, 1091, 1092], 1086: [1082, 1083, 1084, 1085, 1086, 1087, 1088, 1089], 1133: [1129, 1130, 1131, 1132, 1133, 1134, 1135, 1136], 1138: [1137, 1138, 1139, 1185, 1186, 1187, 1234, 1235], 1181: [1177, 1178, 1179, 1180, 1181, 1182, 1183, 1184], 1229: [1226, 1227, 1228, 1229, 1230, 1231, 1232, 1233]}
{431: [393, 394, 395, 429, 430, 431, 432, 433], 469: [434, 465, 466, 467, 468, 469, 470, 471], 473: [435, 436, 437, 438, 472, 473, 474, 475], 507: [503, 504, 505, 506, 507, 508, 509, 510], 545: [541, 542, 543, 544, 545, 546], 549: [511, 512, 513, 547, 548, 549, 550, 551], 581: [579, 580, 581, 582, 583, 619, 620, 621], 586: [585, 586, 587, 588, 589, 590], 624: [622, 623, 624, 625, 626, 665, 666, 667], 628: [627, 628, 629, 630, 668, 669, 670, 671], 663: [659, 660, 661, 662, 663, 664, 705, 747], 703: [701, 702, 703, 704, 743, 744, 745, 746], 707: [706, 707, 708, 709, 710, 711, 712, 748], 751: [749, 750, 751, 752, 753, 794, 795, 796]}
{718: [715, 716, 717, 718, 719, 720, 721, 722], 760: [757, 758, 759, 760, 761, 762, 763, 764], 799: [713, 714, 754, 755, 756, 797, 798, 799], 803: [800, 801, 802, 803, 804, 805, 806, 807], 847: [844, 845, 846, 847, 848, 849, 850, 851], 888: [841, 842, 843, 886, 887, 888, 889, 890], 892: [891, 892, 893, 894, 895, 896], 934: [932, 933, 934, 935, 978, 979, 980, 1026], 937: [936, 937], 939: [939, 940, 941, 942], 984: [981, 982, 983, 984, 985, 986, 987, 988], 1030: [1027, 1028, 1029, 1030, 1031, 1032, 1033, 1034], 1072: [1024, 1025, 1071, 1072, 1073, 1118, 1119, 1120], 1077: [1074, 1075, 1076, 1077, 1078, 1079, 1080, 1081], 1124: [1121, 1122, 1123, 1124, 1125, 1126, 1127, 1128]}
{1244: [1241, 1242, 1243, 1244, 1245, 1246, 1247, 1248], 1287: [1238, 1239, 1240, 1286, 1287, 1288, 1334, 1335], 1292: [1289, 1290, 1291, 1292, 1293, 1294, 1295, 1296], 1340: [1337, 1338, 1339, 1340, 1341, 1342, 1343, 1344], 1388: [1385, 1386, 1387, 1388, 1389, 1390, 1391, 1392], 1431: [1336, 1382, 1383, 1384, 1429, 1430, 1431, 1432], 1435: [1433, 1434, 1435, 1436, 1437, 1438, 1439, 1480], 1477: [1475, 1476, 1477, 1478, 1479, 1520, 1521, 1522], 1482: [1482, 1483, 1484, 1485], 1526: [1523, 1524, 1525, 1526, 1527, 1528, 1529, 1530], 1567: [1565, 1566, 1567, 1601, 1602, 1603, 1625, 1626], 1571: [1568, 1569, 1570, 1571, 1572, 1573, 1574, 1575], 1607: [1604, 1605, 1606, 1607, 1608, 1609, 1610, 1611], 1630: [1627, 1628, 1629, 1630, 1631, 1632, 1633, 1634]}
{824: [821, 822, 823, 824, 825, 826, 827, 828], 864: [818, 819, 820, 862, 863, 864, 865, 866], 913: [867, 868, 869, 910, 911, 912, 913, 914], 916: [870, 871, 872, 915, 916, 917, 918, 962], 955: [907, 908, 909, 953, 954, 955, 956, 957], 1004: [958, 1000, 1001, 1002, 1003, 1004], 1006: [959, 960, 961, 1006, 1007, 1008], 1009: [963, 964, 1009, 1010, 1054, 1055, 1056, 1057], 1051: [1046, 1047, 1048, 1049, 1050, 1051, 1052, 1053], 1097: [1093, 1094, 1095, 1096, 1097, 1098, 1144, 1145], 1100: [1099, 1100, 1101, 1102, 1103, 1104, 1146, 1147], 1141: [1140, 1141, 1142, 1143, 1188, 1189, 1236, 1237], 1150: [1148, 1149, 1150, 1151, 1152, 1198, 1199, 1200], 1193: [1190, 1191, 1192, 1193, 1194, 1195, 1196, 1197]}
{534: [530, 531, 532, 533, 534, 535, 536, 537], 567: [527, 528, 529, 565, 566, 567, 568, 569], 576: [502, 538, 539, 540, 575, 576, 577, 578], 606: [604, 605, 606, 607, 644, 645, 646, 647], 610: [570, 571, 572, 608, 609, 610], 612: [573, 574, 612, 613, 614, 654], 616: [615, 616, 617, 618, 655, 656, 657, 658], 651: [648, 649, 650, 651, 652, 653, 692, 693], 688: [684, 685, 686, 687, 688, 689, 690, 730], 696: [694, 695, 696, 697, 698, 699, 700, 738], 729: [726, 727, 728, 729, 769, 770, 771, 772], 734: [691, 731, 732, 733, 734, 735, 736, 737], 740: [739, 740, 741, 742, 781, 782, 783, 784], 776: [773, 774, 775, 776, 777, 778, 779, 780]}
{129: [106, 107, 108, 127, 128, 129, 130, 131], 151: [104, 105, 126, 149, 150, 151, 152, 153], 179: [154, 155, 175, 176, 177, 178, 179, 180], 182: [156, 157, 158, 181, 182, 183, 184, 210], 206: [202, 203, 204, 205, 206, 207, 208, 209], 235: [233, 234, 235, 236, 237, 238], 262: [230, 231, 232, 260, 261, 262, 263, 264], 266: [266, 267], 269: [211, 239, 240, 268, 269, 270, 301, 302], 293: [291, 292, 293, 294, 325, 326, 327, 328], 297: [295, 296, 297, 298, 299, 300], 331: [329, 330, 331, 332, 365, 366], 334: [333, 334, 335, 336, 367, 368, 369, 370], 362: [359, 360, 361, 362, 363, 364, 396, 397], 400: [398, 399, 400, 401, 402, 403, 404, 405]}
{1171: [1167, 1168, 1169, 1170, 1171, 1172, 1173, 1174], 1219: [1215, 1216, 1217, 1218, 1219, 1220, 1221, 1222], 1267: [1263, 1264, 1265, 1266, 1267, 1268, 1269, 1270], 1271: [1175, 1176, 1223, 1224, 1225, 1271, 1272, 1273], 1315: [1311, 1312, 1313, 1314, 1315, 1316, 1317, 1318], 1363: [1359, 1360, 1361, 1362, 1363, 1364], 1367: [1319, 1320, 1321, 1365, 1366, 1367, 1368, 1369], 1409: [1406, 1407, 1408, 1409], 1411: [1411, 1412], 1414: [1413, 1414, 1415, 1416, 1460, 1461, 1462, 1505], 1456: [1452, 1453, 1454, 1455, 1456, 1457, 1458, 1459], 1501: [1497, 1498, 1499, 1500, 1501, 1502, 1503, 1504], 1546: [1542, 1543, 1544, 1545, 1546, 1547, 1548, 1549], 1551: [1506, 1507, 1550, 1551, 1552, 1586, 1587, 1588], 1582: [1578, 1579, 1580, 1581, 1582, 1583, 1584, 1585]}
{1208: [1163, 1205, 1206, 1207, 1208, 1209, 1210, 1211], 1213: [1164, 1165, 1166, 1212, 1213, 1214, 1261, 1262], 1251: [1201, 1202, 1203, 1204, 1249, 1250, 1251, 1252], 1256: [1253, 1254, 1255, 1256, 1257, 1258, 1259, 1260], 1304: [1301, 1302, 1303, 1304, 1305, 1306, 1307, 1308], 1347: [1297, 1298, 1299, 1300, 1345, 1346, 1347, 1348], 1352: [1349, 1350, 1351, 1352, 1353, 1354, 1355, 1356], 1396: [1393, 1394, 1395, 1396, 1397, 1398, 1440, 1441], 1400: [1400, 1401, 1402, 1403], 1404: [1309, 1310, 1357, 1358, 1404, 1405, 1450, 1451], 1445: [1442, 1443, 1444, 1445, 1446, 1447, 1448, 1449], 1490: [1486, 1487, 1488, 1489, 1490, 1491, 1492, 1493], 1495: [1494, 1495, 1496, 1539, 1540, 1541, 1576, 1577], 1535: [1531, 1532, 1533, 1534, 1535, 1536, 1537, 1538]}
{99: [66, 67, 82, 83, 84, 99, 100, 101], 123: [102, 103, 121, 122, 123, 124, 125, 145], 141: [120, 138, 139, 140, 141, 142, 143, 144], 162: [136, 137, 159, 160, 161, 162, 163, 164], 169: [146, 147, 167, 168, 169, 170, 171, 195], 191: [165, 166, 189, 190, 191, 192, 193, 194], 214: [185, 186, 187, 188, 212, 213, 214, 215], 218: [216, 217, 218, 219, 220, 221, 222, 246], 243: [241, 242, 243, 244, 245, 271, 272, 273], 248: [248, 249, 250, 251], 277: [274, 275, 276, 277, 278, 279, 280, 281], 304: [303, 304, 305, 337, 338, 339, 371, 372], 309: [306, 307, 308, 309, 310, 311, 312, 313], 343: [340, 341, 342, 343, 344, 345, 346, 347]}
