The optimal value is 583190.9905
Service ways: {33, 71, 41, 10, 50, 22, 61}
Inverters: 768 1431 847 285 2169 247 877 1285 1404 808 778 2190 574 1647 276 2271 169 1990 2623 1329 2573 2466 2015 1682 1574 
Cable routing:
{708: [486, 540, 541, 596, 652, 708, 765, 823], 711: [544, 599, 655, 711], 764: [595, 651, 707, 764, 822, 881, 941, 1001], 766: [597, 653, 709, 766, 824, 882, 883, 943], 767: [542, 543, 598, 654, 710, 767, 825, 884], 769: [545, 600, 656, 712, 769, 827, 886, 946], 770: [546, 601, 657, 713, 770, 828, 887, 947], 771: [547, 602, 658, 714, 771, 829, 888, 948], 772: [548, 603, 659, 715, 772, 830, 889, 949], 945: [826, 885, 944, 945, 1005, 1066, 1128, 1191], 1063: [942, 1002, 1062, 1063, 1124, 1125, 1187, 1188], 1065: [1003, 1004, 1064, 1065, 1126, 1127, 1189, 1190], 1067: [1006, 1007, 1067, 1068, 1129, 1130, 1192, 1193], 1069: [1008, 1009, 1069, 1070, 1131, 1132, 1194, 1195]}
{1169: [1104, 1105, 1106, 1107, 1167, 1168, 1169, 1170], 1172: [1108, 1109, 1110, 1171, 1172, 1173, 1236], 1175: [1111, 1112, 1113, 1174, 1175, 1176, 1177, 1239], 1365: [1300, 1365], 1426: [1231, 1295, 1360, 1426, 1493, 1558, 1623, 1688], 1427: [1232, 1296, 1361, 1427, 1494, 1559, 1624, 1689], 1428: [1233, 1297, 1362, 1428, 1495, 1560, 1625, 1690], 1429: [1234, 1298, 1363, 1429, 1496, 1561, 1626, 1691], 1430: [1235, 1299, 1364, 1430, 1497, 1562, 1627, 1692], 1432: [1237, 1301, 1366, 1432, 1499, 1564, 1629, 1694], 1433: [1238, 1302, 1367, 1433, 1500, 1565, 1630, 1695], 1434: [1303, 1368, 1434, 1501, 1566, 1631, 1696], 1435: [1240, 1304, 1369, 1435, 1502, 1567, 1632, 1697], 1436: [1241, 1305, 1370, 1436, 1503, 1568, 1633, 1698], 1498: [1498, 1563, 1628, 1693]}
{563: [507, 508, 509, 560, 561, 562, 563, 618], 620: [510, 511, 564, 565, 619, 620, 676, 732], 621: [512, 513, 566, 567, 621, 622, 677, 678], 623: [514, 515, 568, 569, 623, 624, 679, 680], 842: [615, 671, 727, 784, 842, 901, 961, 1021], 843: [616, 672, 728, 785, 843, 902, 962, 1022], 844: [617, 673, 729, 786, 844, 903, 963, 1023], 845: [674, 730, 787, 845, 904, 964, 1024, 1085], 846: [675, 731, 788, 846, 905, 965, 1025, 1086], 848: [733, 789, 790, 848, 907, 967, 1027, 1088], 849: [734, 791, 849, 908, 968, 1028, 1089, 1090], 850: [735, 736, 792, 793, 850, 909, 969, 1029], 906: [906, 966, 1026, 1087], 910: [851, 910, 911, 970, 971, 1030, 1031, 1091]}
{67: [28, 29, 30, 66, 67, 68, 106, 108], 105: [26, 27, 64, 65, 104, 105, 147, 191], 110: [32, 33, 70, 71, 110, 111, 152, 153], 195: [31, 69, 109, 151, 195, 196, 240, 241], 198: [34, 72, 112, 154, 198, 199, 243, 244], 238: [107, 149, 193, 238], 282: [146, 190, 235, 282, 330, 331, 381, 382], 284: [148, 192, 236, 237, 283, 284, 333, 384], 286: [150, 194, 239, 286, 287, 288, 335, 386], 289: [197, 242, 289, 290, 338, 389, 442, 495], 339: [291, 339, 340, 390, 391, 443, 444, 496], 387: [336, 337, 387, 388, 440, 441, 493, 494], 436: [332, 383, 434, 435, 436, 487, 488, 489], 438: [334, 385, 437, 438, 439, 490, 491, 492]}
{1848: [1782, 1783, 1784, 1847, 1848, 1849, 1911, 1912], 1851: [1785, 1786, 1787, 1850, 1851, 1852, 1914, 1915], 1854: [1788, 1789, 1790, 1853, 1854, 1855, 1918, 1919], 2106: [1979, 2043, 2106], 2163: [1973, 2037, 2100, 2163, 2223, 2281, 2336, 2389], 2164: [1974, 2038, 2101, 2164, 2224, 2282, 2337, 2390], 2165: [1975, 2039, 2102, 2165, 2225, 2283, 2338, 2391], 2166: [1976, 2040, 2103, 2166, 2226, 2284, 2339, 2392], 2167: [1913, 1977, 2041, 2104, 2167, 2227, 2285, 2340], 2168: [1978, 2042, 2105, 2168, 2228, 2286, 2341], 2170: [1916, 1980, 2044, 2107, 2170, 2230, 2288, 2343], 2171: [1917, 1981, 2045, 2108, 2171, 2231, 2289, 2344], 2172: [1982, 2046, 2109, 2172, 2232, 2290, 2345], 2173: [1983, 2047, 2110, 2173, 2233, 2291, 2346, 2347], 2229: [2229, 2287, 2342]}
{38: [0, 1, 2, 37, 38, 39, 75, 76], 42: [5, 6, 7, 42, 43, 44, 80, 81], 78: [3, 4, 40, 41, 77, 78, 79, 118], 114: [35, 36, 73, 74, 113, 114, 155, 156], 202: [116, 158, 202], 245: [200, 245, 292, 341, 392, 445], 246: [115, 157, 201, 246, 293, 342, 393, 446], 248: [117, 159, 203, 248, 295, 344, 395, 448], 249: [160, 204, 249, 296, 345, 396, 449], 250: [119, 161, 205, 250, 297, 346, 397, 450], 251: [120, 162, 206, 251, 298, 347, 398, 451], 252: [121, 163, 207, 252, 299, 348, 399, 452], 253: [82, 122, 164, 208, 253, 300, 349, 400], 254: [165, 209, 254, 301, 350, 401, 453, 454], 294: [294, 343, 394, 447]}
{591: [535, 536, 537, 590, 591, 592, 646, 647], 643: [531, 532, 586, 587, 642, 643, 699, 756], 645: [533, 534, 588, 589, 644, 645, 701, 758], 649: [538, 539, 593, 594, 649, 650, 705, 706], 818: [703, 760, 818], 872: [698, 755, 813, 872, 932, 933, 992, 1053], 874: [700, 757, 814, 815, 873, 874, 934, 994], 876: [702, 759, 816, 817, 875, 876, 936, 996], 878: [648, 704, 761, 819, 878, 938, 998, 1059], 879: [762, 820, 879, 939, 999, 1060, 1122, 1185], 880: [763, 821, 880, 940, 1000, 1061, 1123, 1186], 937: [937, 997], 1056: [935, 995, 1055, 1056, 1057, 1117, 1118, 1181], 1116: [993, 1054, 1114, 1115, 1116, 1178, 1179, 1180], 1120: [1058, 1119, 1120, 1121, 1182, 1183, 1184]}
{977: [916, 917, 918, 919, 977, 978, 979, 1037], 1034: [912, 913, 914, 973, 974, 1033, 1034, 1095], 1096: [915, 975, 976, 1035, 1036, 1096, 1158, 1221], 1281: [1092, 1154, 1217, 1281, 1345, 1410, 1476, 1543], 1282: [972, 1032, 1093, 1155, 1218, 1282, 1346, 1411], 1283: [1094, 1156, 1219, 1283, 1347, 1412, 1478, 1545], 1284: [1157, 1220, 1284, 1348, 1413], 1286: [1097, 1159, 1222, 1286, 1350, 1415, 1481], 1287: [1098, 1160, 1223, 1287, 1351, 1416, 1482, 1549], 1288: [1038, 1099, 1161, 1224, 1288, 1352, 1417, 1483], 1289: [1039, 1100, 1162, 1225, 1289, 1353, 1418, 1484], 1480: [1349, 1414, 1480, 1547, 1548, 1612, 1613, 1677], 1609: [1477, 1544, 1608, 1609, 1673, 1674, 1738, 1739], 1611: [1479, 1546, 1610, 1611, 1675, 1676, 1740, 1741]}
{1145: [1081, 1082, 1083, 1084, 1143, 1144, 1145, 1146], 1339: [1148, 1211, 1275, 1339], 1399: [1206, 1270, 1334, 1399, 1465, 1532, 1597, 1662], 1400: [1207, 1271, 1335, 1400, 1466, 1533, 1598, 1663], 1401: [1208, 1272, 1336, 1401, 1467, 1534, 1599, 1664], 1402: [1209, 1273, 1337, 1402, 1468, 1535, 1600, 1665], 1403: [1147, 1210, 1274, 1338, 1403, 1469, 1536, 1601], 1405: [1149, 1212, 1276, 1340, 1405, 1471, 1538, 1603], 1406: [1150, 1213, 1277, 1341, 1406, 1472, 1539, 1604], 1407: [1151, 1214, 1278, 1342, 1407, 1473, 1540, 1605], 1408: [1152, 1215, 1279, 1343, 1408, 1474, 1541, 1606], 1409: [1153, 1216, 1280, 1344, 1409, 1475, 1542, 1607], 1602: [1470, 1537, 1602, 1666, 1667, 1668, 1732, 1733], 1670: [1669, 1670, 1671, 1672, 1734, 1735, 1736, 1737]}
{475: [318, 369, 370, 422, 423, 475, 476, 530], 526: [419, 420, 472, 473, 525, 526, 527, 582], 583: [368, 421, 474, 528, 529, 583, 584, 585], 692: [579, 580, 635, 636, 691, 692, 749, 807], 750: [581, 637, 693, 750], 805: [634, 690, 746, 747, 804, 805, 864, 924], 809: [638, 694, 751, 809, 868, 928, 988, 1049], 810: [639, 695, 752, 810, 869, 929, 989, 1050], 811: [640, 696, 753, 811, 870, 930, 990, 1051], 812: [641, 697, 754, 812, 871, 931, 991, 1052], 863: [803, 862, 863, 923, 982, 983, 1043, 1044], 865: [748, 806, 865, 925, 984, 985, 1045, 1046], 921: [861, 920, 921, 922, 980, 981, 1041, 1042], 927: [866, 867, 926, 927, 986, 987, 1047, 1048]}
{552: [497, 498, 499, 549, 550, 551, 552, 553], 558: [503, 504, 505, 506, 557, 558, 559, 613], 609: [500, 501, 554, 555, 609, 610, 665, 721], 667: [502, 556, 611, 612, 667, 668, 723, 724], 773: [604, 660, 716, 773, 831, 890, 950, 1010], 774: [605, 661, 717, 774, 832, 891, 951, 1011], 775: [606, 662, 718, 775, 833, 892, 952, 1012], 776: [607, 663, 719, 776, 834, 893, 953, 1013], 777: [608, 664, 720, 777, 835, 894, 954, 1014], 779: [666, 722, 779, 780, 837, 896, 956, 1016], 782: [669, 725, 781, 782, 840, 899, 959, 1019], 783: [614, 670, 726, 783, 841, 900, 960, 1020], 836: [836, 895, 955, 1015], 897: [838, 839, 897, 898, 957, 958, 1017, 1018]}
{2122: [1996, 2058, 2059, 2120, 2121, 2122, 2182, 2183], 2124: [1933, 1997, 1998, 2060, 2061, 2123, 2124, 2184], 2130: [2004, 2067, 2130], 2132: [2006, 2007, 2069, 2070, 2132, 2133, 2192, 2250], 2185: [1999, 2062, 2125, 2185, 2241, 2242, 2243, 2298], 2186: [2000, 2063, 2126, 2186, 2244, 2299, 2352], 2187: [2001, 2064, 2127, 2187, 2245, 2300, 2353, 2404], 2188: [2002, 2065, 2128, 2188, 2246, 2301, 2354, 2405], 2189: [2003, 2066, 2129, 2189, 2247, 2302, 2355, 2406], 2191: [2005, 2068, 2131, 2191, 2249], 2194: [2008, 2071, 2134, 2194, 2195, 2252, 2253, 2308], 2303: [2248, 2303, 2356, 2407, 2454], 2306: [2193, 2251, 2306, 2307, 2359, 2410, 2457, 2499], 2357: [2304, 2305, 2357, 2358, 2408, 2409, 2455, 2456], 2411: [2360, 2361, 2411, 2412, 2458, 2459, 2500, 2501]}
{221: [94, 134, 135, 176, 177, 220, 221, 266], 314: [178, 222, 223, 267, 268, 313, 314, 315], 365: [269, 316, 317, 364, 365, 366, 416, 469], 412: [265, 312, 360, 361, 411, 412, 465, 518], 520: [363, 414, 467, 520], 570: [463, 516, 570, 625, 681, 737, 794, 852], 571: [464, 517, 571, 626, 682, 738, 795, 853], 573: [362, 413, 466, 519, 572, 573, 627, 628], 575: [415, 468, 521, 522, 575, 630, 631, 686], 577: [417, 470, 523, 576, 577, 632, 688, 744], 578: [367, 418, 471, 524, 578, 633, 689, 745], 740: [683, 684, 739, 740, 796, 797, 854, 855], 741: [629, 685, 741, 742, 798, 799, 856, 857], 800: [687, 743, 800, 801, 802, 858, 859, 860]}
{1381: [1251, 1252, 1315, 1316, 1380, 1381, 1446, 1447], 1383: [1253, 1254, 1317, 1318, 1382, 1383, 1448, 1449], 1385: [1256, 1257, 1320, 1321, 1385, 1386, 1451], 1387: [1258, 1259, 1322, 1323, 1387, 1388, 1453, 1520], 1517: [1255, 1319, 1384, 1450, 1517, 1582], 1643: [1513, 1578, 1643, 1708, 1773, 1838, 1902, 1966], 1644: [1514, 1579, 1644, 1709, 1774, 1839, 1903, 1967], 1645: [1515, 1580, 1645, 1710, 1775, 1840, 1904, 1968], 1646: [1516, 1581, 1646, 1711, 1776, 1841], 1648: [1518, 1583, 1648, 1713, 1778, 1843], 1649: [1452, 1519, 1584, 1585, 1649, 1650, 1714, 1715], 1651: [1454, 1521, 1586, 1651, 1716, 1781, 1846, 1910], 1712: [1712, 1777, 1842], 1844: [1779, 1780, 1844, 1845, 1908, 1909, 1972, 2036], 1906: [1905, 1906, 1907, 1969, 1970, 1971, 2034, 2035]}
{58: [19, 20, 21, 57, 58, 59, 98, 99], 100: [22, 23, 60, 61, 100, 101, 142, 143], 102: [24, 25, 62, 63, 102, 103, 144, 145], 138: [18, 56, 95, 96, 97, 137, 138, 182], 229: [140, 184, 229], 271: [224, 270, 271, 319, 320, 371, 424, 477], 272: [136, 179, 180, 225, 272, 321, 372, 425], 273: [181, 226, 273, 322, 373, 426, 478, 479], 274: [227, 274, 323, 374, 427, 480], 275: [139, 183, 228, 275, 324, 375, 428, 481], 277: [141, 185, 230, 277, 326, 377, 430, 483], 278: [186, 231, 278, 327, 378, 431, 484], 279: [187, 188, 232, 279, 328, 379, 432, 485], 280: [189, 233, 234, 280, 281, 329, 380, 433], 325: [325, 376, 429, 482]}
{2153: [2027, 2028, 2089, 2090, 2153, 2213], 2220: [2097, 2098, 2160, 2161, 2220, 2221, 2278, 2279], 2267: [2086, 2149, 2209, 2267, 2322, 2375, 2426], 2268: [2087, 2150, 2210, 2268, 2323, 2376, 2427], 2269: [2088, 2151, 2211, 2269, 2324, 2377, 2428], 2270: [2152, 2212, 2270, 2325, 2378, 2429], 2272: [2091, 2154, 2214, 2272, 2327, 2380, 2431, 2432], 2273: [2029, 2030, 2092, 2155, 2215, 2273, 2328, 2381], 2274: [2093, 2156, 2216, 2274, 2329, 2382, 2433, 2434], 2275: [2031, 2032, 2094, 2157, 2217, 2275, 2330, 2383], 2276: [2095, 2158, 2218, 2276, 2331, 2384, 2435, 2482], 2277: [2033, 2096, 2159, 2219, 2277, 2332, 2385, 2436], 2280: [2099, 2162, 2222, 2280, 2334, 2335, 2388, 2439], 2326: [2326, 2379, 2430], 2386: [2333, 2386, 2387, 2437, 2438, 2483, 2484, 2485]}
{47: [8, 9, 10, 45, 46, 47, 85, 125], 49: [11, 12, 13, 48, 49, 50, 87, 127], 89: [14, 15, 51, 52, 89, 90, 129, 130], 132: [17, 54, 55, 92, 93, 132, 133, 175], 166: [83, 84, 123, 124, 166, 210, 255, 302], 168: [86, 126, 167, 168, 211, 212, 257, 304], 170: [88, 128, 170, 171, 172, 214, 259, 306], 173: [16, 53, 91, 131, 173, 174, 217, 262], 213: [213, 258, 305, 354], 260: [215, 216, 260, 261, 307, 356, 407, 460], 263: [218, 219, 263, 264, 310, 311, 359, 410], 352: [256, 303, 351, 352, 402, 403, 455, 456], 357: [308, 309, 357, 358, 408, 409, 461, 462], 405: [353, 355, 404, 405, 406, 457, 458, 459]}
{1868: [1802, 1803, 1804, 1805, 1867, 1868, 1869, 1932], 1926: [1797, 1862, 1926], 1930: [1800, 1801, 1865, 1866, 1930, 1931, 1994, 1995], 1984: [1726, 1791, 1856, 1920, 1984, 2048, 2111, 2174], 1985: [1727, 1792, 1857, 1921, 1985, 2049, 2112, 2175], 1986: [1728, 1793, 1858, 1922, 1986, 2050, 2113, 2176], 1987: [1729, 1794, 1859, 1923, 1987, 2051, 2114, 2177], 1988: [1730, 1795, 1860, 1924, 1988, 2052, 2115, 2178], 1989: [1731, 1796, 1861, 1925, 1989, 2053], 1991: [1798, 1799, 1863, 1927, 1991, 2055, 2118, 2181], 1992: [1864, 1928, 1929, 1992, 1993, 2056, 2057, 2119], 2054: [2054, 2117, 2180], 2235: [2234, 2235, 2236, 2292, 2293, 2348, 2401, 2452], 2239: [2116, 2179, 2238, 2239, 2240, 2296, 2297, 2351], 2295: [2237, 2294, 2295, 2349, 2350, 2402, 2403, 2453]}
{2557: [2477, 2478, 2519, 2520, 2557, 2558, 2592, 2593], 2618: [2514, 2552, 2587, 2618, 2645, 2669], 2619: [2473, 2515, 2553, 2588, 2619, 2646, 2670, 2690], 2620: [2474, 2516, 2554, 2589, 2620, 2647, 2671, 2691], 2621: [2475, 2517, 2555, 2590, 2621, 2648, 2672, 2692], 2622: [2476, 2518, 2556, 2591, 2622, 2649, 2673, 2693], 2625: [2479, 2521, 2559, 2594, 2624, 2625, 2652, 2676], 2626: [2480, 2481, 2522, 2560, 2595, 2626, 2653, 2677], 2627: [2523, 2561, 2596, 2627, 2654, 2678, 2698, 2714], 2628: [2524, 2562, 2597, 2628, 2655, 2679, 2699, 2715], 2629: [2525, 2563, 2598, 2629, 2656, 2680, 2700, 2716], 2630: [2526, 2564, 2599, 2630, 2657, 2681, 2701, 2717], 2650: [2650, 2651, 2674, 2694, 2709, 2710], 2695: [2675, 2695, 2696, 2697, 2711, 2712, 2713, 2724]}
{1265: [1076, 1138, 1201, 1265], 1324: [1071, 1133, 1196, 1260, 1324, 1389, 1455, 1522], 1325: [1072, 1134, 1197, 1261, 1325, 1390, 1456, 1523], 1326: [1073, 1135, 1198, 1262, 1326, 1391, 1457, 1524], 1327: [1074, 1136, 1199, 1263, 1327, 1392, 1458, 1525], 1328: [1075, 1137, 1200, 1264, 1328, 1393, 1394, 1459], 1330: [1077, 1139, 1202, 1266, 1330, 1395, 1461, 1528], 1331: [1078, 1140, 1203, 1267, 1331, 1396, 1462, 1529], 1332: [1079, 1141, 1204, 1268, 1332, 1397, 1463, 1530], 1333: [1080, 1142, 1205, 1269, 1333, 1398, 1464, 1531], 1591: [1526, 1589, 1590, 1591, 1655, 1656, 1720, 1721], 1592: [1460, 1527, 1592, 1593, 1657, 1658, 1722, 1723], 1594: [1594, 1595, 1596, 1659, 1660, 1661, 1724, 1725], 1653: [1587, 1588, 1652, 1653, 1654, 1717, 1718, 1719]}
{2490: [2441, 2442, 2443, 2488, 2489, 2490, 2532, 2570], 2492: [2393, 2394, 2444, 2445, 2491, 2492, 2534, 2572], 2497: [2399, 2400, 2449, 2450, 2451, 2497, 2498, 2539], 2535: [2395, 2446, 2493, 2535], 2537: [2397, 2398, 2448, 2495, 2496, 2537, 2538, 2576], 2566: [2486, 2527, 2528, 2565, 2566, 2600, 2601, 2631], 2567: [2440, 2487, 2529, 2567, 2602, 2632, 2633, 2660], 2569: [2530, 2531, 2568, 2569, 2603, 2604, 2635, 2662], 2574: [2396, 2447, 2494, 2536, 2574, 2575, 2609, 2610], 2606: [2533, 2571, 2605, 2606, 2637, 2664, 2688, 2708], 2639: [2607, 2608, 2638, 2639, 2640, 2665, 2666, 2689], 2683: [2658, 2659, 2682, 2683, 2702, 2703, 2718, 2719], 2685: [2634, 2661, 2684, 2685, 2704, 2705, 2720, 2721], 2687: [2636, 2663, 2686, 2687, 2706, 2707, 2722, 2723]}
{2319: [2264, 2265, 2266, 2319, 2320, 2321, 2372, 2423], 2367: [2258, 2259, 2313, 2314, 2366, 2367, 2418, 2465], 2414: [2309, 2310, 2362, 2363, 2413, 2414, 2460, 2461], 2416: [2257, 2311, 2312, 2364, 2365, 2415, 2416, 2463], 2419: [2260, 2315, 2368, 2419], 2421: [2262, 2263, 2317, 2318, 2370, 2421, 2468, 2510], 2467: [2261, 2316, 2369, 2420, 2467, 2509, 2547, 2582], 2469: [2371, 2422, 2469, 2470, 2511, 2512, 2549, 2550], 2471: [2373, 2374, 2424, 2425, 2471, 2472, 2513, 2551], 2504: [2462, 2502, 2503, 2504, 2540, 2541, 2542, 2577], 2506: [2417, 2464, 2505, 2506, 2543, 2544, 2578, 2579], 2546: [2507, 2508, 2545, 2546, 2580, 2581, 2611, 2612], 2583: [2548, 2583, 2584, 2613, 2614, 2615, 2641, 2642], 2616: [2585, 2586, 2616, 2617, 2643, 2644, 2667, 2668]}
{1883: [1753, 1754, 1818, 1819, 1882, 1883, 1946, 1947], 1887: [1757, 1758, 1822, 1823, 1887, 1951], 1888: [1759, 1760, 1824, 1825, 1888, 1889, 1952, 2016], 1890: [1761, 1762, 1826, 1827, 1890, 1891, 1954, 2018], 1949: [1755, 1756, 1820, 1821, 1885, 1949, 2013, 2076], 1956: [1763, 1828, 1829, 1892, 1893, 1956, 1957, 2020], 2009: [1752, 1817, 1881, 1945, 2009, 2010, 2072, 2135], 2012: [1884, 1948, 2011, 2012, 2075, 2138, 2198, 2256], 2014: [1886, 1950, 2014, 2077, 2139, 2140, 2199, 2200], 2078: [2078, 2079, 2141, 2142, 2201, 2202], 2080: [1953, 2017, 2080, 2081, 2143, 2144, 2203, 2204], 2082: [1955, 2019, 2082, 2083, 2145, 2146, 2205, 2206], 2084: [2021, 2022, 2084, 2085, 2147, 2148, 2207, 2208], 2137: [2073, 2074, 2136, 2137, 2196, 2197, 2254, 2255]}
{1229: [1040, 1102, 1103, 1165, 1166, 1229, 1230, 1294], 1292: [1101, 1163, 1164, 1228, 1292, 1293, 1357, 1423], 1355: [1226, 1227, 1290, 1291, 1355, 1356, 1421, 1422], 1491: [1358, 1359, 1424, 1425, 1491, 1492, 1556, 1557], 1552: [1354, 1419, 1420, 1486, 1487, 1551, 1552, 1617], 1680: [1485, 1550, 1614, 1615, 1679, 1680, 1745, 1810], 1683: [1488, 1553, 1618, 1683, 1748, 1813, 1877, 1941], 1684: [1489, 1554, 1619, 1684, 1749, 1814, 1878, 1942], 1685: [1490, 1555, 1620, 1685, 1750, 1815, 1879, 1943], 1686: [1621, 1622, 1686, 1687, 1751, 1816, 1880, 1944], 1744: [1678, 1743, 1744, 1809, 1872, 1873, 1936, 1937], 1746: [1616, 1681, 1746, 1811, 1874, 1875, 1938, 1939], 1747: [1747, 1812, 1876, 1940], 1807: [1742, 1806, 1807, 1808, 1870, 1871, 1934, 1935]}
{1373: [1242, 1243, 1244, 1307, 1308, 1373, 1439, 1506], 1375: [1245, 1246, 1309, 1310, 1374, 1375, 1441, 1508], 1376: [1247, 1248, 1311, 1312, 1376, 1377, 1442, 1509], 1569: [1306, 1371, 1437, 1504, 1569, 1634, 1699, 1764], 1570: [1372, 1438, 1505, 1570, 1635, 1700, 1765, 1830], 1572: [1440, 1507, 1571, 1572, 1636, 1637, 1702, 1767], 1575: [1443, 1510, 1575, 1640, 1705, 1770], 1576: [1249, 1313, 1378, 1444, 1511, 1576, 1641, 1706], 1577: [1250, 1314, 1379, 1445, 1512, 1577, 1642, 1707], 1639: [1573, 1638, 1639, 1703, 1704, 1768], 1831: [1701, 1766, 1831, 1894, 1895, 1958, 1959, 2023], 1834: [1769, 1834, 1835, 1898, 1899, 1962, 1963, 2026], 1836: [1771, 1772, 1836, 1837, 1900, 1901, 1964, 1965], 1897: [1832, 1833, 1896, 1897, 1960, 1961, 2024, 2025]}
