The optimal value is 266101.7385
Service ways: {19, 29, 38, 7}
Inverters: 626 211 182 678 1160 169 687 655 969 223 1008 
Cable routing:
{379: [342, 343, 344, 377, 378, 379, 380, 381], 413: [373, 374, 375, 376, 411, 412, 413, 414], 455: [415, 416, 451, 452, 453, 454, 455, 456], 458: [417, 418, 419, 457, 458, 459, 460, 461], 498: [495, 496, 497, 498, 499, 500, 501, 502], 536: [492, 493, 494, 534, 535, 536, 537, 580], 540: [538, 539, 540, 541, 542, 543, 544], 584: [581, 582, 583, 584, 585, 586, 587, 588], 621: [578, 579, 620, 621, 622, 661, 662], 625: [623, 624, 625], 627: [627, 628, 629, 630], 667: [664, 665, 666, 667, 668, 669, 670, 671], 703: [663, 701, 702, 703, 704, 739, 740, 741], 707: [705, 706, 707, 708, 709, 710, 711], 745: [742, 743, 744, 745, 746, 747, 748, 749]}
{180: [177, 178, 179, 180, 181, 210], 207: [175, 176, 206, 207, 208, 209, 239, 240], 214: [212, 213, 214, 215, 216, 217, 218, 247], 244: [241, 242, 243, 244, 245, 246], 249: [248, 249, 250, 251, 282, 283, 284, 285], 275: [273, 274, 275, 276, 308, 309, 310, 311], 278: [277, 278, 279, 280, 281, 312, 313, 314], 316: [315, 316, 317, 318, 319, 320, 353, 390], 350: [345, 346, 347, 348, 349, 350, 351, 352], 355: [354, 355, 356, 357, 391, 392, 393, 394], 387: [382, 383, 384, 385, 386, 387, 388, 389], 425: [420, 421, 422, 423, 424, 425, 426, 427], 430: [428, 429, 430, 431, 432, 470, 471, 472], 465: [462, 463, 464, 465, 466, 467, 468, 469]}
{13: [9, 10, 11, 12, 13, 14, 15, 16], 33: [4, 5, 6, 7, 31, 32, 33, 34], 40: [37, 38, 39, 40, 41, 42, 43, 44], 45: [17, 18, 19, 20, 45, 46, 47, 48], 62: [8, 35, 36, 59, 60, 61, 62, 63], 67: [64, 65, 66, 67, 68, 69, 70, 71], 95: [92, 93, 94, 95, 96, 97, 98, 99], 101: [72, 73, 74, 75, 76, 100, 101, 102], 117: [87, 88, 89, 90, 115, 116, 117, 118], 123: [120, 121, 122, 123, 124, 125, 126], 148: [91, 119, 144, 145, 146, 147, 148, 149], 152: [150, 151, 152, 153, 154], 157: [127, 128, 129, 130, 156, 157, 158, 159], 185: [155, 183, 184, 185, 186, 187, 188, 189]}
{509: [507, 508, 509, 510, 511, 512, 513, 514], 547: [503, 504, 505, 506, 545, 546, 547, 548], 551: [549, 550, 551, 552, 553, 554, 555, 556], 595: [593, 594, 595, 596, 597, 598, 599, 600], 633: [589, 590, 591, 592, 631, 632, 633, 634], 637: [635, 636, 637, 638, 639, 640, 641, 642], 675: [672, 673, 674, 675, 676, 677, 713, 714], 680: [679, 680, 681, 682, 683], 718: [715, 716, 717, 718, 719, 720, 721, 722], 752: [712, 750, 751, 752, 753, 788, 823, 856], 756: [754, 755, 756, 757, 758, 759, 760], 792: [789, 790, 791, 792, 793, 794, 795, 796], 827: [824, 825, 826, 827, 828, 829, 830, 831], 860: [857, 858, 859, 860, 861, 862, 863, 864]}
{1047: [1043, 1044, 1045, 1046, 1047, 1048, 1049, 1050], 1069: [1065, 1066, 1067, 1068, 1069, 1070, 1071, 1072], 1073: [1051, 1052, 1053, 1073, 1074, 1075, 1094, 1095], 1090: [1086, 1087, 1088, 1089, 1090, 1091, 1092, 1093], 1109: [1105, 1106, 1107, 1108, 1109, 1110, 1111, 1112], 1127: [1123, 1124, 1125, 1126, 1127, 1128, 1129, 1130], 1132: [1096, 1113, 1114, 1115, 1131, 1132, 1133, 1134], 1144: [1140, 1141, 1142, 1143, 1144, 1145, 1146, 1147], 1159: [1156, 1157, 1158, 1159], 1162: [1148, 1161, 1162, 1163, 1164, 1176, 1177, 1178], 1165: [1149, 1150, 1151, 1165, 1166, 1167, 1179, 1180], 1173: [1170, 1171, 1172, 1173, 1174, 1175, 1181, 1182], 1185: [1183, 1184, 1185, 1186, 1187, 1188, 1193, 1194], 1191: [1189, 1190, 1191, 1192, 1195, 1196, 1197, 1198]}
{27: [0, 1, 2, 25, 26, 27, 28, 29], 51: [21, 22, 23, 24, 49, 50, 51, 52], 55: [3, 30, 53, 54, 55, 56, 57, 58], 82: [79, 80, 81, 82, 83, 84, 85, 86], 109: [77, 78, 106, 107, 108, 109, 110, 111], 141: [112, 113, 114, 139, 140, 141, 142, 143], 167: [135, 136, 137, 138, 165, 166, 167, 168], 171: [170, 171, 172, 173, 174], 200: [196, 197, 198, 199, 200, 201, 202, 203], 233: [229, 230, 231, 232, 233, 234, 235], 237: [204, 205, 236, 237, 238, 271, 272, 307], 267: [263, 264, 265, 266, 267, 268, 269, 270], 302: [299, 300, 301, 302, 303, 304, 305, 306], 339: [298, 335, 336, 337, 338, 339, 340, 341]}
{604: [601, 602, 603, 604, 605, 606, 607, 608], 646: [643, 644, 645, 646, 647, 648, 649], 686: [684, 685, 686], 688: [688, 689], 691: [609, 650, 651, 690, 691, 692, 731, 732], 727: [723, 724, 725, 726, 727, 728, 729, 730], 765: [761, 762, 763, 764, 765, 766, 767, 768], 801: [797, 798, 799, 800, 801, 802, 803, 804], 805: [769, 770, 805, 806, 840, 841, 873, 874], 836: [832, 833, 834, 835, 836, 837, 838, 839], 869: [865, 866, 867, 868, 869, 870, 871, 872], 900: [898, 899, 900, 901, 902, 929, 930, 931], 903: [903, 904, 905, 906, 933, 934, 935, 936], 962: [932, 959, 960, 961, 962, 963, 964, 991], 989: [987, 988, 989, 990, 1014, 1015, 1016, 1017]}
{332: [262, 296, 297, 330, 331, 332, 333, 334], 408: [370, 371, 372, 406, 407, 408, 409, 410], 443: [367, 368, 369, 404, 405, 442, 443, 444], 486: [445, 446, 482, 483, 484, 485, 486, 487], 488: [447, 448, 449, 450, 488, 489, 490, 491], 527: [523, 524, 525, 526, 527, 528, 529, 530], 569: [565, 566, 567, 568, 569, 570, 571, 572], 574: [531, 532, 533, 573, 574, 575, 576, 577], 614: [612, 613, 614, 615, 616, 617, 618, 619], 653: [610, 611, 652, 653, 654, 693, 694], 657: [656, 657, 658, 659, 660], 697: [695, 696, 697, 698, 699, 700, 737, 738], 736: [733, 734, 735, 736, 772, 773, 774, 775], 808: [771, 807, 808, 809, 810, 842, 843, 875]}
{780: [776, 777, 778, 779, 780, 781, 782, 783], 815: [811, 812, 813, 814, 815, 816, 817, 818], 820: [784, 785, 786, 787, 819, 820, 821, 822], 848: [844, 845, 846, 847, 848, 849, 850, 851], 880: [876, 877, 878, 879, 880, 881, 882, 883], 885: [852, 853, 854, 855, 884, 885, 886, 887], 911: [907, 908, 909, 910, 911, 912, 913, 914], 941: [937, 938, 939, 940, 941, 942, 943, 944], 946: [915, 916, 917, 918, 945, 946, 947, 948], 968: [965, 966, 967, 968], 972: [971, 972, 973, 974, 975, 976, 999, 1025], 996: [970, 992, 993, 994, 995, 996, 997, 998], 1001: [1000, 1001, 1002, 1003, 1026, 1027, 1028, 1029], 1022: [1018, 1019, 1020, 1021, 1022, 1023, 1024, 1042]}
{133: [103, 104, 105, 131, 132, 133, 134, 160], 192: [161, 162, 163, 164, 191, 192, 193, 194], 221: [190, 219, 220, 221, 222, 252], 226: [195, 224, 225, 226, 227, 228, 259, 260], 256: [253, 254, 255, 256, 257, 258], 290: [286, 287, 288, 289, 290, 291, 325, 326], 293: [261, 292, 293, 294, 295, 327, 328, 329], 323: [321, 322, 323, 324, 358, 359, 360, 361], 364: [362, 363, 364, 365, 366, 401, 402, 403], 398: [395, 396, 397, 398, 399, 400, 433, 473], 437: [434, 435, 436, 437, 438, 439, 440, 441], 477: [474, 475, 476, 477, 478, 479, 480, 481], 518: [515, 516, 517, 518, 519, 520, 521, 522], 560: [557, 558, 559, 560, 561, 562, 563, 564]}
{892: [888, 889, 890, 891, 892, 893, 894, 895], 923: [919, 920, 921, 922, 923, 924, 925, 926], 953: [949, 950, 951, 952, 953, 954, 955], 957: [896, 897, 927, 928, 956, 957, 958, 985], 981: [979, 980, 981, 982, 983], 1005: [977, 978, 1004, 1005, 1006, 1007, 1030, 1031], 1011: [984, 986, 1009, 1010, 1011, 1012, 1013, 1037], 1034: [1032, 1033, 1034, 1035, 1036, 1058, 1059, 1060], 1038: [1038, 1039, 1040, 1041, 1061, 1062, 1063, 1064], 1056: [1054, 1055, 1056, 1057, 1076, 1077, 1078, 1079], 1082: [1080, 1081, 1082, 1083, 1084, 1085, 1103, 1104], 1100: [1097, 1098, 1099, 1100, 1101, 1102, 1116, 1117], 1120: [1118, 1119, 1120, 1121, 1122, 1137, 1138, 1139], 1153: [1135, 1136, 1152, 1153, 1154, 1155, 1168, 1169]}
