The optimal value is 275579.0607
Service ways: {24, 34, 6, 15}
Inverters: 835 541 148 473 201 1197 854 845 905 1208 487 158 
Cable routing:
{630: [627, 628, 629, 630, 631, 632, 633, 634], 667: [585, 586, 625, 626, 666, 667, 707, 708], 671: [668, 669, 670, 671, 672, 673, 674, 675], 712: [709, 710, 711, 712, 713, 714, 715, 716], 753: [751, 752, 753, 754, 755, 756, 757, 794], 791: [748, 749, 750, 789, 790, 791, 792, 793], 833: [830, 831, 832, 833, 834, 875], 837: [795, 796, 797, 798, 836, 837, 838, 839], 873: [871, 872, 873, 874, 912, 913, 952, 953], 877: [876, 877, 878, 879, 880, 881], 917: [914, 915, 916, 917, 918, 919, 920, 921], 956: [954, 955, 956, 957, 958, 959, 960, 997], 993: [990, 991, 992, 993, 994, 995, 996, 1027], 1030: [1028, 1029, 1030, 1031, 1064, 1065, 1066, 1067]}
{426: [390, 391, 423, 424, 425, 426, 427, 428], 458: [418, 419, 420, 421, 456, 457, 458, 459], 464: [429, 461, 462, 463, 464, 465, 466, 467], 498: [422, 460, 494, 495, 496, 497, 498, 499], 502: [500, 501, 502, 503, 504, 505, 506, 540], 537: [533, 534, 535, 536, 537, 538, 539, 576], 542: [542, 543, 544, 545], 574: [572, 573, 574, 575, 612, 613, 614, 615], 580: [577, 578, 579, 580, 581, 582, 583, 584], 620: [617, 618, 619, 620, 621, 622, 623, 624], 656: [616, 654, 655, 656, 657, 695, 696, 697], 660: [658, 659, 660, 661, 662, 663, 664, 665], 701: [698, 699, 700, 701, 702, 741, 742, 743], 704: [703, 704, 705, 706, 744, 745, 746, 747]}
{28: [0, 1, 2, 25, 26, 27, 28, 29], 31: [3, 4, 5, 6, 30, 31, 32, 33], 52: [22, 23, 24, 50, 51, 52, 53, 54], 85: [55, 56, 57, 82, 83, 84, 85, 86], 88: [58, 59, 60, 61, 87, 88, 89, 90], 112: [79, 80, 81, 109, 110, 111, 112, 113], 116: [114, 115, 116, 117, 118, 119], 145: [141, 142, 143, 144, 145, 146, 147, 178], 151: [120, 121, 149, 150, 151, 152, 153, 185], 177: [174, 175, 176, 177, 211, 212, 248, 285], 181: [179, 180, 181, 182, 183, 184], 216: [213, 214, 215, 216, 217, 218, 219, 220], 252: [249, 250, 251, 252, 253, 254, 255, 256], 289: [286, 287, 288, 289, 290, 291, 292, 293]}
{246: [208, 209, 210, 244, 245, 246, 247, 284], 319: [280, 281, 282, 283, 317, 318, 319, 320], 359: [321, 322, 323, 357, 358, 359, 360, 361], 364: [326, 327, 328, 329, 363, 364, 365, 366], 394: [354, 355, 356, 392, 393, 394, 395, 396], 400: [324, 325, 362, 399, 400, 401, 402, 403], 435: [397, 398, 432, 433, 434, 435, 436, 437], 469: [430, 431, 468, 469, 470, 471, 507, 508], 474: [438, 474, 475, 476], 478: [439, 440, 441, 477, 478, 479, 517, 518], 512: [472, 509, 510, 511, 512, 513, 514, 515], 551: [546, 547, 548, 549, 550, 551, 552, 553], 555: [516, 554, 555, 556, 557, 595, 596, 597], 591: [587, 588, 589, 590, 591, 592, 593, 594]}
{47: [18, 19, 20, 21, 45, 46, 47, 48], 76: [49, 73, 74, 75, 76, 77, 78], 105: [102, 103, 104, 105, 106, 107, 108], 136: [133, 134, 135, 136, 137, 138, 139, 140], 168: [164, 165, 166, 167, 168, 169, 170, 171], 200: [197, 198, 199, 200], 202: [202, 203], 205: [172, 173, 204, 205, 206, 207, 240, 241], 236: [232, 233, 234, 235, 236, 237, 238, 239], 272: [268, 269, 270, 271, 272, 273, 274, 275], 278: [242, 243, 276, 277, 278, 279, 315, 316], 309: [305, 306, 307, 308, 309, 310, 311, 312], 346: [342, 343, 344, 345, 346, 347, 348, 349], 351: [313, 314, 350, 351, 352, 353, 388, 389], 383: [380, 381, 382, 383, 384, 385, 386, 387]}
{1070: [1032, 1033, 1034, 1035, 1068, 1069, 1070, 1071], 1075: [1073, 1074, 1075, 1076, 1077, 1078, 1079, 1108], 1105: [1072, 1101, 1102, 1103, 1104, 1105, 1106, 1107], 1131: [1098, 1099, 1100, 1130, 1131, 1132, 1161, 1162], 1137: [1133, 1134, 1135, 1136, 1137, 1138, 1139, 1140], 1142: [1109, 1110, 1111, 1112, 1141, 1142, 1143, 1144], 1168: [1165, 1166, 1167, 1168, 1169, 1170, 1171, 1172], 1193: [1163, 1164, 1191, 1192, 1193, 1194, 1219, 1220], 1196: [1195, 1196], 1198: [1198, 1199, 1200], 1202: [1173, 1174, 1201, 1202, 1203, 1228, 1229, 1230], 1224: [1221, 1222, 1223, 1224, 1225, 1226, 1227], 1248: [1244, 1245, 1246, 1247, 1248, 1249, 1268, 1269], 1251: [1250, 1251, 1252, 1253, 1254, 1255, 1270, 1271], 1273: [1272, 1273, 1274, 1275, 1287, 1288, 1289, 1290]}
{649: [645, 646, 647, 648, 649, 650, 651, 652], 690: [686, 687, 688, 689, 690, 691, 692, 693], 731: [727, 728, 729, 730, 731, 732, 733], 735: [653, 694, 734, 735, 736, 737, 776, 777], 772: [768, 769, 770, 771, 772, 773, 774, 775], 813: [809, 810, 811, 812, 813, 814, 815, 816], 853: [850, 851, 852, 853], 855: [855, 856], 858: [817, 818, 857, 858, 859, 900, 901], 896: [892, 893, 894, 895, 896, 897, 898, 899], 936: [932, 933, 934, 935, 936, 937, 938, 939], 975: [971, 972, 973, 974, 975, 976, 977, 978], 979: [940, 941, 979, 980, 1016, 1017, 1053, 1054], 1012: [1008, 1009, 1010, 1011, 1012, 1013, 1014, 1015], 1049: [1045, 1046, 1047, 1048, 1049, 1050, 1051, 1052]}
{640: [637, 638, 639, 640, 641, 642, 643, 644], 681: [678, 679, 680, 681, 682, 683, 684, 685], 718: [635, 636, 676, 677, 717, 718, 758, 759], 722: [719, 720, 721, 722, 723, 724, 725, 726], 763: [760, 761, 762, 763, 764, 765, 766, 767], 804: [801, 802, 803, 804, 805, 806, 807, 808], 841: [799, 800, 840, 841, 842, 882, 883], 844: [843, 844], 846: [846, 847, 848, 849], 887: [884, 885, 886, 887, 888, 889, 890, 891], 927: [924, 925, 926, 927, 928, 929, 930, 931], 962: [922, 923, 961, 962, 963, 998, 999, 1036], 966: [964, 965, 966, 967, 968, 969, 970], 1003: [1000, 1001, 1002, 1003, 1004, 1005, 1006, 1007], 1040: [1037, 1038, 1039, 1040, 1041, 1042, 1043, 1044]}
{781: [738, 739, 740, 779, 780, 781, 782, 783], 822: [778, 819, 820, 821, 822, 823, 824], 827: [785, 786, 787, 788, 826, 827, 828, 829], 863: [860, 861, 862, 863, 864], 866: [784, 825, 865, 866, 867, 868, 869, 870], 904: [902, 903, 904], 907: [906, 907, 908, 909, 910, 911], 945: [942, 943, 944, 945, 946, 985, 986], 948: [947, 948, 949, 950, 951, 987, 988, 989], 983: [981, 982, 983, 984, 1018, 1019, 1020, 1021], 1024: [1022, 1023, 1024, 1025, 1026, 1061, 1062, 1063], 1058: [1055, 1056, 1057, 1058, 1059, 1060, 1091, 1092], 1095: [1093, 1094, 1095, 1096, 1097, 1128, 1129, 1160], 1126: [1124, 1125, 1126, 1127, 1156, 1157, 1158, 1159], 1189: [1187, 1188, 1189, 1190, 1216, 1217, 1218, 1243]}
{1083: [1080, 1081, 1082, 1083, 1084, 1085, 1086, 1087], 1116: [1113, 1114, 1115, 1116, 1117, 1118, 1119, 1120], 1122: [1088, 1089, 1090, 1121, 1122, 1123, 1154, 1155], 1148: [1145, 1146, 1147, 1148, 1149, 1150, 1151, 1179], 1183: [1152, 1153, 1181, 1182, 1183, 1184, 1185, 1186], 1206: [1175, 1176, 1177, 1178, 1204, 1205, 1206, 1207], 1209: [1180, 1209, 1210, 1211], 1213: [1212, 1213, 1214, 1215, 1239, 1240, 1241, 1242], 1235: [1231, 1232, 1233, 1234, 1235, 1236, 1237, 1238], 1260: [1256, 1257, 1258, 1259, 1260, 1261, 1262, 1263], 1264: [1264, 1265, 1266, 1267, 1284, 1285, 1286, 1299], 1280: [1276, 1277, 1278, 1279, 1280, 1281, 1282, 1283], 1295: [1291, 1292, 1293, 1294, 1295, 1296, 1297, 1298], 1304: [1300, 1301, 1302, 1303, 1304, 1305, 1306, 1307]}
{336: [332, 333, 334, 335, 336, 337, 338, 339], 373: [369, 370, 371, 372, 373, 374, 375, 376], 406: [330, 331, 367, 368, 404, 405, 406, 407], 411: [408, 409, 410, 411, 412, 413, 414], 415: [340, 341, 377, 378, 379, 415, 416, 417], 449: [445, 446, 447, 448, 449, 450, 451, 452], 481: [442, 443, 444, 480, 481, 482, 519, 520], 486: [483, 484, 485, 486], 488: [488, 489, 490], 492: [453, 454, 455, 491, 492, 493, 531, 532], 526: [522, 523, 524, 525, 526, 527, 528, 529], 560: [521, 558, 559, 560, 561, 598, 599, 600], 565: [562, 563, 564, 565, 566, 567], 569: [530, 568, 569, 570, 571, 609, 610, 611], 605: [601, 602, 603, 604, 605, 606, 607, 608]}
{11: [7, 8, 9, 10, 11, 12, 13, 14], 38: [34, 35, 36, 37, 38, 39, 40, 41], 43: [15, 16, 17, 42, 43, 44, 71, 72], 66: [62, 63, 64, 65, 66, 67, 68, 69], 95: [91, 92, 93, 94, 95, 96, 97, 98], 126: [123, 124, 125, 126, 127, 128], 130: [70, 99, 100, 101, 129, 130, 131, 132], 155: [122, 154, 155, 156, 157, 186, 187, 188], 161: [159, 160, 161, 162, 163, 194, 195, 196], 191: [189, 190, 191, 192, 193, 225], 223: [221, 222, 223, 224, 257, 258, 259, 260], 226: [226, 227, 228, 229, 230, 231, 261, 262], 265: [263, 264, 265, 266, 267, 302, 303, 304], 299: [294, 295, 296, 297, 298, 299, 300, 301]}
