The optimal value is 160325.7393
Service ways: {17, 27, 7}
Inverters: 616 608 320 96 304 87 595 
Cable routing:
{424: [421, 422, 423, 424, 425, 426, 427, 428], 455: [452, 453, 454, 455, 456, 457, 458, 459], 487: [484, 485, 486, 487, 488, 489, 490, 491], 492: [429, 430, 460, 461, 492, 493, 525, 526], 520: [517, 518, 519, 520, 521, 522, 523, 524], 552: [549, 550, 551, 552, 553, 554], 584: [581, 582, 583, 584, 585, 586], 588: [555, 556, 557, 558, 587, 588, 589, 590], 615: [613, 614, 615], 619: [617, 618, 619, 620, 621, 650, 651, 680], 647: [643, 644, 645, 646, 647, 648, 649], 676: [672, 673, 674, 675, 676, 677, 678, 679], 705: [701, 702, 703, 704, 705, 706, 707, 708], 733: [729, 730, 731, 732, 733, 734, 735], 760: [756, 757, 758, 759, 760, 761, 762]}
{447: [445, 446, 447, 448, 449, 450, 451], 479: [476, 477, 478, 479, 480, 481, 482, 483], 512: [509, 510, 511, 512, 513, 514, 515, 516], 540: [506, 507, 508, 538, 539, 540, 541, 572], 544: [542, 543, 544, 545, 546, 547, 548], 576: [573, 574, 575, 576, 577, 578, 579, 580], 603: [570, 571, 602, 603, 604, 633, 634, 662], 607: [605, 606, 607], 609: [609, 610, 611, 612], 639: [635, 636, 637, 638, 639, 640, 641, 642], 668: [664, 665, 666, 667, 668, 669, 670, 671], 692: [663, 691, 692, 693, 719, 720, 746, 747], 697: [694, 695, 696, 697, 698, 699, 700], 725: [721, 722, 723, 724, 725, 726, 727, 728], 752: [748, 749, 750, 751, 752, 753, 754, 755]}
{215: [212, 213, 214, 215, 216, 217, 218, 219], 240: [236, 237, 238, 239, 240, 241, 242, 243], 266: [261, 262, 263, 264, 265, 266, 267, 268], 270: [220, 244, 245, 269, 270, 271, 296, 297], 292: [289, 290, 291, 292, 293, 294], 317: [287, 288, 314, 315, 316, 317, 318, 319], 322: [295, 321, 322, 323, 324, 325], 346: [342, 343, 344, 345, 346, 347, 348, 376], 352: [350, 351, 352, 353, 354, 382, 383, 384], 373: [371, 372, 373, 374, 375, 401, 402, 403], 379: [349, 377, 378, 379, 380, 381, 409, 410], 407: [404, 405, 406, 407, 408, 437, 438, 439], 411: [411, 412, 413, 414, 441, 442, 443, 444], 472: [440, 469, 470, 471, 472, 473, 474, 475]}
{15: [5, 6, 7, 13, 14, 15, 16, 17], 28: [24, 25, 26, 27, 28, 29, 30, 31], 43: [39, 40, 41, 42, 43, 44, 45, 46], 59: [55, 56, 57, 58, 59, 60, 61, 62], 77: [73, 74, 75, 76, 77, 78, 79, 80], 95: [92, 93, 94, 95], 97: [97, 98], 100: [63, 81, 99, 100, 101, 121, 122], 117: [113, 114, 115, 116, 117, 118, 119, 120], 138: [134, 135, 136, 137, 138, 139, 140, 141], 160: [156, 157, 158, 159, 160, 161, 162], 164: [142, 143, 163, 164, 165, 187, 188, 211], 183: [179, 180, 181, 182, 183, 184, 185, 186], 206: [203, 204, 205, 206, 207, 208, 209, 210], 230: [228, 229, 230, 231, 232, 233, 234, 235]}
{225: [201, 202, 221, 222, 223, 224, 225, 226], 252: [227, 250, 251, 252, 253, 254, 255, 256], 274: [246, 247, 248, 249, 272, 273, 274, 275], 278: [276, 277, 278, 279, 280, 281], 284: [257, 258, 259, 260, 283, 284, 285, 286], 302: [298, 299, 300, 301, 302, 303], 305: [305, 306], 308: [282, 307, 308, 309, 310, 311, 312, 313], 328: [326, 327, 328, 329, 355, 356, 357, 358], 332: [330, 331, 332, 333, 334, 335], 337: [336, 337, 338, 339, 340, 341, 366, 396], 361: [359, 360, 361, 362, 363, 364, 365, 395], 368: [367, 368, 369, 370, 397, 398, 399, 400], 387: [385, 386, 387, 388, 415, 416, 417, 418], 391: [389, 390, 391, 392, 393, 394, 419, 420]}
{11: [0, 1, 2, 3, 4, 10, 11, 12], 19: [8, 9, 18, 19, 20, 21, 22, 23], 34: [32, 33, 34, 35, 36, 37, 38], 50: [47, 48, 49, 50, 51, 52, 53, 54], 68: [65, 66, 67, 68, 69, 70, 71, 72], 83: [64, 82, 83, 84, 102, 103, 104], 86: [85, 86], 88: [88, 89, 90, 91], 108: [105, 106, 107, 108, 109, 110, 111, 112], 125: [123, 124, 125, 144, 145, 146, 147, 170], 129: [126, 127, 128, 129, 130, 131, 132, 133], 151: [148, 149, 150, 151, 152, 153, 154, 155], 168: [166, 167, 168, 169, 189, 190, 191, 192], 174: [171, 172, 173, 174, 175, 176, 177, 178], 197: [193, 194, 195, 196, 197, 198, 199, 200]}
{466: [432, 433, 434, 435, 464, 465, 466, 467], 496: [431, 462, 463, 494, 495, 496, 497, 498], 501: [436, 468, 500, 501, 502, 503, 504, 505], 531: [499, 527, 528, 529, 530, 531, 532, 533], 563: [559, 560, 561, 562, 563, 564, 565, 596], 567: [534, 535, 536, 537, 566, 567, 568, 569], 594: [591, 592, 593, 594], 599: [597, 598, 599, 600, 601, 630, 631, 632], 626: [622, 623, 624, 625, 626, 627, 628, 629], 655: [652, 653, 654, 655, 656, 657, 658, 659], 684: [681, 682, 683, 684, 685, 686, 687, 688], 689: [660, 661, 689, 690, 717, 718, 744, 745], 712: [709, 710, 711, 712, 713, 714, 715, 716], 739: [736, 737, 738, 739, 740, 741, 742, 743]}
