The optimal value is 278422.3336
Service ways: {18, 28, 7}
Inverters: 1184 697 728 1195 238 758 716 738 210 188 1143 219 
Cable routing:
{1044: [1041, 1042, 1043, 1044, 1045, 1046, 1047, 1048], 1083: [1080, 1081, 1082, 1083, 1084, 1085, 1086, 1087], 1115: [1039, 1040, 1078, 1079, 1114, 1115, 1116, 1117], 1153: [1118, 1119, 1120, 1150, 1151, 1152, 1153, 1154], 1156: [1121, 1122, 1123, 1155, 1156, 1157, 1158, 1159], 1180: [1148, 1149, 1179, 1180, 1181, 1206, 1207, 1208], 1183: [1182, 1183], 1185: [1185, 1186], 1188: [1187, 1188, 1189, 1190, 1215, 1216, 1217, 1218], 1212: [1209, 1210, 1211, 1212, 1213, 1214, 1237, 1239], 1234: [1232, 1233, 1234, 1235, 1236, 1256, 1257, 1258], 1242: [1240, 1241, 1242, 1243, 1244, 1266, 1267, 1268], 1262: [1238, 1259, 1260, 1261, 1262, 1263, 1264, 1265], 1285: [1282, 1283, 1284, 1285, 1286, 1302, 1303, 1304], 1288: [1287, 1288, 1289, 1290, 1291, 1305, 1306, 1307]}
{406: [361, 362, 363, 404, 405, 406, 407, 408], 448: [398, 399, 400, 401, 446, 447, 448, 449], 451: [402, 403, 450, 451, 452, 453, 454, 455], 499: [496, 497, 498, 499, 500, 501, 502, 546], 543: [493, 494, 495, 541, 542, 543, 544, 545], 551: [456, 503, 504, 549, 550, 551, 552, 601], 596: [547, 548, 594, 595, 596, 597, 598, 599], 642: [590, 591, 592, 593, 640, 641, 642, 643], 646: [644, 645, 646, 647, 648, 649], 695: [691, 692, 693, 694, 695, 696], 698: [698, 699], 701: [600, 650, 651, 700, 701, 702, 752, 753], 744: [742, 743, 744, 745, 793, 794, 795, 796], 748: [746, 747, 748, 749, 750, 751], 799: [797, 798, 799, 800, 801, 802, 803, 804]}
{527: [525, 526, 527, 528, 529, 530, 531, 532], 572: [521, 522, 523, 524, 570, 571, 572, 573], 576: [574, 575, 576, 577, 578, 579, 580, 581], 626: [623, 624, 625, 626, 627, 628, 629, 630], 672: [619, 620, 621, 622, 670, 671, 672, 673], 677: [674, 675, 676, 677, 678, 679, 680], 723: [721, 722, 723, 724, 772, 773, 774, 775], 727: [725, 726, 727], 729: [729, 730], 732: [631, 681, 682, 731, 732, 733, 783, 784], 779: [776, 777, 778, 779, 780, 781, 782, 831], 828: [824, 825, 826, 827, 828, 829, 830, 877], 835: [833, 834, 835, 836, 837, 884, 885, 886], 881: [832, 878, 879, 880, 881, 882, 883, 927], 930: [928, 929, 930, 931, 932, 974, 975, 976]}
{1014: [1010, 1011, 1012, 1013, 1014, 1015, 1016, 1017], 1055: [1052, 1053, 1054, 1055, 1056, 1057, 1058, 1059], 1089: [1008, 1009, 1049, 1050, 1051, 1088, 1089, 1090], 1094: [1091, 1092, 1093, 1094, 1095, 1096, 1097, 1098], 1129: [1124, 1125, 1126, 1127, 1128, 1129, 1130, 1131], 1164: [1160, 1161, 1162, 1163, 1164, 1165], 1167: [1132, 1133, 1134, 1135, 1166, 1167, 1168, 1169], 1194: [1191, 1192, 1193, 1194], 1197: [1196, 1197, 1198, 1199, 1200], 1223: [1219, 1220, 1221, 1222, 1223, 1224], 1227: [1225, 1226, 1227, 1228, 1229, 1253, 1254, 1255], 1249: [1245, 1246, 1247, 1248, 1249, 1250, 1251, 1252], 1273: [1269, 1270, 1271, 1272, 1273, 1274, 1275], 1277: [1276, 1277, 1278, 1279, 1280, 1281, 1300, 1301], 1296: [1292, 1293, 1294, 1295, 1296, 1297, 1298, 1299]}
{26: [5, 6, 7, 8, 24, 25, 26, 27], 53: [9, 28, 29, 51, 52, 53, 54, 55], 82: [49, 50, 80, 81, 82, 83, 84, 119], 122: [85, 86, 87, 121, 122, 123, 124, 125], 159: [118, 120, 156, 157, 158, 159, 160, 161], 198: [195, 196, 197, 198, 199], 201: [162, 163, 164, 200, 201, 202, 203, 204], 237: [235, 236, 237], 240: [239, 240, 241, 242, 243, 244], 280: [277, 278, 279, 280, 281, 282], 285: [283, 284, 285, 286, 328, 372, 417, 465], 323: [320, 321, 322, 323, 324, 325, 326, 327], 367: [364, 365, 366, 367, 368, 369, 370, 371], 412: [409, 410, 411, 412, 413, 414, 415, 416], 460: [457, 458, 459, 460, 461, 462, 463, 464]}
{509: [505, 506, 507, 508, 509, 510, 511, 512], 557: [553, 554, 555, 556, 557, 558, 559, 560], 606: [602, 603, 604, 605, 606, 607, 608], 610: [513, 561, 562, 609, 610, 611, 660, 661], 656: [652, 653, 654, 655, 656, 657, 658, 659], 707: [703, 704, 705, 706, 707, 708, 709, 710], 757: [754, 755, 756, 757], 759: [759, 760], 762: [711, 712, 761, 762, 763, 813, 814], 809: [805, 806, 807, 808, 809, 810, 811, 812], 862: [858, 859, 860, 861, 862, 863, 864, 865], 911: [907, 908, 909, 910, 911, 912, 913, 914], 915: [866, 867, 915, 916, 962, 963, 1006, 1007], 958: [954, 955, 956, 957, 958, 959, 960, 961], 1002: [998, 999, 1000, 1001, 1002, 1003, 1004, 1005]}
{331: [245, 287, 288, 329, 330, 331, 332, 375], 422: [376, 377, 419, 420, 421, 422, 423, 424], 467: [373, 374, 418, 466, 467, 468, 469, 514], 518: [470, 471, 472, 516, 517, 518, 519, 520], 566: [515, 563, 564, 565, 566, 567, 568, 569], 615: [612, 613, 614, 615, 616, 617, 618], 665: [662, 663, 664, 665, 666, 667, 668, 669], 715: [713, 714, 715], 717: [717, 718, 719, 720], 767: [764, 765, 766, 767, 768, 769, 770, 771], 818: [815, 816, 817, 818, 819, 820, 821, 822], 871: [868, 869, 870, 871, 872, 873], 876: [823, 874, 875, 876, 925, 926, 972, 973], 920: [917, 918, 919, 920, 921, 922, 923, 924], 967: [964, 965, 966, 967, 968, 969, 970, 971]}
{489: [487, 488, 489, 490, 491, 492], 537: [533, 534, 535, 536, 537, 538, 539, 540], 586: [582, 583, 584, 585, 586, 587, 588, 589], 636: [632, 633, 634, 635, 636, 637, 638, 639], 687: [683, 684, 685, 686, 687, 688, 689, 690], 737: [734, 735, 736, 737], 739: [739, 740, 741], 789: [785, 786, 787, 788, 789, 790, 791, 792], 842: [838, 839, 840, 841, 842, 843, 844], 891: [887, 888, 889, 890, 891, 892, 938, 939], 894: [845, 846, 893, 894, 895, 940, 941, 942], 935: [933, 934, 935, 936, 937, 977, 978, 979], 982: [980, 981, 982, 983, 984, 985, 1025, 1026], 1022: [1018, 1019, 1020, 1021, 1022, 1023, 1024, 1060], 1063: [1061, 1062, 1063, 1064, 1065, 1099, 1100, 1101]}
{93: [56, 57, 58, 91, 92, 93, 94, 95], 128: [88, 89, 90, 126, 127, 128, 129, 130], 134: [59, 60, 96, 97, 132, 133, 134, 135], 170: [131, 168, 169, 170, 171, 172, 173, 174], 207: [165, 166, 167, 205, 206, 207, 208, 209], 211: [211, 212, 213, 214], 247: [246, 247, 248, 289, 290, 291, 333, 334], 252: [249, 250, 251, 252, 253, 254, 255, 256], 295: [292, 293, 294, 295, 296, 297, 298, 299], 339: [335, 336, 337, 338, 339, 340, 341, 342], 384: [380, 381, 382, 383, 384, 385, 386, 387], 427: [378, 379, 425, 426, 427, 473, 474, 475], 432: [428, 429, 430, 431, 432, 433, 434, 435], 480: [476, 477, 478, 479, 480, 481, 482, 483]}
{18: [0, 14, 15, 16, 17, 18, 19, 20], 21: [1, 2, 3, 4, 21, 22, 23, 47], 43: [39, 40, 41, 42, 43, 44, 45, 46], 74: [70, 71, 72, 73, 74, 75, 76, 77], 111: [107, 108, 109, 110, 111, 112, 113], 115: [48, 78, 79, 114, 115, 116, 117, 153], 149: [145, 146, 147, 148, 149, 150, 151, 152], 187: [184, 185, 186, 187], 189: [189, 190, 191], 193: [154, 155, 192, 193, 194, 233, 234], 228: [224, 225, 226, 227, 228, 229, 230, 231], 270: [266, 267, 268, 269, 270, 271, 272], 274: [232, 273, 274, 275, 276, 317, 318, 319], 313: [309, 310, 311, 312, 313, 314, 315, 316], 357: [353, 354, 355, 356, 357, 358, 359, 360]}
{853: [850, 851, 852, 853, 854, 855, 856, 857], 897: [847, 848, 849, 896, 897, 898, 943, 944], 902: [899, 900, 901, 902, 903, 904, 905, 906], 949: [946, 947, 948, 949, 950, 951, 952, 953], 993: [990, 991, 992, 993, 994, 995, 996, 997], 1030: [945, 986, 987, 988, 989, 1028, 1029, 1030], 1034: [1031, 1032, 1033, 1034, 1035, 1036, 1037, 1038], 1073: [1070, 1071, 1072, 1073, 1074, 1075, 1076, 1077], 1104: [1027, 1066, 1067, 1068, 1069, 1102, 1103, 1104], 1109: [1106, 1107, 1108, 1109, 1110, 1111, 1112, 1113], 1139: [1105, 1136, 1137, 1138, 1139, 1140, 1170], 1142: [1141, 1142], 1144: [1144, 1145, 1146, 1147], 1174: [1171, 1172, 1173, 1174, 1175, 1176, 1177, 1178], 1203: [1201, 1202, 1203, 1204, 1205, 1230, 1231]}
{36: [10, 11, 12, 13, 35, 36, 37, 38], 63: [30, 31, 32, 33, 61, 62, 63, 64], 102: [34, 65, 98, 99, 100, 101, 102, 103], 104: [66, 67, 68, 69, 104, 105, 106, 144], 140: [136, 137, 138, 139, 140, 141, 142, 143], 179: [175, 176, 177, 178, 179, 180, 181, 182], 218: [215, 216, 217, 218], 221: [183, 220, 221, 222, 223, 263, 264, 265], 260: [257, 258, 259, 260, 261, 262, 300, 301], 304: [302, 303, 304, 305, 306, 307, 308, 348], 345: [343, 344, 345, 346, 347, 388, 389, 390], 351: [349, 350, 351, 352, 396, 397, 444, 445], 393: [391, 392, 393, 394, 395, 441, 442, 443], 438: [436, 437, 438, 439, 440, 484, 485, 486]}
