The optimal value is 180571.3257
Service ways: {16, 26, 6}
Inverters: 697 363 382 105 114 684 706 373 
Cable routing:
{557: [554, 555, 556, 557, 558, 559, 560, 561], 591: [588, 589, 590, 591, 592, 593, 594, 595], 623: [552, 553, 586, 587, 621, 622, 623, 624], 627: [625, 626, 627, 628, 629, 630, 631], 662: [659, 660, 661, 662, 663, 664, 665, 666], 692: [656, 657, 658, 691, 692, 693, 726, 727], 696: [694, 695, 696], 698: [698, 699, 700, 701], 732: [729, 730, 731, 732, 733, 734, 735, 736], 761: [728, 759, 760, 761, 762, 791, 792, 793], 765: [763, 764, 765, 766, 767, 768, 769], 797: [794, 795, 796, 797, 798, 799, 800, 801], 824: [822, 823, 824, 825, 852, 853, 854, 855], 828: [826, 827, 828, 829, 830, 831, 832], 859: [856, 857, 858, 859, 860, 861, 862, 871]}
{245: [191, 192, 217, 218, 244, 245, 271, 272], 249: [246, 247, 248, 249, 250, 251, 252, 253], 276: [273, 274, 275, 276, 277, 278, 279, 280], 304: [302, 303, 304, 305, 306, 307, 308, 333], 330: [299, 300, 301, 328, 329, 330, 331, 332], 361: [358, 359, 360, 361, 362, 392], 365: [334, 335, 336, 337, 364, 365, 366, 367], 390: [388, 389, 390, 391, 420, 421, 422, 454], 394: [393, 394, 395, 396, 397, 398], 426: [423, 424, 425, 426, 427, 428, 429, 430], 458: [455, 456, 457, 458, 459, 460, 461, 462], 486: [452, 453, 485, 486, 487, 518, 519, 520], 491: [488, 489, 490, 491, 492, 493, 494, 495], 524: [521, 522, 523, 524, 525, 526, 527, 528]}
{241: [190, 214, 215, 216, 240, 241, 242, 243], 266: [237, 238, 239, 264, 265, 266, 267, 268], 295: [269, 270, 291, 292, 293, 294, 295, 296], 323: [297, 319, 320, 321, 322, 323, 324, 325], 352: [348, 349, 350, 351, 352, 353], 355: [298, 326, 327, 354, 355, 356, 357], 381: [378, 379, 380, 381], 384: [383, 384, 385, 386, 387], 413: [409, 410, 411, 412, 413, 414], 417: [415, 416, 417, 418, 419, 449, 450, 451], 445: [441, 442, 443, 444, 445, 446, 447, 448], 477: [473, 474, 475, 476, 477, 478, 479, 480], 482: [481, 482, 483, 484, 514, 515, 516, 517], 510: [506, 507, 508, 509, 510, 511, 512, 513], 543: [539, 540, 541, 542, 543, 544, 545, 546]}
{24: [6, 7, 8, 21, 22, 23, 24, 25], 39: [18, 19, 20, 37, 38, 39, 40, 41], 45: [9, 26, 27, 43, 44, 45, 46, 47], 63: [42, 61, 62, 63, 64, 65, 66, 67], 80: [57, 58, 59, 60, 78, 79, 80, 81], 84: [82, 83, 84, 85, 86, 87, 88, 104], 101: [99, 100, 101, 102, 103, 121, 122, 123], 106: [106, 107, 108, 109], 127: [124, 125, 126, 127, 128, 129, 130, 131], 146: [144, 145, 146, 167, 168, 169, 193, 194], 150: [147, 148, 149, 150, 151, 152, 153, 154], 173: [170, 171, 172, 173, 174, 175, 176, 177], 198: [195, 196, 197, 198, 199, 200, 201, 202], 224: [219, 220, 221, 222, 223, 224, 225, 226]}
{3: [0, 1, 2, 3, 4, 5, 13, 14], 30: [10, 11, 12, 28, 29, 30, 31, 48], 33: [15, 16, 17, 32, 33, 34, 35, 36], 52: [49, 50, 51, 52, 53, 54, 55, 56], 72: [68, 69, 70, 71, 72, 73, 74, 75], 93: [89, 90, 91, 92, 93, 94, 95, 96], 113: [110, 111, 112, 113], 115: [115, 116], 118: [76, 77, 97, 98, 117, 118, 119, 120], 136: [132, 133, 134, 135, 136, 137], 140: [138, 139, 140, 141, 142, 143, 163, 166], 159: [155, 156, 157, 158, 159, 160, 161, 162], 182: [178, 179, 180, 181, 182, 183, 184, 185], 187: [164, 165, 186, 187, 188, 189, 212, 213], 207: [204, 205, 206, 207, 208, 209, 210, 211]}
{581: [547, 548, 549, 580, 581, 582, 583, 584], 609: [573, 574, 575, 576, 607, 608, 609, 610], 613: [577, 578, 579, 611, 612, 613, 614, 615], 618: [550, 551, 585, 616, 617, 618, 619, 620], 649: [646, 647, 648, 649, 650, 651, 652, 653], 679: [643, 644, 645, 678, 679, 680, 713, 714], 683: [681, 682, 683], 685: [685, 686, 687], 689: [654, 655, 688, 689, 690, 723, 724, 725], 719: [716, 717, 718, 719, 720, 721, 722], 750: [715, 748, 749, 750, 751, 781, 782, 783], 754: [752, 753, 754, 755, 756, 757, 758], 787: [784, 785, 786, 787, 788, 789, 790, 818], 815: [813, 814, 815, 816, 844, 845, 846, 847], 819: [817, 819, 820, 821, 848, 849, 850, 851]}
{565: [529, 530, 562, 563, 564, 565, 566, 567], 600: [568, 596, 597, 598, 599, 600, 601, 602], 604: [569, 570, 571, 572, 603, 604, 605, 606], 636: [632, 633, 634, 635, 636, 637, 638, 639], 671: [667, 668, 669, 670, 671, 672], 675: [640, 641, 642, 673, 674, 675, 676, 677], 705: [702, 703, 704, 705], 707: [707, 708], 710: [709, 710, 711, 712, 745, 746, 747, 778], 741: [737, 738, 739, 740, 741, 742, 743, 744], 774: [770, 771, 772, 773, 774, 775, 776, 777], 806: [802, 803, 804, 805, 806, 807, 808, 809], 811: [779, 780, 810, 811, 812, 841, 842, 843], 837: [833, 834, 835, 836, 837, 838, 839, 840], 868: [863, 864, 865, 866, 867, 868, 869, 870]}
{232: [230, 231, 232, 233, 234, 235, 236, 258], 256: [203, 227, 228, 229, 254, 255, 256, 257], 286: [259, 260, 261, 284, 285, 286, 287, 288], 311: [281, 282, 283, 309, 310, 311, 312, 313], 317: [262, 263, 289, 290, 315, 316, 317, 318], 343: [314, 341, 342, 343, 344, 345, 346, 347], 370: [338, 339, 340, 368, 369, 370, 371, 372], 374: [374, 375, 376, 377], 404: [401, 402, 403, 404, 405, 406, 407, 408], 432: [399, 400, 431, 432, 463, 464, 496, 497], 436: [433, 434, 435, 436, 437, 438, 439, 440], 468: [465, 466, 467, 468, 469, 470, 471, 472], 501: [498, 499, 500, 501, 502, 503, 504, 505], 534: [531, 532, 533, 534, 535, 536, 537, 538]}
