The optimal value is 206041.0503
Service ways: {3, 12, 23}
Inverters: 92 397 759 79 384 785 734 337 777 
Cable routing:
{18: [13, 14, 15, 16, 17, 18, 19, 20], 40: [37, 38, 39, 40, 41, 42, 43, 44], 61: [12, 34, 35, 36, 59, 60, 61, 62], 65: [63, 64, 65, 66, 67, 68], 90: [86, 87, 88, 89, 90, 91], 93: [93, 94], 96: [69, 70, 95, 96, 97, 124, 125, 126], 116: [114, 115, 116, 117, 144, 145, 146, 147], 120: [118, 119, 120, 121, 122, 123], 150: [148, 149, 150, 151, 152, 181, 182, 183], 153: [153, 154, 155, 156, 157, 184, 185, 186], 178: [176, 177, 178, 179, 180, 209, 210, 211], 187: [187, 188, 189, 220, 221, 222, 223, 255], 215: [212, 213, 214, 215, 216, 217, 218, 219], 250: [247, 248, 249, 250, 251, 252, 253, 254]}
{287: [283, 284, 285, 286, 287, 288, 289, 323], 293: [256, 257, 258, 259, 292, 293, 294, 295], 327: [290, 291, 326, 327, 328, 329, 330, 331], 357: [319, 320, 321, 322, 355, 356, 357, 358], 361: [324, 325, 359, 360, 361, 362, 363, 364], 395: [391, 392, 393, 394, 395, 396], 401: [365, 366, 367, 399, 400, 401, 402, 403], 429: [427, 428, 429, 430, 463, 464, 465, 466], 433: [398, 431, 432, 433, 434, 435], 437: [436, 437, 438, 439, 472, 473, 474, 475], 469: [467, 468, 469, 470, 471, 504, 505, 506], 501: [499, 500, 501, 502, 503, 536, 537, 538], 509: [507, 508, 509, 510, 511, 512, 547, 548], 542: [539, 540, 541, 542, 543, 544, 545, 546]}
{579: [575, 576, 577, 578, 579, 580, 581, 582], 615: [611, 612, 613, 614, 615, 616, 617, 618], 651: [647, 648, 649, 650, 651, 652, 653, 654], 655: [583, 584, 619, 620, 655, 656, 692, 693], 688: [684, 685, 686, 687, 688, 689, 690, 691], 724: [720, 721, 722, 723, 724, 725, 726, 727], 758: [755, 756, 757, 758], 760: [760, 761], 763: [728, 729, 762, 763, 764, 798, 799], 794: [790, 791, 792, 793, 794, 795, 796, 797], 828: [824, 825, 826, 827, 828, 829, 830, 831], 860: [857, 858, 859, 860, 861, 890, 891, 892], 863: [832, 862, 863, 864, 865, 894, 895, 896], 924: [893, 921, 922, 923, 924, 925, 926, 927], 954: [951, 952, 953, 954, 955, 956, 957]}
{5: [1, 2, 3, 4, 5, 6, 7, 8], 27: [23, 24, 25, 26, 27, 28, 29, 30], 32: [9, 10, 11, 31, 32, 33, 57, 58], 47: [0, 21, 22, 45, 46, 47, 48, 49], 52: [50, 51, 52, 53, 54, 78], 75: [71, 72, 73, 74, 75, 76, 77, 103], 82: [55, 56, 80, 81, 82, 83, 84, 85], 107: [104, 105, 106, 107, 108, 109], 111: [110, 111, 112, 113, 141, 142, 143, 173], 137: [133, 134, 135, 136, 137, 138, 139, 140], 169: [165, 166, 167, 168, 169, 170, 171, 172], 202: [198, 199, 200, 201, 202, 203, 204, 205], 207: [174, 175, 206, 207, 208, 241, 242, 243], 237: [233, 234, 235, 236, 237, 238, 239, 240]}
{280: [244, 245, 246, 278, 279, 280, 281, 282], 308: [270, 271, 272, 273, 306, 307, 308, 309], 312: [274, 275, 276, 277, 311, 312, 313, 314], 346: [310, 342, 343, 344, 345, 346, 347, 348], 352: [315, 316, 317, 318, 351, 352, 353, 354], 382: [378, 379, 380, 381, 382, 383], 386: [349, 350, 385, 386, 387, 388, 389, 390], 416: [414, 415, 416, 417, 450, 451, 452, 453], 420: [418, 419, 420, 421, 422, 455], 424: [423, 424, 425, 426, 459, 460, 461, 462], 456: [454, 456, 457, 458, 490, 491, 492, 493], 487: [485, 486, 487, 488, 489, 522, 523, 524], 496: [494, 495, 496, 497, 498, 533, 534, 535], 529: [525, 526, 527, 528, 529, 530, 531, 532]}
{570: [567, 568, 569, 570, 571, 572, 573, 574], 606: [603, 604, 605, 606, 607, 608, 609, 610], 642: [639, 640, 641, 642, 643, 644, 645, 646], 679: [676, 677, 678, 679, 680, 681, 682, 683], 715: [712, 713, 714, 715, 716, 717, 718, 719], 750: [747, 748, 749, 750, 751, 752, 753, 754], 784: [782, 783, 784], 786: [786, 787, 788, 789], 819: [816, 817, 818, 819, 820, 821, 822, 823], 852: [849, 850, 851, 852, 853, 854, 855, 856], 884: [881, 882, 883, 884, 885, 886, 887], 915: [912, 913, 914, 915, 916, 917], 919: [888, 889, 918, 919, 920, 949, 950, 979], 945: [941, 942, 943, 944, 945, 946, 947, 948], 975: [971, 972, 973, 974, 975, 976, 977, 978]}
{550: [513, 514, 515, 549, 550, 551, 585, 586], 554: [516, 552, 553, 554, 555, 556, 557, 558], 590: [587, 588, 589, 590, 591, 592, 593, 594], 626: [623, 624, 625, 626, 627, 628, 629, 630], 659: [621, 622, 657, 658, 659, 660, 694, 695], 663: [661, 662, 663, 664, 665, 666, 667], 699: [696, 697, 698, 699, 700, 701, 702, 703], 733: [730, 731, 732, 733], 735: [735, 736, 737, 738], 769: [765, 766, 767, 768, 769, 770, 771, 772], 803: [800, 801, 802, 803, 804, 805, 806], 836: [833, 834, 835, 836, 837, 838, 839], 868: [866, 867, 868, 869, 870, 871, 897], 900: [898, 899, 900, 901, 902, 930, 931, 932], 959: [928, 929, 958, 959, 960, 961, 962, 980]}
{130: [99, 100, 101, 102, 129, 130, 131, 132], 160: [98, 127, 128, 158, 159, 160, 161, 162], 194: [163, 164, 191, 192, 193, 194, 195, 196], 229: [197, 226, 227, 228, 229, 230, 231, 232], 261: [190, 224, 225, 260, 261, 262, 296, 297], 265: [263, 264, 265, 266, 267, 268, 269], 301: [298, 299, 300, 301, 302, 303, 304, 305], 335: [332, 333, 334, 335, 336], 339: [338, 339, 340, 341, 374, 375, 376, 377], 370: [368, 369, 370, 371, 372, 404, 405, 406], 409: [373, 407, 408, 409, 410, 411, 412, 413], 442: [440, 441, 442, 443, 444, 476, 477, 478], 447: [445, 446, 447, 448, 449, 484, 520, 521], 481: [479, 480, 481, 482, 483, 517, 518, 519]}
{562: [559, 560, 561, 562, 563, 564, 565, 566], 598: [595, 596, 597, 598, 599, 600, 601, 602], 634: [631, 632, 633, 634, 635, 636, 637, 638], 671: [668, 669, 670, 671, 672, 673, 674, 675], 707: [704, 705, 706, 707, 708, 709, 710, 711], 742: [739, 740, 741, 742, 743, 744, 745, 746], 776: [773, 774, 775, 776], 779: [778, 779, 780, 781, 812, 813, 814, 815], 809: [807, 808, 809, 810, 811, 840, 841, 842], 845: [843, 844, 845, 846, 847, 848, 880, 911], 876: [872, 873, 874, 875, 876, 877, 878, 879], 907: [903, 904, 905, 906, 907, 908, 909, 910], 937: [933, 934, 935, 936, 937, 938, 939, 940], 967: [963, 964, 965, 966, 967, 968, 969, 970]}
