The optimal value is 135723.7909
Service ways: {17, 26, 6}
Inverters: 338 545 114 532 86 329 
Cable routing:
{228: [224, 225, 226, 227, 228, 229, 230, 231], 250: [246, 247, 248, 249, 250, 251, 252, 253], 272: [268, 269, 270, 271, 272, 273, 274], 276: [232, 233, 254, 255, 275, 276, 277, 278], 294: [290, 291, 292, 293, 294, 295, 296, 297], 316: [312, 313, 314, 315, 316, 317], 320: [298, 299, 300, 318, 319, 320, 321, 322], 337: [334, 335, 336, 337], 339: [339, 340, 341], 343: [342, 343, 344, 364, 365, 366, 387, 388], 360: [356, 357, 358, 359, 360, 361, 362, 363], 382: [378, 379, 380, 381, 382, 383, 384, 385], 405: [401, 402, 403, 404, 405, 406, 407, 430], 409: [386, 408, 409, 410, 411, 431, 432, 433], 427: [424, 425, 426, 427, 428, 429, 447, 448]}
{453: [449, 450, 451, 452, 453, 454, 455, 456], 476: [472, 473, 474, 475, 476, 477, 478, 479], 499: [496, 497, 498, 499, 500, 501, 502, 503], 517: [470, 471, 493, 494, 495, 516, 517, 518], 522: [519, 520, 521, 522, 523, 524, 525, 526], 542: [539, 540, 541, 542, 543, 544, 564, 565], 546: [546, 547, 548, 549], 569: [566, 567, 568, 569, 570, 571, 572, 573], 586: [563, 585, 586, 587, 606, 607, 608, 624], 591: [588, 589, 590, 591, 592, 593, 594, 595], 612: [609, 610, 611, 612, 613, 614, 615, 616], 630: [627, 628, 629, 630, 631, 632, 633, 634], 643: [625, 626, 640, 641, 642, 643, 644, 645], 647: [646, 647, 648, 649, 650, 651, 652, 653]}
{23: [19, 20, 21, 22, 23, 24, 25, 26], 41: [37, 38, 39, 40, 41, 42, 43, 44], 59: [55, 56, 57, 58, 59, 60, 61, 62], 77: [73, 74, 75, 76, 77, 78, 79, 80], 95: [91, 92, 93, 94, 95, 96, 97, 98], 113: [110, 111, 112, 113], 115: [115, 116], 118: [63, 81, 99, 100, 117, 118, 119, 120], 134: [130, 131, 132, 133, 134, 135], 138: [136, 137, 138, 139, 140, 158, 159, 160], 154: [150, 151, 152, 153, 154, 155, 156, 157], 174: [170, 171, 172, 173, 174, 175, 176, 177], 179: [178, 179, 180, 181, 199, 200, 201, 202], 192: [190, 191, 192, 193, 211, 212, 213, 214], 195: [194, 195, 196, 197, 198, 215, 216, 217]}
{440: [436, 437, 438, 439, 440, 441, 442, 443], 463: [459, 460, 461, 462, 463, 464, 465, 466], 468: [444, 445, 446, 467, 468, 469, 491, 492], 481: [434, 435, 457, 458, 480, 481, 482, 504], 486: [483, 484, 485, 486, 487, 488, 489, 490], 509: [505, 506, 507, 508, 509, 510, 511, 512], 529: [527, 528, 529, 530, 531, 550, 551, 552], 533: [533, 534, 535, 536], 537: [513, 514, 515, 537, 538, 560, 561, 562], 555: [553, 554, 555, 556, 557, 558, 559, 579], 576: [574, 575, 576, 577, 578, 596, 597, 598], 581: [580, 581, 582, 583, 584, 603, 604, 605], 601: [599, 600, 601, 602, 621, 622, 623, 639], 619: [617, 618, 619, 620, 635, 636, 637, 638]}
{5: [1, 2, 3, 4, 5, 6, 7, 8], 14: [11, 12, 13, 14, 15, 16, 17, 18], 32: [29, 30, 31, 32, 33, 34, 35, 36], 46: [0, 9, 10, 27, 28, 45, 46, 64], 50: [47, 48, 49, 50, 51, 52, 53, 54], 68: [65, 66, 67, 68, 69, 70, 71, 72], 84: [82, 83, 84, 85, 101, 102, 103, 104], 87: [87, 88, 89, 90], 107: [105, 106, 107, 108, 109, 127, 128, 129], 124: [121, 122, 123, 124, 125, 126, 141, 161], 145: [142, 143, 144, 145, 146, 147, 148, 149], 165: [162, 163, 164, 165, 166, 167, 168, 169], 186: [182, 183, 184, 185, 186, 187, 188, 189], 207: [203, 204, 205, 206, 207, 208, 209, 210]}
{240: [218, 219, 220, 236, 237, 238, 239, 240], 242: [221, 222, 223, 241, 242, 243, 244, 245], 258: [234, 235, 256, 257, 258, 259, 279, 280], 263: [260, 261, 262, 263, 264, 265, 266, 267], 285: [282, 283, 284, 285, 286, 287, 288, 289], 307: [304, 305, 306, 307, 308, 309, 310, 311], 325: [281, 301, 302, 303, 323, 324, 325, 326], 328: [327, 328], 330: [330, 331, 332, 333], 347: [345, 346, 347, 348, 349, 367, 368, 369], 351: [350, 351, 352, 353, 354, 355], 373: [370, 371, 372, 373, 374, 375, 376, 377], 391: [389, 390, 391, 392, 412, 413, 414, 415], 395: [393, 394, 395, 396, 397, 398, 399, 400], 418: [416, 417, 418, 419, 420, 421, 422, 423]}
