The optimal value is 250373.5839
Service ways: {16, 25, 35, 6}
Inverters: 514 191 491 502 135 147 829 1116 850 807 1085 
Cable routing:
{370: [365, 366, 367, 368, 369, 370, 371, 372], 409: [373, 374, 375, 407, 408, 409, 410, 411], 438: [401, 402, 403, 404, 436, 437, 438, 439], 441: [405, 406, 440, 441, 442, 443, 444, 445], 477: [475, 476, 477, 478, 479, 480], 482: [446, 447, 481, 482, 483, 484, 519, 520], 511: [472, 473, 474, 509, 510, 511, 512, 513], 515: [515, 516, 517, 518, 549, 550], 546: [544, 545, 546, 547, 548, 579, 580, 581], 553: [551, 552, 553, 554, 555, 588, 589, 590], 584: [582, 583, 584, 585, 586, 587, 618, 619], 615: [613, 614, 615, 616, 617, 648, 649, 682], 622: [620, 621, 622, 623, 624, 656, 657, 658], 652: [650, 651, 652, 653, 654, 655, 683, 684]}
{64: [38, 39, 40, 62, 63, 64, 65, 66], 95: [67, 92, 93, 94, 95, 96, 97], 121: [89, 90, 91, 119, 120, 121, 122, 154], 125: [123, 124, 125, 126, 127, 128, 129, 130], 158: [155, 156, 157, 158, 159, 160, 161], 186: [152, 153, 185, 186, 187, 219, 220, 221], 190: [188, 189, 190], 192: [192, 193, 194], 195: [162, 163, 195, 196, 197, 229, 230, 231], 225: [222, 223, 224, 225, 226, 227, 259, 260], 256: [254, 255, 256, 257, 258, 289, 290, 291], 263: [228, 261, 262, 263, 264, 265, 266, 267], 295: [292, 293, 294, 295, 296, 297, 298, 299], 301: [300, 301, 302, 303, 336, 337, 338, 339], 331: [328, 329, 330, 331, 332, 333, 334, 335]}
{350: [315, 316, 317, 348, 349, 350, 351, 352], 378: [340, 341, 342, 343, 376, 377, 378, 379], 383: [345, 346, 347, 381, 382, 383, 384, 385], 415: [344, 380, 412, 413, 414, 415, 416, 417], 421: [386, 387, 388, 419, 420, 421, 422, 423], 454: [418, 451, 452, 453, 454, 455, 456, 457], 487: [448, 449, 450, 485, 486, 487, 521, 522], 490: [488, 489, 490], 492: [492, 493], 495: [458, 459, 494, 495, 496, 530, 531, 566], 526: [523, 524, 525, 526, 527, 528, 529], 559: [556, 557, 558, 559, 560, 591, 592, 593], 561: [561, 562, 563, 564, 565, 594, 595, 596], 598: [597, 598, 599, 600, 632, 633, 634, 635], 629: [625, 626, 627, 628, 629, 630, 631, 659]}
{323: [318, 319, 320, 321, 322, 323, 324, 325], 361: [326, 327, 359, 360, 361, 362, 363, 364], 391: [353, 354, 355, 356, 389, 390, 391, 392], 394: [357, 358, 393, 394, 395, 396, 397], 429: [424, 425, 426, 427, 428, 429, 430, 431], 433: [398, 399, 400, 432, 433, 434, 435, 469], 465: [463, 464, 465, 466, 467, 468], 499: [460, 461, 462, 497, 498, 499, 500, 501], 503: [503, 504, 505, 537, 538, 539, 540], 507: [470, 471, 506, 507, 508, 541, 542, 543], 534: [532, 533, 534, 535, 536, 567, 568, 569], 572: [570, 571, 572, 573, 574, 606, 607, 608], 576: [575, 576, 577, 578, 609, 610, 611, 612], 604: [601, 602, 603, 604, 605, 636, 637, 638]}
{21: [0, 1, 17, 18, 19, 20, 21, 22], 24: [2, 3, 4, 5, 23, 24, 25, 26], 45: [41, 42, 43, 44, 45, 46, 47, 48], 72: [68, 69, 70, 71, 72, 73, 74, 75], 102: [98, 99, 100, 101, 102, 103], 106: [49, 50, 76, 77, 104, 105, 106, 107], 133: [131, 132, 133, 134, 164, 165], 138: [136, 137, 138, 139, 140, 171, 172, 173], 168: [166, 167, 168, 169, 170, 200, 201, 202], 205: [203, 204, 205, 206, 207, 240, 241, 242], 234: [198, 199, 232, 233, 234, 235, 268, 269], 237: [236, 237, 238, 239, 270, 271, 272, 273], 276: [274, 275, 276, 277, 278, 312, 313, 314], 308: [304, 305, 306, 307, 308, 309, 310, 311]}
{12: [9, 10, 11, 12, 13, 14, 15, 16], 28: [6, 7, 8, 27, 28, 29, 51, 52], 33: [30, 31, 32, 33, 34, 35, 36, 37], 57: [54, 55, 56, 57, 58, 59, 60, 61], 84: [81, 82, 83, 84, 85, 86, 87, 88], 110: [53, 78, 79, 80, 108, 109, 110, 111], 114: [112, 113, 114, 115, 116, 117, 118, 146], 143: [141, 142, 143, 144, 145, 174, 175, 176], 148: [148, 149, 150, 151], 180: [177, 178, 179, 180, 181, 182, 183, 184], 210: [208, 209, 210, 243, 244, 245, 279, 280], 214: [211, 212, 213, 214, 215, 216, 217, 218], 249: [246, 247, 248, 249, 250, 251, 252, 253], 284: [281, 282, 283, 284, 285, 286, 287, 288]}
{667: [663, 664, 665, 666, 667, 668, 669, 670], 694: [660, 661, 662, 693, 694, 695, 726, 727], 700: [696, 697, 698, 699, 700, 701, 702, 703], 733: [729, 730, 731, 732, 733, 734, 735, 736], 765: [762, 763, 764, 765, 766, 767, 768], 793: [728, 759, 760, 761, 791, 792, 793, 794], 797: [795, 796, 797, 798, 799, 800], 826: [823, 824, 825, 826, 827, 828, 855, 856], 830: [830, 831, 832], 860: [857, 858, 859, 860, 861, 862, 863], 890: [886, 887, 888, 889, 890, 891, 892, 893], 919: [916, 917, 918, 919, 920, 921, 922], 948: [945, 946, 947, 948, 949, 950, 951], 976: [974, 975, 976, 977, 978, 1002, 1003], 1029: [1004, 1005, 1028, 1029, 1030, 1053, 1054, 1077]}
{995: [991, 992, 993, 994, 995, 996, 997, 998], 1022: [1018, 1019, 1020, 1021, 1022, 1023, 1024, 1025], 1047: [1043, 1044, 1045, 1046, 1047, 1048, 1049], 1051: [999, 1026, 1027, 1050, 1051, 1052, 1075, 1076], 1071: [1067, 1068, 1069, 1070, 1071, 1072, 1073, 1074], 1094: [1090, 1091, 1092, 1093, 1094, 1095, 1096, 1097], 1115: [1112, 1113, 1114, 1115], 1117: [1117, 1118], 1120: [1098, 1099, 1119, 1120, 1121, 1141, 1142], 1137: [1133, 1134, 1135, 1136, 1137, 1138, 1139, 1140], 1155: [1152, 1153, 1154, 1155, 1156, 1157, 1158, 1159], 1166: [1151, 1165, 1166, 1167, 1177, 1178, 1179, 1186], 1169: [1168, 1169, 1170, 1171, 1172, 1173, 1180, 1181], 1183: [1182, 1183, 1184, 1185, 1191, 1192, 1193, 1198], 1189: [1187, 1188, 1189, 1190, 1194, 1195, 1196, 1197]}
{688: [685, 686, 687, 688, 689, 690, 691, 692], 721: [718, 719, 720, 721, 722, 723, 724, 725], 749: [715, 716, 717, 748, 749, 750, 780, 781], 754: [751, 752, 753, 754, 755, 756, 757, 758], 786: [783, 784, 785, 786, 787, 788, 789, 790], 818: [815, 816, 817, 818, 819, 820, 821, 822], 846: [782, 812, 813, 814, 844, 845, 846, 847], 849: [848, 849], 851: [851, 852, 853, 854], 877: [875, 876, 877, 878, 879, 905, 906, 907], 881: [880, 881, 882, 883, 884, 885], 911: [908, 909, 910, 911, 912, 913, 914, 915], 936: [934, 935, 936, 937, 963, 964, 965, 966], 940: [938, 939, 940, 941, 942, 943, 944, 967], 970: [968, 969, 970, 971, 972, 973, 1000, 1001]}
{643: [640, 641, 642, 643, 644, 645, 646, 647], 677: [674, 675, 676, 677, 678, 679, 680, 681], 706: [639, 671, 672, 673, 704, 705, 706, 707], 710: [708, 709, 710, 711, 712, 713, 714], 743: [740, 741, 742, 743, 744, 745, 746, 747], 771: [737, 738, 739, 769, 770, 771, 772, 773], 775: [774, 775, 776, 777, 778, 779], 805: [801, 802, 803, 804, 805, 806], 808: [808, 809, 810, 811], 835: [833, 834, 835, 836, 837, 864, 865, 866], 839: [838, 839, 840, 841, 842, 843], 870: [867, 868, 869, 870, 871, 872, 873, 874], 896: [894, 895, 896, 897, 923, 924, 925, 952], 900: [898, 899, 900, 901, 902, 903, 904], 929: [926, 927, 928, 929, 930, 931, 932, 933]}
{958: [955, 956, 957, 958, 959, 960, 961, 962], 982: [953, 954, 979, 980, 981, 982, 1008, 1009], 986: [983, 984, 985, 986, 987, 988, 989, 990], 1013: [1010, 1011, 1012, 1013, 1014, 1015, 1016, 1017], 1032: [1006, 1007, 1031, 1032, 1033, 1034, 1055, 1056], 1038: [1035, 1036, 1037, 1038, 1039, 1040, 1041, 1042], 1062: [1059, 1060, 1061, 1062, 1063, 1064, 1065, 1066], 1081: [1057, 1058, 1078, 1079, 1080, 1081, 1082, 1083], 1086: [1086, 1087, 1088, 1089], 1103: [1100, 1101, 1102, 1103, 1104, 1122, 1123, 1124], 1107: [1084, 1105, 1106, 1107, 1108, 1109, 1110, 1111], 1128: [1125, 1126, 1127, 1128, 1129, 1130, 1131, 1132], 1146: [1143, 1144, 1145, 1146, 1147, 1148, 1149, 1150], 1162: [1160, 1161, 1162, 1163, 1164, 1174, 1175, 1176]}
