The optimal value is 186286.0514
Service ways: {3, 13, 23}
Inverters: 284 263 657 648 668 275 637 33 
Cable routing:
{163: [159, 160, 161, 162, 163, 164, 165], 167: [140, 141, 142, 143, 166, 167, 168, 169], 191: [187, 188, 189, 190, 191, 192, 193, 194], 220: [216, 217, 218, 219, 220, 221, 222], 224: [195, 196, 197, 223, 224, 225, 226, 256], 252: [248, 249, 250, 251, 252, 253, 254, 255], 283: [280, 281, 282, 283], 285: [285, 286, 287], 289: [257, 258, 288, 289, 290, 322, 323, 324], 318: [314, 315, 316, 317, 318, 319, 320, 321], 353: [349, 350, 351, 352, 353, 354, 355], 357: [356, 357, 358, 359, 393, 394, 430, 469], 389: [385, 386, 387, 388, 389, 390, 391, 392], 426: [422, 423, 424, 425, 426, 427, 428, 429], 465: [461, 462, 463, 464, 465, 466, 467, 468]}
{79: [42, 43, 59, 60, 61, 79, 80, 81], 100: [78, 97, 98, 99, 100, 101, 102, 103], 123: [119, 120, 121, 122, 123, 124, 125, 126], 148: [144, 145, 146, 147, 148, 149, 150, 151], 174: [170, 171, 172, 173, 174, 175, 176, 177], 202: [198, 199, 200, 201, 202, 203, 204], 206: [127, 152, 178, 179, 205, 206, 207, 235], 231: [227, 228, 229, 230, 231, 232, 233, 234], 262: [259, 260, 261, 262], 264: [264, 265, 266], 268: [236, 237, 267, 268, 269, 300, 301, 302], 295: [291, 292, 293, 294, 295, 296, 297, 298], 329: [325, 326, 327, 328, 329, 330], 333: [299, 331, 332, 333, 334, 335, 336, 368], 364: [360, 361, 362, 363, 364, 365, 366, 367]}
{499: [496, 497, 498, 499, 500, 501, 502, 503], 539: [536, 537, 538, 539, 540, 541, 542, 543], 574: [494, 495, 534, 535, 573, 574, 613, 614], 578: [575, 576, 577, 578, 579, 580, 581, 582], 618: [615, 616, 617, 618, 619, 620, 621, 622], 654: [652, 653, 654, 655, 656, 692, 729, 730], 658: [658, 659, 660, 661], 696: [693, 694, 695, 696, 697, 698, 699, 700], 733: [731, 732, 733, 734, 735, 736, 737, 738], 769: [765, 766, 767, 768, 769, 770, 771, 772], 802: [798, 799, 800, 801, 802, 803, 804, 805], 806: [773, 774, 806, 807, 835, 836, 861, 862], 831: [827, 828, 829, 830, 831, 832, 833, 834], 857: [853, 854, 855, 856, 857, 858, 859, 860]}
{490: [487, 488, 489, 490, 491, 492, 493], 530: [526, 527, 528, 529, 530, 531, 532, 533], 569: [565, 566, 567, 568, 569, 570, 571, 572], 609: [606, 607, 608, 609, 610, 611, 612], 644: [604, 605, 643, 644, 681, 682, 683, 720], 647: [645, 646, 647], 649: [649, 650, 651], 687: [684, 685, 686, 687, 688, 689, 690, 691], 724: [721, 722, 723, 724, 725, 726, 727, 728], 756: [719, 755, 756, 788, 789, 818, 844, 863], 760: [757, 758, 759, 760, 761, 762, 763, 764], 793: [790, 791, 792, 793, 794, 795, 796, 797], 822: [819, 820, 821, 822, 823, 824, 825, 826], 848: [845, 846, 847, 848, 849, 850, 851, 852], 867: [864, 865, 866, 867, 868, 869, 870, 871]}
{432: [395, 396, 397, 431, 432, 433, 434, 472], 510: [470, 471, 473, 509, 510, 511, 512, 513], 546: [504, 505, 506, 507, 544, 545, 546, 584], 550: [508, 547, 548, 549, 550, 551, 552, 553], 589: [585, 586, 587, 588, 589, 590, 591, 592], 629: [625, 626, 627, 628, 629, 630, 631, 632], 663: [583, 623, 624, 662, 663, 664, 701, 702], 667: [665, 666, 667], 669: [669, 670, 671], 707: [704, 705, 706, 707, 708, 709, 710, 711], 741: [703, 739, 740, 741, 742, 775, 776, 777], 744: [743, 744, 745, 746, 747, 748], 780: [778, 779, 780, 781, 782, 783, 784, 817], 810: [808, 809, 810, 811, 837, 838, 839, 840], 813: [812, 813, 814, 815, 816, 841, 842, 843]}
{129: [82, 104, 105, 128, 129, 130, 155, 156], 182: [153, 154, 180, 181, 182, 183, 184, 211], 214: [157, 158, 185, 186, 212, 213, 214, 215], 243: [208, 209, 210, 241, 242, 243, 244, 245], 272: [238, 239, 240, 270, 271, 272, 273, 274], 278: [246, 247, 276, 277, 278, 279, 312, 313], 305: [303, 304, 305, 306, 337, 338, 339, 340], 309: [307, 308, 309, 310, 311], 344: [341, 342, 343, 344, 345, 346, 347, 348], 376: [373, 374, 375, 376, 377, 413, 451, 452], 380: [378, 379, 380, 381, 382, 383, 384], 411: [409, 410, 411, 412, 447, 448, 449, 450], 417: [414, 415, 416, 417, 418, 419, 420, 421], 456: [453, 454, 455, 456, 457, 458, 459, 460]}
{402: [398, 399, 400, 401, 402, 403, 404, 405], 406: [369, 370, 371, 372, 406, 407, 408, 443], 439: [435, 436, 437, 438, 439, 440, 441, 442], 478: [474, 475, 476, 477, 478, 479, 480, 481], 483: [444, 445, 446, 482, 483, 484, 485, 486], 518: [514, 515, 516, 517, 518, 519, 520, 521], 558: [554, 555, 556, 557, 558, 559, 560, 561], 563: [522, 523, 524, 525, 562, 563, 564, 603], 597: [593, 594, 595, 596, 597, 598, 599, 600], 636: [633, 634, 635, 636], 640: [601, 602, 638, 639, 640, 641, 642, 680], 676: [672, 673, 674, 675, 676, 677, 678, 679], 715: [712, 713, 714, 715, 716, 717, 718, 754], 751: [749, 750, 751, 752, 753, 785, 786, 787]}
{8: [0, 1, 5, 6, 7, 8, 9, 10], 11: [2, 3, 4, 11, 12, 13, 14, 23], 19: [16, 17, 18, 19, 20, 21, 22, 32], 29: [15, 28, 29, 30, 31, 44, 45, 46], 34: [34, 35, 36, 37], 39: [24, 25, 26, 27, 38, 39, 40, 41], 50: [47, 48, 49, 50, 51, 52, 53, 54], 56: [55, 56, 57, 58, 74, 75, 76, 77], 66: [62, 63, 64, 65, 66, 67, 87, 88], 69: [68, 69, 70, 71, 72, 89, 90, 91], 85: [83, 84, 85, 86, 106, 107, 108, 109], 94: [73, 92, 93, 94, 95, 96, 117, 118], 113: [111, 112, 113, 114, 115, 116, 138, 139], 135: [110, 131, 132, 133, 134, 135, 136, 137]}
