The optimal value is 143653.3301
Service ways: {8, 17, 26}
Inverters: 298 109 346 558 549 82 
Cable routing:
{186: [162, 163, 182, 183, 184, 185, 186, 187], 189: [164, 165, 166, 167, 188, 189, 190, 191], 212: [209, 210, 211, 212, 213, 214, 215, 216], 235: [207, 208, 233, 234, 235, 236, 263, 264], 239: [237, 238, 239, 240, 241, 242, 243, 244], 268: [266, 267, 268, 269, 270, 271], 295: [262, 265, 292, 293, 294, 295, 296, 297], 302: [272, 273, 300, 301, 302, 303, 333, 334], 325: [323, 324, 325, 326, 327, 355, 356, 357], 329: [299, 328, 329, 330, 331, 332], 361: [358, 359, 360, 361, 362, 390, 391, 392], 364: [363, 364, 365, 366, 393, 394, 395, 396], 387: [385, 386, 387, 388, 389, 414, 415, 416], 420: [417, 418, 419, 420, 421, 422, 423, 424]}
{56: [29, 30, 41, 42, 43, 55, 56, 57], 74: [58, 59, 71, 72, 73, 74, 75, 76], 91: [88, 89, 90, 91, 92, 93], 108: [106, 107, 108], 111: [94, 110, 111, 112, 113, 114], 129: [126, 127, 128, 129, 130, 131], 133: [132, 133, 134, 135, 154, 155, 156, 176], 150: [147, 148, 149, 150, 151, 152, 153], 172: [168, 169, 170, 171, 172, 173, 174, 175], 196: [192, 193, 194, 195, 196, 197, 198, 199], 201: [177, 178, 200, 201, 202, 225, 226, 253], 221: [217, 218, 219, 220, 221, 222, 223, 224], 248: [245, 246, 247, 248, 249, 250, 251, 252], 277: [275, 276, 277, 278, 279, 280, 281, 282], 307: [274, 304, 305, 306, 307, 308, 309, 310]}
{204: [157, 179, 180, 181, 203, 204, 205, 206], 229: [227, 228, 229, 230, 231, 232, 254, 257], 285: [255, 256, 258, 283, 284, 285, 286, 287], 289: [259, 260, 261, 288, 289, 290, 291, 319], 315: [311, 312, 313, 314, 315, 316, 317, 318], 345: [342, 343, 344, 345], 347: [347, 348, 349], 351: [320, 321, 322, 350, 351, 352, 353, 354], 378: [374, 375, 376, 377, 378, 379], 382: [380, 381, 382, 383, 384, 412, 413, 441], 408: [404, 405, 406, 407, 408, 409, 410, 411], 437: [433, 434, 435, 436, 437, 438, 439, 440], 465: [461, 462, 463, 464, 465, 466, 467], 492: [488, 489, 490, 491, 492, 493, 517, 518], 516: [514, 515, 516, 539, 540, 541, 542, 564]}
{369: [335, 336, 337, 338, 367, 368, 369, 370], 372: [339, 340, 341, 371, 372, 373, 402, 403], 428: [397, 398, 399, 400, 426, 427, 428, 429], 458: [401, 430, 431, 432, 457, 458, 459, 460], 480: [425, 452, 453, 454, 479, 480, 481, 505], 483: [455, 456, 482, 483, 484, 485, 486, 487], 509: [506, 507, 508, 509, 510, 511, 512, 513], 534: [530, 531, 532, 533, 534, 535, 536, 537], 557: [554, 555, 556, 557], 561: [538, 559, 560, 561, 562, 563, 584, 585], 580: [576, 577, 578, 579, 580, 581, 582, 583], 601: [598, 599, 600, 601, 602, 603, 604, 605], 618: [597, 617, 618, 636, 637, 638, 652, 653], 621: [619, 620, 621, 622, 623, 624, 639, 640]}
{447: [444, 445, 446, 447, 448, 449, 450, 451], 474: [471, 472, 473, 474, 475, 476, 477, 478], 496: [442, 443, 468, 469, 470, 494, 495, 496], 500: [497, 498, 499, 500, 501, 502, 503, 504], 525: [522, 523, 524, 525, 526, 527, 528, 529], 545: [519, 520, 521, 543, 544, 545, 546, 547], 550: [550, 551, 552, 553], 567: [565, 566, 567, 568, 586, 587, 588, 608], 571: [548, 569, 570, 571, 572, 573, 574, 575], 592: [589, 590, 591, 592, 593, 594, 595, 596], 612: [609, 610, 611, 612, 613, 614, 615, 616], 626: [606, 607, 625, 626, 627, 641, 642, 643], 631: [628, 629, 630, 631, 632, 633, 634, 635], 647: [644, 645, 646, 647, 648, 649, 650, 651]}
{7: [1, 2, 3, 4, 6, 7, 8, 9], 14: [0, 5, 11, 12, 13, 14, 15, 16], 26: [10, 17, 18, 19, 25, 26, 27, 28], 35: [21, 22, 23, 24, 33, 34, 35, 36], 46: [20, 31, 32, 44, 45, 46, 47, 48], 52: [37, 38, 39, 40, 51, 52, 53, 54], 65: [49, 50, 63, 64, 65, 66, 67, 68], 79: [60, 61, 62, 77, 78, 79, 80, 81], 83: [83, 84, 101, 102], 86: [69, 70, 85, 86, 87, 103, 104, 105], 97: [95, 96, 97, 98, 99, 115, 116, 117], 120: [100, 118, 119, 120, 121, 140, 141, 142], 123: [122, 123, 124, 125, 143, 144, 145, 146], 138: [136, 137, 138, 139, 158, 159, 160, 161]}
