The optimal value is 136172.8523
Service ways: {8, 17, 26}
Inverters: 100 133 529 543 330 319 
Cable routing:
{5: [0, 1, 2, 3, 4, 5, 6, 7], 14: [8, 9, 11, 12, 13, 14, 15, 16], 25: [10, 21, 22, 23, 24, 25, 26, 27], 29: [17, 18, 19, 20, 28, 29, 30, 31], 39: [35, 36, 37, 38, 39, 40, 41, 42], 57: [53, 54, 55, 56, 57, 58, 59, 60], 61: [43, 44, 45, 61, 62, 63, 83, 84], 79: [75, 76, 77, 78, 79, 80, 81, 82], 99: [97, 98, 99, 118, 119, 120], 101: [101, 102, 103, 104, 105, 122], 125: [123, 124, 125, 126, 147, 148, 169, 170], 143: [121, 140, 141, 142, 143, 144, 145, 146], 165: [162, 163, 164, 165, 166, 167, 168, 185], 188: [186, 187, 188, 189, 190, 191, 192, 193]}
{48: [32, 33, 34, 46, 47, 48, 49, 50], 69: [51, 52, 66, 67, 68, 69, 70, 71], 88: [64, 65, 85, 86, 87, 88, 89, 90], 94: [72, 73, 74, 92, 93, 94, 95, 96], 112: [91, 109, 110, 111, 112, 113, 114, 115], 128: [106, 107, 108, 127, 128, 129, 149, 150], 132: [130, 131, 132], 134: [134, 135, 136], 137: [116, 117, 137, 138, 139, 159, 160, 161], 155: [151, 152, 153, 154, 155, 156, 157, 158], 173: [171, 172, 173, 174, 194, 195, 196, 197], 177: [175, 176, 177, 178, 179, 180], 182: [181, 182, 183, 184, 204, 205, 206, 207], 200: [198, 199, 200, 201, 202, 203, 222, 223], 219: [217, 218, 219, 220, 221, 240, 241, 242]}
{437: [433, 434, 435, 436, 437, 438, 439, 440], 460: [456, 457, 458, 459, 460, 461, 462, 463], 465: [441, 442, 443, 444, 464, 465, 466, 467], 483: [479, 480, 481, 482, 483, 484, 485, 486], 506: [502, 503, 504, 505, 506, 507, 508, 509], 511: [487, 488, 489, 490, 510, 511, 512, 513], 528: [525, 526, 527, 528], 532: [530, 531, 532, 533, 534, 535, 536, 555], 552: [548, 549, 550, 551, 552, 553, 554, 571], 557: [556, 557, 558, 559, 579, 580, 581, 582], 575: [572, 573, 574, 575, 576, 577, 578, 597], 594: [593, 594, 595, 596, 615, 616, 632, 633], 600: [598, 599, 600, 601, 602, 603, 604, 622], 619: [617, 618, 619, 620, 621, 634, 635, 636]}
{451: [448, 449, 450, 451, 452, 453, 454, 455], 474: [471, 472, 473, 474, 475, 476, 477, 478], 493: [468, 469, 470, 491, 492, 493, 494, 516], 497: [495, 496, 497, 498, 499, 500, 501], 520: [517, 518, 519, 520, 521, 522, 523, 524], 538: [514, 515, 537, 538, 539, 540, 560, 561], 542: [541, 542], 544: [544, 545, 546, 547], 566: [563, 564, 565, 566, 567, 568, 569, 570], 584: [562, 583, 584, 585, 605, 606, 623, 637], 588: [586, 587, 588, 589, 590, 591, 592], 610: [607, 608, 609, 610, 611, 612, 613, 614], 627: [624, 625, 626, 627, 628, 629, 630, 631], 641: [638, 639, 640, 641, 642, 643, 644, 645], 649: [646, 647, 648, 649, 650, 651, 652, 653]}
{233: [208, 209, 210, 211, 231, 232, 233, 234], 237: [213, 214, 215, 216, 236, 237, 238, 239], 258: [212, 235, 255, 256, 257, 258, 259, 260], 282: [261, 278, 279, 280, 281, 282, 283, 284], 286: [262, 263, 264, 265, 285, 286, 287, 288], 306: [302, 303, 304, 305, 306, 307, 308, 309], 329: [326, 327, 328, 329], 334: [310, 311, 312, 332, 333, 334, 335, 336], 354: [331, 350, 351, 352, 353, 354, 355, 356], 358: [357, 358, 359, 360, 382, 383, 384, 408], 378: [374, 375, 376, 377, 378, 379, 380, 381], 402: [398, 399, 400, 401, 402, 403, 404, 405], 424: [422, 423, 424, 425, 426, 445, 446, 447], 429: [406, 407, 427, 428, 429, 430, 431, 432]}
{249: [224, 225, 226, 227, 246, 247, 248, 249], 251: [228, 229, 230, 250, 251, 252, 253, 254], 268: [243, 244, 245, 266, 267, 268, 269, 270], 295: [271, 272, 273, 293, 294, 295, 296, 297], 298: [274, 275, 276, 277, 298, 299, 300, 301], 315: [289, 290, 291, 292, 313, 314, 315, 316], 318: [317, 318, 342, 343], 321: [320, 321, 322, 323, 324, 325, 344, 345], 339: [337, 338, 339, 340, 341, 361, 362, 363], 347: [346, 347, 348, 349, 370, 371, 372, 373], 367: [364, 365, 366, 367, 368, 369, 390, 391], 387: [385, 386, 387, 388, 389, 409, 410, 411], 395: [393, 394, 395, 396, 397, 419, 420, 421], 415: [392, 412, 413, 414, 415, 416, 417, 418]}
