The optimal value is 302415.5137
Service ways: {25, 4, 36, 13}
Inverters: 1235 423 435 414 854 872 405 917 1287 90 901 1246 99 
Cable routing:
{1035: [1032, 1033, 1034, 1035, 1036, 1037, 1038, 1039], 1066: [1029, 1030, 1031, 1064, 1065, 1066, 1067, 1100], 1070: [1068, 1069, 1070, 1071, 1072, 1073, 1074, 1075], 1104: [1101, 1102, 1103, 1104, 1105, 1106, 1107, 1108], 1138: [1135, 1136, 1137, 1138, 1139, 1140, 1141, 1142], 1166: [1098, 1099, 1132, 1133, 1134, 1166, 1167, 1198], 1171: [1168, 1169, 1170, 1171, 1172, 1173, 1174, 1175], 1203: [1200, 1201, 1202, 1203, 1204, 1205, 1206, 1207], 1232: [1199, 1230, 1231, 1232, 1233, 1234, 1262, 1263], 1236: [1236, 1237, 1238, 1239], 1267: [1264, 1265, 1266, 1267, 1268, 1269, 1270, 1271], 1299: [1294, 1295, 1296, 1297, 1298, 1299, 1300, 1301], 1328: [1325, 1326, 1327, 1328, 1329, 1354, 1355, 1356], 1331: [1302, 1303, 1330, 1331, 1332, 1357, 1358, 1359]}
{342: [297, 338, 339, 340, 341, 342, 343, 344], 383: [379, 380, 381, 382, 383, 384, 385, 424], 388: [346, 347, 348, 349, 387, 388, 389, 390], 422: [419, 420, 421, 422], 426: [345, 386, 425, 426, 427, 428, 429, 430], 463: [459, 460, 461, 462, 463, 464, 465, 466], 468: [467, 468, 469, 470, 507, 508, 509, 510], 503: [499, 500, 501, 502, 503, 504, 505, 506], 543: [539, 540, 541, 542, 543, 544, 545, 546], 548: [547, 548, 549, 550, 586, 587, 588, 589], 582: [578, 579, 580, 581, 582, 583, 584, 585], 621: [617, 618, 619, 620, 621, 622, 623, 624], 626: [625, 626, 627, 628, 664, 665, 666, 667], 660: [656, 657, 658, 659, 660, 661, 662, 663]}
{313: [309, 310, 311, 312, 313, 314, 315, 316], 354: [350, 351, 352, 353, 354, 355, 356, 357], 395: [391, 392, 393, 394, 395, 396, 397, 398], 399: [317, 318, 358, 359, 360, 399, 400, 401], 434: [431, 432, 433, 434], 438: [436, 437, 438, 439, 440, 441, 479, 481], 475: [471, 472, 473, 474, 475, 476, 477, 478], 515: [511, 512, 513, 514, 515, 516, 517, 518], 520: [480, 519, 520, 521, 559, 560, 561, 562], 555: [551, 552, 553, 554, 555, 556, 557, 558], 594: [590, 591, 592, 593, 594, 595, 596, 597], 598: [598, 599, 600, 601, 637, 638, 676, 677], 633: [629, 630, 631, 632, 633, 634, 635, 636], 672: [668, 669, 670, 671, 672, 673, 674, 675]}
{209: [142, 143, 173, 174, 208, 209, 210, 246], 212: [175, 176, 177, 211, 212, 213, 214, 215], 250: [247, 248, 249, 250, 251, 252, 253, 254], 291: [287, 288, 289, 290, 291, 292, 293, 294], 332: [328, 329, 330, 331, 332, 333, 334, 335], 336: [255, 256, 295, 296, 336, 337, 377, 378], 373: [369, 370, 371, 372, 373, 374, 375, 376], 412: [410, 411, 412, 413, 450, 451, 452, 453], 415: [415, 416, 417, 418], 456: [454, 455, 456, 457, 458, 496, 497, 498], 493: [490, 491, 492, 493, 494, 495, 530, 531], 534: [532, 533, 534, 535, 536, 537, 538, 577], 574: [570, 571, 572, 573, 574, 575, 576, 609], 613: [610, 611, 612, 613, 614, 615, 616, 655]}
{701: [698, 699, 700, 701, 702, 703, 704, 705], 734: [694, 695, 696, 697, 732, 733, 734, 735], 739: [736, 737, 738, 739, 740, 741, 742, 743], 778: [775, 776, 777, 778, 779, 780, 781, 782], 811: [770, 771, 772, 773, 809, 810, 811, 812], 817: [814, 815, 816, 817, 818, 819, 820, 821], 850: [774, 813, 847, 848, 849, 850, 851, 852], 855: [855, 856, 857, 858], 887: [884, 885, 886, 887, 888, 921, 923, 924], 891: [853, 889, 890, 891, 892, 893, 894, 895], 928: [925, 926, 927, 928, 929, 930, 931, 932], 960: [922, 958, 959, 960, 961, 994, 995, 996], 965: [962, 963, 964, 965, 966, 967, 968, 969], 1000: [997, 998, 999, 1000, 1001, 1002, 1003, 1004]}
{603: [563, 564, 602, 603, 604, 605, 606, 607], 642: [639, 640, 641, 642, 643, 644, 645, 646], 681: [678, 679, 680, 681, 682, 683, 684, 685], 719: [716, 717, 718, 719, 720, 721, 722, 723], 757: [754, 755, 756, 757, 758, 759, 760, 761], 796: [793, 794, 795, 796, 797, 798, 799, 800], 835: [832, 833, 834, 835, 836, 837, 838, 839], 871: [869, 870, 871], 873: [873, 874, 875], 909: [906, 907, 908, 909, 910, 911, 912], 946: [943, 944, 945, 946, 947, 948, 949], 983: [980, 981, 982, 983, 984, 985, 986, 1015], 1018: [1016, 1017, 1018, 1019, 1020, 1021, 1054, 1055], 1051: [1050, 1051, 1052, 1053, 1085, 1086, 1119, 1120], 1088: [1087, 1088, 1089, 1090, 1121, 1122, 1123, 1124]}
{82: [57, 58, 80, 81, 82, 83, 84], 109: [106, 107, 108, 109, 110, 111, 112], 137: [134, 135, 136, 137, 138, 139, 140, 141], 168: [165, 166, 167, 168, 169, 170, 171, 172], 203: [200, 201, 202, 203, 204, 205, 206, 207], 241: [238, 239, 240, 241, 242, 243, 244, 245], 282: [279, 280, 281, 282, 283, 284, 285, 286], 323: [319, 320, 321, 322, 323, 324, 325, 326], 364: [361, 362, 363, 364, 365, 366, 367], 404: [402, 403, 404], 408: [327, 368, 406, 407, 408, 409, 448, 449], 445: [442, 443, 444, 445, 446, 447], 485: [482, 483, 484, 485, 486, 487, 488, 489], 525: [522, 523, 524, 525, 526, 527, 528, 529], 566: [565, 566, 567, 568, 569, 608]}
{650: [647, 648, 649, 650, 651, 652, 653, 654], 689: [686, 687, 688, 689, 690, 691, 692, 693], 727: [724, 725, 726, 727, 728, 729, 730, 731], 765: [762, 763, 764, 765, 766, 767, 768, 769], 804: [801, 802, 803, 804, 805, 806, 807, 808], 843: [840, 841, 842, 843, 844, 845, 846], 880: [876, 877, 878, 879, 880, 881, 882, 883], 916: [913, 914, 915, 916], 918: [918, 919, 920], 954: [950, 951, 952, 953, 954, 955, 956, 957], 991: [987, 988, 989, 990, 991, 992, 993], 1026: [1022, 1023, 1024, 1025, 1026, 1027, 1028], 1061: [1056, 1057, 1058, 1059, 1060, 1061, 1062, 1063], 1095: [1091, 1092, 1093, 1094, 1095, 1096, 1097, 1125], 1130: [1126, 1127, 1128, 1129, 1130, 1131, 1164, 1165]}
{1158: [1154, 1155, 1156, 1157, 1158, 1159, 1160, 1161], 1191: [1187, 1188, 1189, 1190, 1191, 1192, 1193, 1194], 1223: [1219, 1220, 1221, 1222, 1223, 1224, 1225, 1226], 1227: [1162, 1163, 1195, 1196, 1197, 1227, 1228, 1229], 1255: [1251, 1252, 1253, 1254, 1255, 1256, 1257, 1258], 1286: [1283, 1284, 1285, 1286], 1291: [1259, 1260, 1261, 1289, 1290, 1291, 1292, 1293], 1319: [1288, 1315, 1316, 1317, 1318, 1319, 1320, 1321], 1323: [1322, 1323, 1324, 1352, 1353, 1379, 1380, 1397], 1348: [1344, 1345, 1346, 1347, 1348, 1349, 1350, 1351], 1375: [1371, 1372, 1373, 1374, 1375, 1376, 1377, 1378], 1393: [1389, 1390, 1391, 1392, 1393, 1394, 1395, 1396], 1405: [1401, 1402, 1403, 1404, 1405, 1406, 1407, 1408], 1412: [1409, 1410, 1411, 1412, 1413, 1414, 1415, 1416]}
{5: [1, 2, 3, 4, 5, 6, 7, 8], 20: [16, 17, 18, 19, 20, 21, 22, 23], 41: [38, 39, 40, 41, 42, 43, 44, 64], 60: [0, 15, 36, 37, 59, 60, 61, 62], 89: [63, 85, 86, 87, 88, 89], 91: [65, 66, 67, 91, 92, 93], 118: [115, 116, 117, 118, 119, 120, 121, 122], 145: [113, 114, 144, 145, 178, 179, 180, 218], 149: [146, 147, 148, 149, 150, 151, 152, 153], 184: [181, 182, 183, 184, 185, 186, 187, 188], 222: [219, 220, 221, 222, 223, 224, 225, 226], 258: [216, 217, 257, 258, 259, 298, 299, 300], 263: [260, 261, 262, 263, 264, 265, 266, 267], 304: [301, 302, 303, 304, 305, 306, 307, 308]}
{711: [708, 709, 710, 711, 712, 713, 714, 715], 749: [746, 747, 748, 749, 750, 751, 752, 753], 784: [706, 707, 744, 745, 783, 784, 822, 823], 788: [785, 786, 787, 788, 789, 790, 791, 792], 827: [824, 825, 826, 827, 828, 829, 830, 831], 864: [861, 862, 863, 864, 865, 866, 867, 868], 897: [859, 860, 896, 897, 898, 933, 934], 900: [899, 900], 902: [902, 903, 904, 905], 938: [935, 936, 937, 938, 939, 940, 941, 942], 975: [972, 973, 974, 975, 976, 977, 978, 979], 1006: [970, 971, 1005, 1006, 1007, 1040, 1041, 1076], 1010: [1008, 1009, 1010, 1011, 1012, 1013, 1014], 1045: [1042, 1043, 1044, 1045, 1046, 1047, 1048, 1049], 1080: [1077, 1078, 1079, 1080, 1081, 1082, 1083, 1084]}
{1115: [1111, 1112, 1113, 1114, 1115, 1116, 1117, 1118], 1149: [1146, 1147, 1148, 1149, 1150, 1151, 1152, 1153], 1177: [1109, 1110, 1143, 1144, 1145, 1176, 1177, 1178], 1182: [1179, 1180, 1181, 1182, 1183, 1184, 1185, 1186], 1214: [1211, 1212, 1213, 1214, 1215, 1216, 1217, 1218], 1242: [1208, 1209, 1210, 1240, 1241, 1242, 1243, 1244], 1247: [1247, 1248, 1249, 1250], 1274: [1272, 1273, 1274, 1275, 1304, 1305, 1306, 1307], 1278: [1245, 1276, 1277, 1278, 1279, 1280, 1281, 1282], 1310: [1308, 1309, 1310, 1311, 1312, 1313, 1314, 1338], 1335: [1333, 1334, 1335, 1336, 1337, 1360, 1361, 1362], 1341: [1339, 1340, 1341, 1342, 1343, 1368, 1369, 1370], 1365: [1363, 1364, 1365, 1366, 1367, 1381, 1382, 1383], 1386: [1384, 1385, 1386, 1387, 1388, 1398, 1399, 1400]}
{26: [9, 10, 11, 12, 24, 25, 26, 27], 29: [13, 14, 28, 29, 30, 31, 32, 33], 50: [45, 46, 47, 48, 49, 50, 51, 52], 55: [34, 35, 53, 54, 55, 56, 78, 79], 73: [70, 71, 72, 73, 74, 75], 96: [68, 69, 94, 95, 96, 97, 98, 123], 102: [76, 77, 100, 101, 102, 103, 104, 105], 127: [124, 125, 126, 127, 128, 129], 131: [130, 131, 132, 133, 162, 163, 164, 197], 158: [154, 155, 156, 157, 158, 159, 160, 161], 193: [189, 190, 191, 192, 193, 194, 195, 196], 231: [227, 228, 229, 230, 231, 232, 233, 234], 236: [198, 199, 235, 236, 237, 276, 277, 278], 272: [268, 269, 270, 271, 272, 273, 274, 275]}
