The optimal value is 686191.1176
Service ways: {33, 7, 42, 15, 50, 24, 60}
Inverters: 2978 1637 2375 2914 2923 894 2444 409 2278 3003 1065 155 1603 1379 2518 1523 707 1047 1298 1833 1924 608 313 884 1856 292 109 2357 2295 
Cable routing:
{2781: [2737, 2738, 2739, 2780, 2781, 2782, 2822, 2824], 2821: [2735, 2736, 2778, 2779, 2820, 2821, 2861, 2862], 2858: [2774, 2775, 2816, 2817, 2857, 2858, 2896, 2897], 2860: [2734, 2776, 2777, 2818, 2819, 2860, 2899, 2937], 2941: [2823, 2864, 2903, 2941], 2972: [2934, 2935, 2971, 2972, 3006, 3007, 3039, 3069], 2973: [2859, 2898, 2936, 2973, 2974, 3008, 3040, 3070], 2976: [2900, 2901, 2939, 2976, 3011, 3043, 3073, 3099], 2977: [2863, 2902, 2940, 2977, 3012, 3044, 3074, 3100], 3010: [2938, 2975, 3009, 3010, 3042, 3072, 3098, 3120], 3094: [3038, 3068, 3094, 3095, 3116, 3133, 3147, 3154], 3097: [3041, 3071, 3096, 3097, 3119, 3136, 3150, 3157], 3135: [3117, 3118, 3134, 3135, 3148, 3149, 3155, 3156], 3138: [3121, 3137, 3138, 3151, 3152, 3158, 3159, 3160]}
{1576: [1388, 1451, 1514, 1576], 1634: [1385, 1448, 1511, 1573, 1634, 1694, 1754, 1813], 1635: [1386, 1449, 1512, 1574, 1635, 1695, 1755, 1814], 1636: [1387, 1450, 1513, 1575, 1636, 1696], 1638: [1389, 1452, 1515, 1577, 1638, 1698, 1758, 1817], 1639: [1390, 1453, 1516, 1578, 1639, 1699, 1759, 1818], 1640: [1391, 1454, 1517, 1579, 1640, 1700, 1760, 1819], 1641: [1392, 1455, 1518, 1580, 1641, 1701, 1761, 1820], 1642: [1393, 1456, 1519, 1581, 1642, 1702, 1762, 1821], 1643: [1394, 1457, 1520, 1582, 1643, 1703, 1763, 1822], 1697: [1697, 1757], 1874: [1756, 1815, 1873, 1874, 1931, 1932, 1988, 1989], 1875: [1816, 1875, 1876, 1877, 1933, 1934, 1990, 1991], 1880: [1880, 1881, 1882, 1938, 1939, 1940, 1995, 1996], 1936: [1878, 1879, 1935, 1936, 1937, 1992, 1993, 1994]}
{2102: [2044, 2045, 2046, 2100, 2101, 2102, 2158, 2213], 2160: [2048, 2049, 2104, 2105, 2160, 2161, 2215, 2216], 2162: [2050, 2051, 2106, 2107, 2162, 2163, 2217, 2272], 2269: [2047, 2103, 2159, 2214, 2269, 2322], 2372: [2156, 2211, 2266, 2319, 2372, 2424, 2475, 2524], 2373: [2157, 2212, 2267, 2320, 2373, 2425, 2476, 2525], 2374: [2268, 2321, 2374, 2426, 2477, 2526], 2376: [2270, 2323, 2376, 2428, 2479], 2377: [2271, 2324, 2325, 2377, 2429, 2430, 2480, 2529], 2379: [2218, 2273, 2326, 2378, 2379, 2431, 2482, 2531], 2427: [2427, 2478, 2527], 2576: [2528, 2576, 2577, 2623, 2624, 2669, 2670, 2713], 2578: [2481, 2530, 2578, 2579, 2625, 2626, 2671, 2672], 2620: [2572, 2573, 2619, 2620, 2665, 2666, 2709, 2710], 2622: [2574, 2575, 2621, 2622, 2667, 2668, 2711, 2712]}
{2796: [2753, 2754, 2755, 2756, 2796, 2797, 2837, 2876], 2834: [2750, 2751, 2752, 2792, 2793, 2833, 2834, 2873], 2866: [2785, 2786, 2825, 2826, 2827, 2865, 2866, 2904], 2868: [2787, 2788, 2828, 2829, 2867, 2868, 2905, 2942], 2871: [2749, 2790, 2791, 2831, 2832, 2870, 2871, 2872], 2907: [2789, 2830, 2869, 2906, 2907, 2943, 2944, 2979], 2909: [2908, 2909, 2910, 2945, 2946, 2980, 2981, 3013], 2912: [2794, 2835, 2874, 2912, 2949, 2984, 3016, 3046], 2913: [2795, 2836, 2875, 2913, 2950, 2985, 3017, 3047], 2915: [2838, 2877, 2915, 2952, 2987, 3019, 3049, 3075], 2916: [2798, 2839, 2878, 2879, 2916, 2917, 2953, 2954], 2948: [2911, 2947, 2948, 2982, 2983, 3014, 3015, 3045], 2951: [2951, 2986, 3018, 3048], 3020: [2988, 2989, 3020, 3021, 3050, 3051, 3076, 3077]}
{2762: [2674, 2675, 2718, 2719, 2761, 2762, 2803, 2804], 2764: [2677, 2678, 2679, 2721, 2722, 2764, 2765, 2806], 2800: [2714, 2715, 2757, 2758, 2799, 2800, 2840, 2841], 2802: [2673, 2716, 2717, 2759, 2760, 2801, 2802, 2843], 2846: [2676, 2720, 2763, 2805, 2846, 2885], 2919: [2842, 2880, 2881, 2918, 2919, 2955, 2956, 2990], 2921: [2882, 2883, 2920, 2921, 2957, 2958, 2992, 2993], 2922: [2844, 2845, 2884, 2922, 2959, 2994, 3026], 2924: [2847, 2886, 2924, 2961, 2996], 2925: [2807, 2848, 2887, 2925, 2962, 2997, 3029, 3059], 2960: [2960, 2995], 3023: [2991, 3022, 3023, 3052, 3053, 3078, 3079, 3101], 3055: [3024, 3025, 3054, 3055, 3080, 3081, 3102, 3103], 3057: [3027, 3056, 3057, 3082, 3083, 3104, 3105, 3122], 3084: [3028, 3058, 3084, 3085, 3106, 3107, 3123, 3124]}
{698: [630, 631, 632, 698, 699, 700, 765, 832], 827: [693, 760, 827], 891: [690, 757, 824, 891, 958, 1024, 1089, 1154], 892: [691, 758, 825, 892, 959, 1025, 1090, 1155], 893: [692, 759, 826, 893, 960, 1026], 895: [627, 694, 761, 828, 895, 962], 896: [628, 695, 762, 829, 896, 963, 1029, 1094], 897: [629, 696, 763, 830, 897, 964, 1030], 898: [697, 764, 831, 898, 899, 965, 966, 1031], 900: [766, 767, 833, 834, 900, 901, 967, 1033], 1027: [961, 1027, 1092, 1157, 1222, 1287], 1097: [1032, 1097, 1098, 1162, 1163, 1227, 1228, 1292], 1158: [1028, 1093, 1158, 1159, 1223, 1224, 1288, 1289], 1160: [1095, 1096, 1160, 1161, 1225, 1226, 1290, 1291], 1221: [1091, 1156, 1219, 1220, 1221, 1284, 1285, 1286]}
{2231: [2174, 2175, 2176, 2177, 2230, 2231, 2232, 2286], 2283: [2172, 2173, 2227, 2228, 2282, 2283, 2335, 2336], 2392: [2339, 2392], 2441: [2388, 2389, 2440, 2441, 2492, 2541, 2589, 2636], 2442: [2229, 2284, 2337, 2390, 2442, 2493, 2542, 2590], 2443: [2285, 2338, 2391, 2443, 2494, 2543], 2445: [2287, 2340, 2393, 2445, 2496, 2545], 2446: [2178, 2233, 2288, 2341, 2394, 2446, 2497, 2546], 2447: [2179, 2234, 2289, 2342, 2395, 2447, 2498, 2547], 2448: [2180, 2235, 2290, 2343, 2396, 2448, 2499, 2548], 2544: [2495, 2544, 2592, 2639, 2685, 2729], 2588: [2491, 2540, 2587, 2588, 2634, 2635, 2680, 2681], 2638: [2591, 2637, 2638, 2682, 2683, 2684, 2727, 2728], 2640: [2593, 2594, 2640, 2641, 2686, 2687, 2730, 2731], 2642: [2595, 2596, 2642, 2643, 2688, 2689, 2732, 2733]}
{212: [130, 131, 168, 169, 170, 211, 212, 258], 304: [167, 210, 256, 304, 355], 403: [297, 298, 348, 402, 403, 460, 520, 583], 404: [251, 299, 349, 350, 404, 461, 521, 584], 405: [252, 300, 351, 405, 462, 522, 585], 406: [207, 253, 301, 352, 406, 463, 523, 586], 407: [208, 254, 302, 353, 407, 464, 524, 587], 408: [209, 255, 303, 354, 408, 465, 525, 588], 410: [257, 305, 356, 410, 466, 467, 527, 590], 411: [306, 357, 411, 468, 528, 591, 658, 725], 412: [213, 259, 307, 358, 412, 413, 469, 470], 459: [347, 401, 458, 459, 518, 519, 581, 582], 592: [529, 530, 592, 593, 659, 660, 726, 727], 656: [526, 589, 655, 656, 657, 722, 723, 724]}
{1999: [1941, 1942, 1943, 1997, 1998, 1999, 2000, 2057], 2059: [1945, 1946, 2002, 2003, 2059, 2060, 2115, 2116], 2170: [1944, 2001, 2058, 2114, 2170, 2171, 2225, 2226], 2223: [2056, 2112, 2168, 2223], 2274: [2052, 2108, 2164, 2219, 2274, 2327, 2380, 2432], 2275: [2053, 2109, 2165, 2220, 2275, 2328, 2381, 2433], 2276: [2054, 2110, 2166, 2221, 2276, 2329, 2382, 2434], 2277: [2055, 2111, 2167, 2222, 2277, 2330, 2383, 2435], 2279: [2113, 2169, 2224, 2279, 2280, 2281, 2332, 2385], 2386: [2333, 2334, 2386, 2387, 2438, 2439, 2489, 2490], 2436: [2331, 2384, 2436, 2437, 2487, 2536, 2584, 2631], 2533: [2483, 2484, 2532, 2533, 2580, 2581, 2627, 2628], 2535: [2485, 2486, 2534, 2535, 2582, 2583, 2629, 2630], 2537: [2488, 2537, 2538, 2539, 2585, 2586, 2632, 2633]}
{2809: [2723, 2724, 2766, 2767, 2808, 2809, 2849, 2850], 2811: [2725, 2726, 2768, 2769, 2810, 2811, 2852, 2891], 2813: [2770, 2771, 2772, 2773, 2812, 2813, 2814, 2815], 2968: [2854, 2893, 2931, 2968], 2998: [2888, 2926, 2963, 2998, 3030, 3060, 3086, 3108], 2999: [2889, 2927, 2964, 2999, 3031, 3061, 3087, 3109], 3000: [2851, 2890, 2928, 2965, 3000, 3032, 3062, 3088], 3001: [2929, 2966, 3001, 3033, 3063, 3089, 3111, 3128], 3002: [2853, 2892, 2930, 2967, 3002, 3034, 3064, 3090], 3004: [2855, 2894, 2932, 2969, 3004, 3035, 3036, 3066], 3005: [2856, 2895, 2933, 2970, 3005, 3037, 3067, 3093], 3113: [3065, 3091, 3112, 3113, 3129, 3130, 3143, 3144], 3114: [3092, 3114, 3115, 3131, 3132, 3145, 3146, 3153], 3127: [3110, 3125, 3126, 3127, 3139, 3140, 3141, 3142]}
{798: [729, 730, 731, 732, 797, 798, 799, 865], 868: [734, 735, 801, 802, 868, 869, 935, 1001], 870: [736, 737, 803, 804, 870, 871, 937, 938], 934: [733, 800, 867, 934, 1000], 1060: [728, 795, 862, 929, 995, 1060, 1125, 1190], 1061: [796, 863, 930, 996, 1061, 1126, 1191, 1256], 1062: [864, 931, 997, 1062, 1127, 1192, 1257, 1321], 1063: [932, 998, 1063, 1128, 1193, 1258, 1322], 1064: [866, 933, 999, 1064, 1129, 1194, 1259, 1323], 1067: [936, 1002, 1066, 1067, 1132, 1197, 1262, 1326], 1068: [1003, 1004, 1068, 1069, 1133, 1198, 1263, 1327], 1070: [1005, 1006, 1070, 1071, 1135, 1136, 1200, 1201], 1195: [1130, 1131, 1195, 1196, 1260, 1261, 1324, 1325], 1264: [1134, 1199, 1264, 1265, 1266, 1328, 1329, 1330]}
{53: [9, 10, 25, 26, 52, 53, 82, 83], 55: [11, 12, 27, 28, 29, 55, 85, 118], 151: [8, 24, 51, 81, 114, 151, 190, 233], 153: [115, 116, 152, 153, 191, 192, 235, 281], 154: [54, 84, 117, 154, 193, 236], 156: [56, 86, 119, 156, 195, 238], 157: [30, 57, 87, 120, 157, 196, 239, 285], 158: [31, 58, 88, 121, 158, 197, 240, 286], 159: [32, 59, 89, 122, 159, 198, 241, 287], 280: [234, 279, 280, 327, 328, 378, 379, 433], 283: [194, 237, 282, 283, 331, 382, 436, 493], 332: [284, 332, 333, 383, 437, 438, 494, 495], 381: [329, 330, 380, 381, 434, 435, 491, 492], 385: [334, 335, 384, 385, 386, 439, 440, 496]}
{1482: [1355, 1356, 1419, 1420, 1482, 1483, 1545, 1546], 1541: [1351, 1415, 1478, 1541], 1598: [1346, 1410, 1473, 1536, 1598, 1659, 1719, 1779], 1599: [1347, 1411, 1474, 1537, 1599, 1660, 1720, 1780], 1600: [1348, 1412, 1475, 1538, 1600, 1661, 1721, 1781], 1601: [1349, 1413, 1476, 1539, 1601, 1662, 1722, 1782], 1602: [1350, 1414, 1477, 1540, 1602, 1663, 1723, 1783], 1604: [1352, 1416, 1479, 1542, 1604, 1665], 1605: [1353, 1417, 1480, 1543, 1605, 1666, 1726, 1786], 1606: [1354, 1418, 1481, 1544, 1606, 1607, 1667, 1668], 1664: [1664, 1724], 1787: [1727, 1728, 1787, 1788, 1846, 1847, 1905, 1963], 1843: [1784, 1841, 1842, 1843, 1901, 1902, 1959, 1960], 1844: [1725, 1785, 1844, 1845, 1903, 1904, 1961, 1962], 1899: [1839, 1840, 1898, 1899, 1900, 1956, 1957, 1958]}
{925: [790, 791, 857, 858, 924, 925, 990, 991], 927: [793, 794, 860, 861, 927, 928, 993, 1058], 1119: [789, 856, 923, 989, 1054, 1119, 1184, 1249], 1122: [792, 859, 926, 992, 1057, 1122, 1123, 1187], 1186: [1055, 1056, 1120, 1121, 1185, 1186, 1251, 1315], 1254: [994, 1059, 1124, 1189, 1254, 1255, 1318, 1382], 1378: [1250, 1313, 1314, 1377, 1378, 1441, 1504, 1566], 1380: [1252, 1316, 1380, 1443, 1506, 1568], 1381: [1188, 1253, 1317, 1381, 1444, 1507, 1569, 1630], 1383: [1319, 1320, 1383, 1384, 1446, 1447, 1509, 1510], 1503: [1440, 1501, 1502, 1503, 1564, 1565, 1625, 1626], 1505: [1442, 1505, 1567, 1627, 1628, 1629], 1562: [1499, 1500, 1561, 1562, 1563, 1622, 1623, 1624], 1570: [1445, 1508, 1570, 1571, 1572, 1631, 1632, 1633]}
{2264: [2208, 2209, 2210, 2263, 2264, 2265, 2317, 2318], 2310: [2201, 2202, 2256, 2257, 2309, 2310, 2362, 2363], 2312: [2203, 2204, 2258, 2259, 2311, 2312, 2364, 2365], 2314: [2206, 2207, 2261, 2262, 2314, 2315, 2316, 2367], 2418: [2205, 2260, 2313, 2366, 2418, 2469], 2515: [2415, 2466, 2515, 2563, 2610, 2656, 2700, 2743], 2516: [2416, 2467, 2516, 2564, 2611, 2657, 2701, 2744], 2517: [2417, 2468, 2517, 2565, 2612, 2658], 2519: [2419, 2470, 2519, 2567, 2614, 2660], 2520: [2368, 2420, 2471, 2520, 2568, 2615, 2661, 2705], 2521: [2369, 2421, 2472, 2521, 2569, 2616, 2662, 2706], 2522: [2370, 2422, 2473, 2522, 2570, 2617, 2663, 2707], 2523: [2371, 2423, 2474, 2523, 2571, 2618, 2664, 2708], 2566: [2566, 2613], 2703: [2659, 2702, 2703, 2704, 2745, 2746, 2747, 2748]}
{1203: [1072, 1073, 1137, 1138, 1202, 1203, 1267, 1268], 1204: [1074, 1075, 1139, 1140, 1204, 1205, 1269, 1270], 1206: [1076, 1077, 1141, 1142, 1206, 1207, 1271, 1335], 1208: [1078, 1079, 1143, 1144, 1208, 1209, 1273, 1274], 1460: [1333, 1397, 1460], 1521: [1331, 1395, 1458, 1521, 1583, 1644, 1704, 1764], 1522: [1332, 1396, 1459, 1522, 1584, 1645, 1705, 1765], 1524: [1334, 1398, 1461, 1524, 1586, 1647, 1707, 1767], 1525: [1399, 1462, 1525, 1587, 1648, 1708], 1526: [1272, 1336, 1400, 1463, 1526, 1588, 1649, 1709], 1527: [1337, 1401, 1464, 1527, 1589, 1650, 1710, 1770], 1528: [1338, 1402, 1465, 1528, 1590, 1651, 1711, 1771], 1585: [1585, 1646, 1706], 1825: [1766, 1823, 1824, 1825, 1826, 1883, 1884, 1885], 1827: [1768, 1769, 1827, 1828, 1829, 1886, 1887, 1888]}
{455: [345, 397, 398, 399, 454, 455, 456, 515], 580: [346, 400, 457, 516, 517, 579, 580, 647], 640: [509, 510, 573, 640], 641: [451, 452, 511, 512, 574, 641, 708, 775], 701: [633, 634, 701, 702, 768, 835, 902, 968], 704: [569, 570, 635, 636, 637, 703, 704, 771], 706: [571, 572, 638, 639, 706, 773, 840, 907], 709: [575, 642, 709, 776, 843, 910, 976, 977], 710: [453, 513, 576, 643, 710, 777, 844, 911], 711: [514, 577, 644, 711, 778, 845, 912, 978], 712: [578, 645, 646, 712, 779, 846, 913, 979], 837: [769, 770, 836, 837, 903, 904, 969, 970], 839: [705, 772, 838, 839, 905, 906, 971, 972], 841: [774, 841, 842, 908, 909, 973, 974, 975]}
{783: [649, 650, 716, 717, 783, 784, 850, 851], 785: [651, 652, 718, 719, 785, 786, 852, 853], 787: [653, 654, 720, 721, 787, 788, 854, 921], 848: [713, 714, 780, 781, 847, 848, 914, 915], 916: [648, 715, 782, 849, 916, 982], 1046: [980, 981, 1045, 1046, 1111, 1112, 1176, 1241], 1048: [917, 983, 984, 1048, 1113, 1178], 1049: [918, 919, 985, 1049, 1050, 1114, 1115, 1179], 1051: [920, 986, 987, 1051, 1116, 1117, 1181, 1246], 1053: [855, 922, 988, 1052, 1053, 1118, 1183, 1248], 1306: [1177, 1242, 1305, 1306, 1369, 1370, 1432, 1433], 1307: [1243, 1244, 1307, 1308, 1371, 1372, 1434, 1435], 1309: [1180, 1245, 1309, 1310, 1373, 1374, 1436, 1437], 1311: [1182, 1247, 1311, 1312, 1375, 1376, 1438, 1439]}
{1100: [1034, 1035, 1036, 1099, 1100, 1101, 1164, 1165], 1173: [1043, 1044, 1108, 1109, 1173, 1174, 1238, 1239], 1234: [1039, 1104, 1169, 1234], 1294: [1229, 1230, 1293, 1294, 1357, 1358, 1421, 1484], 1295: [1166, 1231, 1295, 1359, 1422, 1485, 1547, 1608], 1296: [1037, 1102, 1167, 1232, 1296, 1360, 1423, 1486], 1297: [1038, 1103, 1168, 1233, 1297, 1361, 1424, 1487], 1299: [1040, 1105, 1170, 1235, 1299, 1363, 1426], 1300: [1041, 1106, 1171, 1236, 1300, 1364], 1301: [1042, 1107, 1172, 1237, 1301, 1302, 1365, 1428], 1304: [1110, 1175, 1240, 1303, 1304, 1368, 1431, 1494], 1362: [1362, 1425, 1488], 1429: [1366, 1367, 1429, 1430, 1492, 1493, 1554, 1615], 1490: [1427, 1489, 1490, 1491, 1552, 1553, 1613, 1614], 1550: [1548, 1549, 1550, 1551, 1609, 1610, 1611, 1612]}
{1467: [1339, 1340, 1403, 1404, 1466, 1467, 1529, 1530], 1468: [1341, 1342, 1405, 1406, 1468, 1469, 1531, 1532], 1471: [1344, 1345, 1408, 1409, 1471, 1472, 1534, 1535], 1595: [1343, 1407, 1470, 1533, 1594, 1595, 1596, 1656], 1774: [1593, 1654, 1714, 1774], 1831: [1591, 1652, 1712, 1772, 1830, 1831, 1889, 1890], 1832: [1592, 1653, 1713, 1773, 1832, 1891, 1949, 2006], 1834: [1655, 1715, 1775, 1834, 1892, 1893, 1951, 2008], 1835: [1716, 1776, 1835, 1894, 1952, 2009, 2066, 2122], 1836: [1657, 1717, 1777, 1836, 1895, 1953, 2010, 2067], 1837: [1597, 1658, 1718, 1778, 1837, 1838, 1896, 1897], 2005: [1947, 1948, 2004, 2005, 2061, 2062, 2117, 2118], 2011: [1954, 1955, 2011, 2012, 2068, 2069, 2123, 2124], 2064: [1950, 2007, 2063, 2064, 2065, 2119, 2120, 2121]}
{1751: [1690, 1691, 1692, 1693, 1751, 1752, 1810, 1811], 1806: [1686, 1687, 1746, 1747, 1805, 1806, 1865, 1923], 1807: [1688, 1689, 1748, 1807, 1866], 1918: [1682, 1742, 1801, 1860, 1918, 1975, 2032, 2088], 1919: [1683, 1743, 1802, 1861, 1919, 1976, 2033, 2089], 1920: [1744, 1803, 1862, 1920, 1977, 2034, 2090, 2146], 1921: [1684, 1685, 1745, 1804, 1863, 1921, 1978, 2035], 1925: [1749, 1808, 1867, 1925, 1982, 2039, 2095, 2151], 1926: [1750, 1809, 1868, 1926, 1983, 2040, 2096, 2152], 1927: [1869, 1870, 1927, 1984, 2041, 2097, 2153], 1929: [1753, 1812, 1871, 1872, 1929, 1930, 1986, 1987], 1979: [1864, 1922, 1979, 2036, 2091, 2092, 2147, 2148], 2038: [1980, 1981, 2037, 2038, 2093, 2094, 2149, 2150], 2042: [1928, 1985, 2042, 2043, 2098, 2099, 2154, 2155]}
{482: [371, 423, 424, 425, 481, 482, 542, 605], 545: [374, 428, 485, 545], 604: [480, 540, 541, 603, 604, 670, 671, 738], 606: [372, 426, 483, 543, 606, 673, 740, 807], 607: [373, 427, 484, 544, 607, 674], 609: [375, 429, 486, 546, 609, 676, 743, 810], 610: [376, 430, 487, 547, 610, 677, 744, 811], 611: [377, 431, 488, 548, 611, 678, 745, 812], 612: [432, 489, 549, 612, 679, 746, 813, 880], 613: [490, 550, 613, 680, 747, 814, 881, 948], 675: [675, 742], 806: [672, 739, 805, 806, 872, 873, 939, 940], 875: [741, 808, 874, 875, 941, 942, 1007, 1008], 876: [809, 876, 877, 878, 943, 944, 1009, 1010], 946: [879, 945, 946, 947, 1011, 1012, 1013, 1014]}
{101: [38, 39, 68, 69, 101, 102, 138, 139], 174: [65, 97, 98, 134, 135, 173, 174, 217], 215: [96, 132, 133, 171, 172, 214, 215, 216], 219: [67, 100, 137, 176, 219, 265], 264: [66, 99, 136, 175, 218, 264, 312, 363], 309: [260, 261, 308, 309, 359, 360, 414, 471], 311: [262, 263, 310, 311, 361, 362, 416, 473], 314: [177, 220, 266, 314, 365, 419], 315: [178, 221, 267, 315, 316, 366, 420, 477], 421: [367, 421, 422, 478, 479, 538, 539, 602], 475: [364, 418, 475, 476, 535, 536, 598, 665], 532: [415, 472, 531, 532, 594, 595, 661, 662], 534: [417, 474, 533, 534, 596, 597, 663, 664], 600: [537, 599, 600, 601, 666, 667, 668, 669]}
{616: [552, 553, 554, 555, 615, 616, 617, 683], 620: [497, 498, 557, 558, 620, 621, 687, 688], 753: [556, 619, 686, 753, 754, 755, 820, 887], 817: [750, 817], 882: [551, 614, 681, 748, 815, 882, 949, 1015], 883: [682, 749, 816, 883, 950, 1016], 885: [684, 751, 818, 885, 952, 1018], 886: [618, 685, 752, 819, 886, 953, 954, 1019], 888: [821, 822, 888, 889, 955, 956, 1021, 1086], 890: [622, 689, 756, 823, 890, 957, 1023, 1088], 1017: [951, 1017, 1082, 1147, 1212, 1277], 1146: [1080, 1081, 1145, 1146, 1210, 1211, 1275, 1276], 1148: [1083, 1084, 1148, 1149, 1213, 1214, 1278, 1279], 1150: [1020, 1085, 1150, 1151, 1215, 1216, 1280, 1281], 1152: [1022, 1087, 1152, 1153, 1217, 1218, 1282, 1283]}
{1558: [1496, 1497, 1498, 1558, 1559, 1560, 1619, 1679], 1677: [1555, 1556, 1616, 1617, 1675, 1676, 1677, 1737], 1738: [1495, 1557, 1618, 1678, 1738, 1797], 1791: [1671, 1672, 1731, 1732, 1790, 1791, 1849, 1850], 1848: [1669, 1670, 1729, 1730, 1789, 1848, 1906, 1907], 1851: [1673, 1733, 1792, 1851, 1909, 1966, 2023, 2079], 1852: [1674, 1734, 1793, 1852, 1910, 1967, 2024, 2080], 1854: [1735, 1736, 1795, 1854, 1912, 1969, 2026, 2082], 1855: [1796, 1855, 1913, 1970, 2027], 1857: [1739, 1798, 1857, 1915, 1972, 2029], 1858: [1620, 1680, 1740, 1799, 1858, 1916, 1973, 2030], 1859: [1621, 1681, 1741, 1800, 1859, 1917, 1974, 2031], 1911: [1794, 1853, 1911, 1968, 2025, 2081, 2136, 2137], 1914: [1914, 1971, 2028], 1965: [1908, 1964, 1965, 2021, 2022, 2078, 2134, 2135]}
{91: [33, 34, 60, 61, 90, 91, 124, 161], 93: [35, 36, 62, 63, 92, 93, 125, 126], 127: [37, 64, 94, 95, 127, 128, 164, 203], 288: [123, 160, 199, 242, 288, 336, 387, 441], 289: [200, 243, 289, 337, 388, 442, 499, 559], 290: [162, 201, 244, 290, 338, 389, 443, 500], 291: [163, 202, 245, 291, 339, 390, 444, 501], 293: [165, 204, 246, 247, 293, 341, 392, 446], 294: [129, 166, 205, 248, 294, 342, 393, 447], 295: [206, 249, 250, 295, 296, 343, 344, 394], 340: [340, 391, 445, 502], 450: [395, 396, 449, 450, 507, 508, 567, 568], 504: [448, 503, 504, 505, 506, 564, 565, 566], 562: [560, 561, 562, 563, 623, 624, 625, 626]}
{76: [3, 19, 46, 76], 103: [13, 40, 70, 103, 140, 179, 222, 268], 104: [14, 41, 71, 104, 141, 180, 223, 269], 105: [15, 42, 72, 105, 142, 181, 224, 270], 106: [0, 16, 43, 73, 106, 143, 182, 225], 107: [1, 17, 44, 74, 107, 144, 183, 226], 108: [2, 18, 45, 75, 108, 145, 184, 227], 110: [4, 20, 47, 77, 110, 147, 186, 229], 111: [5, 21, 48, 78, 111, 148], 112: [6, 22, 49, 79, 112, 149, 188, 231], 113: [7, 23, 50, 80, 113, 150, 189, 232], 146: [146, 185], 274: [228, 272, 273, 274, 275, 321, 322, 323], 276: [187, 230, 276, 277, 278, 324, 325, 326], 319: [271, 317, 318, 319, 320, 368, 369, 370]}
{2141: [2084, 2085, 2086, 2140, 2141, 2142, 2196, 2197], 2194: [2083, 2138, 2139, 2193, 2194, 2195, 2249, 2302], 2246: [2190, 2191, 2192, 2245, 2246, 2247, 2299, 2352], 2304: [2251, 2252, 2304, 2305], 2354: [2248, 2300, 2301, 2353, 2354, 2405, 2406, 2457], 2356: [2250, 2303, 2355, 2356, 2407, 2408, 2458, 2459], 2359: [2087, 2143, 2198, 2253, 2306, 2359, 2411, 2462], 2360: [2144, 2199, 2254, 2307, 2360, 2412, 2463, 2512], 2361: [2145, 2200, 2255, 2308, 2361, 2413, 2414, 2464], 2461: [2358, 2410, 2461, 2510, 2511, 2558, 2605, 2651], 2509: [2409, 2460, 2507, 2508, 2509, 2556, 2557, 2604], 2561: [2513, 2560, 2561, 2608, 2654, 2698, 2741, 2783], 2562: [2465, 2514, 2562, 2609, 2655, 2699, 2742, 2784], 2606: [2559, 2606, 2607, 2652, 2653, 2696, 2697, 2740]}
{2073: [2015, 2016, 2017, 2072, 2073, 2074, 2129, 2185], 2076: [2018, 2019, 2020, 2075, 2076, 2077, 2132, 2133], 2291: [2125, 2181, 2236, 2291, 2344, 2397, 2449, 2500], 2292: [2013, 2070, 2126, 2182, 2237, 2292, 2345, 2398], 2293: [2014, 2071, 2127, 2183, 2238, 2293, 2346, 2399], 2294: [2128, 2184, 2239, 2294, 2347, 2400, 2452, 2503], 2296: [2130, 2186, 2240, 2241, 2296, 2349, 2402, 2454], 2297: [2131, 2187, 2242, 2297, 2350, 2403, 2455, 2506], 2298: [2188, 2189, 2243, 2244, 2298, 2351, 2404, 2456], 2348: [2348, 2401, 2453, 2504], 2502: [2450, 2451, 2501, 2502, 2551, 2599, 2646, 2692], 2554: [2505, 2554, 2555, 2602, 2603, 2649, 2650, 2695], 2598: [2549, 2550, 2597, 2598, 2644, 2645, 2690, 2691], 2601: [2552, 2553, 2600, 2601, 2647, 2648, 2693, 2694]}
