The optimal value is 231554.1202
Service ways: {9, 19, 29, 39}
Inverters: 972 159 476 467 516 1000 783 746 202 149 
Cable routing:
{863: [838, 839, 840, 841, 861, 862, 863, 864], 867: [842, 843, 866, 867, 868, 869, 870, 871], 887: [865, 884, 885, 886, 887, 888, 889, 909], 913: [890, 891, 892, 893, 912, 913, 914, 915], 929: [906, 907, 908, 927, 928, 929, 930, 948], 932: [910, 911, 931, 932, 933, 934, 935, 936], 952: [949, 950, 951, 952, 953, 954, 955, 956], 971: [968, 969, 970, 971], 973: [973, 974, 975, 976], 992: [988, 989, 990, 991, 992, 993, 994, 995], 1011: [1007, 1008, 1009, 1010, 1011, 1012, 1013, 1014], 1029: [1026, 1027, 1028, 1029, 1030, 1031, 1032], 1047: [1044, 1045, 1046, 1047, 1048, 1049, 1050], 1065: [1062, 1063, 1064, 1065, 1066, 1067, 1068], 1080: [1077, 1078, 1079, 1080, 1081, 1082, 1083]}
{38: [23, 24, 25, 36, 37, 38, 39, 40], 57: [41, 42, 54, 55, 56, 57, 58, 59], 77: [53, 73, 74, 75, 76, 77, 78, 79], 81: [60, 61, 62, 80, 81, 82, 83, 105], 101: [97, 98, 99, 100, 101, 102, 103, 104], 129: [125, 126, 127, 128, 129, 130, 131, 132], 157: [155, 156, 157, 158, 187, 188, 189, 190], 160: [160, 161, 162, 192], 164: [106, 107, 133, 134, 135, 163, 164, 165], 194: [193, 194, 195, 196, 197, 227, 228, 230], 224: [191, 220, 221, 222, 223, 224, 225, 226], 256: [252, 253, 254, 255, 256, 257, 258, 259], 261: [229, 260, 261, 262, 292, 293, 294, 325], 288: [284, 285, 286, 287, 288, 289, 290, 291]}
{320: [316, 317, 318, 319, 320, 321, 322, 323], 352: [348, 349, 350, 351, 352, 353, 354, 355], 384: [380, 381, 382, 383, 384, 385, 386], 388: [324, 356, 357, 387, 388, 389, 420, 421], 416: [412, 413, 414, 415, 416, 417, 418, 419], 446: [442, 443, 444, 445, 446, 447, 448, 449], 475: [472, 473, 474, 475], 477: [477, 478], 480: [450, 451, 479, 480, 481, 510, 511], 506: [502, 503, 504, 505, 506, 507, 508, 509], 535: [531, 532, 533, 534, 535, 536, 537, 538], 564: [560, 561, 562, 563, 564, 565, 566, 567], 568: [539, 540, 568, 569, 597, 598, 625, 626], 593: [589, 590, 591, 592, 593, 594, 595, 596], 621: [617, 618, 619, 620, 621, 622, 623, 624]}
{276: [242, 243, 244, 245, 274, 275, 276, 306], 279: [246, 277, 278, 279, 280, 281, 282, 283], 311: [308, 309, 310, 311, 312, 313, 314, 315], 343: [340, 341, 342, 343, 344, 345, 346, 347], 375: [372, 373, 374, 375, 376, 377, 378, 379], 403: [307, 338, 339, 370, 371, 402, 403, 433], 407: [404, 405, 406, 407, 408, 409, 410, 411], 437: [434, 435, 436, 437, 438, 439, 440, 441], 465: [463, 464, 465, 466, 493, 494, 495, 496], 468: [468, 469, 470, 471], 499: [497, 498, 499, 500, 501, 528, 529, 530], 525: [522, 523, 524, 525, 526, 527, 551, 552], 555: [553, 554, 555, 556, 557, 558, 559, 588], 584: [580, 581, 582, 583, 584, 585, 586, 587]}
{426: [390, 422, 423, 424, 425, 426, 427, 428], 456: [452, 453, 454, 455, 456, 457, 458], 460: [429, 430, 431, 432, 459, 460, 461, 462], 486: [482, 483, 484, 485, 486, 487, 488, 489], 515: [512, 513, 514, 515], 517: [517, 518], 520: [490, 491, 492, 519, 520, 521, 549, 550], 545: [541, 542, 543, 544, 545, 546, 547, 548], 574: [570, 571, 572, 573, 574, 575, 576, 577], 603: [599, 600, 601, 602, 603, 604, 605], 607: [578, 579, 606, 607, 608, 635, 662, 689], 631: [627, 628, 629, 630, 631, 632, 633, 634], 658: [654, 655, 656, 657, 658, 659, 660, 661], 685: [681, 682, 683, 684, 685, 686, 687, 688], 711: [708, 709, 710, 711, 712, 713, 714, 715]}
{897: [894, 895, 896, 897, 898, 899, 900, 919], 922: [920, 921, 922, 923, 924, 925, 926, 943], 939: [916, 917, 918, 937, 938, 939, 940, 941], 960: [942, 957, 958, 959, 960, 961, 962, 963], 965: [944, 945, 946, 947, 964, 965, 966, 967], 980: [977, 978, 979, 980, 981, 982, 983, 984], 999: [996, 997, 998, 999], 1001: [1001, 1002, 1003], 1005: [985, 986, 987, 1004, 1005, 1006, 1024, 1025], 1019: [1015, 1016, 1017, 1018, 1019, 1020, 1021, 1022], 1037: [1033, 1034, 1035, 1036, 1037, 1038, 1039], 1041: [1023, 1040, 1041, 1042, 1043, 1059, 1060, 1061], 1055: [1051, 1052, 1053, 1054, 1055, 1056, 1057, 1058], 1073: [1069, 1070, 1071, 1072, 1073, 1074, 1075, 1076], 1087: [1084, 1085, 1086, 1087, 1088, 1089]}
{678: [649, 650, 651, 652, 676, 677, 678, 679], 706: [653, 680, 702, 703, 704, 705, 706, 707], 733: [729, 730, 731, 732, 733, 734, 735, 736], 758: [755, 756, 757, 758, 759, 760, 761], 763: [737, 738, 739, 740, 762, 763, 764, 765], 779: [728, 753, 754, 778, 779, 780, 802, 803], 782: [781, 782], 784: [784, 785, 786], 788: [787, 788, 789, 790, 811, 812, 813, 814], 807: [805, 806, 807, 808, 809, 810, 831, 832], 828: [804, 826, 827, 828, 829, 830, 849, 872], 835: [833, 834, 835, 836, 837, 858, 859, 860], 854: [850, 851, 852, 853, 854, 855, 856, 857], 877: [873, 874, 875, 876, 877, 878, 879, 901], 881: [880, 881, 882, 883, 902, 903, 904, 905]}
{638: [609, 610, 611, 612, 636, 637, 638, 639], 642: [614, 615, 616, 641, 642, 643, 644, 645], 667: [613, 640, 663, 664, 665, 666, 667, 668], 673: [646, 647, 648, 671, 672, 673, 674, 675], 695: [669, 670, 693, 694, 695, 696, 697, 698], 718: [690, 691, 692, 716, 717, 718, 719, 720], 725: [699, 700, 701, 723, 724, 725, 726, 727], 743: [741, 742, 743, 744, 745, 766, 767, 768], 747: [721, 722, 747, 748, 749, 750], 771: [769, 770, 771, 772, 773, 774], 776: [751, 752, 775, 776, 777, 799, 800, 801], 795: [791, 792, 793, 794, 795, 796, 797, 798], 819: [815, 816, 817, 818, 819, 820, 821, 844], 823: [822, 823, 824, 825, 845, 846, 847, 848]}
{110: [84, 85, 86, 108, 109, 110, 111, 112], 140: [113, 114, 136, 137, 138, 139, 140, 141], 170: [166, 167, 168, 169, 170, 171], 173: [142, 143, 144, 172, 173, 174, 175, 176], 201: [198, 199, 200, 201], 203: [203, 204], 206: [205, 206, 207, 208, 239, 240, 241, 271], 235: [231, 232, 233, 234, 235, 236, 237, 238], 267: [263, 264, 265, 266, 267, 268, 269, 270], 299: [295, 296, 297, 298, 299, 300, 301, 302], 304: [272, 273, 303, 304, 305, 335, 336, 337], 328: [326, 327, 328, 329, 358, 359, 360, 361], 331: [330, 331, 332, 333, 334, 362, 363, 364], 367: [365, 366, 367, 368, 369, 399, 400, 401], 395: [391, 392, 393, 394, 395, 396, 397, 398]}
{7: [0, 1, 2, 3, 4, 5, 6, 7], 17: [8, 9, 13, 14, 15, 16, 17, 18], 20: [10, 11, 12, 19, 20, 21, 22, 34], 30: [26, 27, 28, 29, 30, 31, 32, 33], 47: [43, 44, 45, 46, 47, 48, 49, 50], 67: [63, 64, 65, 66, 67, 68, 69], 71: [35, 51, 52, 70, 71, 72, 95, 96], 91: [87, 88, 89, 90, 91, 92, 93, 94], 119: [115, 116, 117, 118, 119, 120, 121, 122], 148: [145, 146, 147, 148], 150: [150, 151], 153: [123, 124, 152, 153, 154, 185, 186], 181: [177, 178, 179, 180, 181, 182, 183, 184], 214: [209, 210, 211, 212, 213, 214, 215, 247], 217: [216, 217, 218, 219, 248, 249, 250, 251]}
