The optimal value is 653549.8015
Service ways: {36, 71, 7, 46, 17, 55, 25, 63}
Inverters: 1871 570 452 2074 2728 1489 1516 1005 2650 2025 2803 393 478 1444 519 2394 2661 204 1029 1948 1146 1102 72 1879 1975 960 2464 
Cable routing:
{1583: [1468, 1469, 1525, 1526, 1582, 1583, 1639, 1640], 1586: [1528, 1529, 1530, 1585, 1586, 1587, 1643, 1644], 1695: [1524, 1580, 1581, 1637, 1638, 1694, 1695, 1752], 1698: [1470, 1527, 1584, 1641, 1642, 1698, 1756, 1813], 1866: [1693, 1750, 1751, 1807, 1808, 1865, 1866, 1924], 1868: [1753, 1809, 1810, 1867, 1868, 1926, 1984, 2042], 1869: [1696, 1754, 1811, 1869, 1927, 1985, 2043, 2102], 1870: [1697, 1755, 1812, 1870, 1928, 1986, 2044, 2103], 1872: [1699, 1757, 1814, 1872, 1930, 1988, 2046, 2105], 1873: [1700, 1758, 1815, 1873, 1931, 1989, 2047, 2106], 1874: [1701, 1759, 1816, 1874, 1932, 1990, 2048, 2107], 1922: [1864, 1921, 1922, 1979, 1980, 2036, 2037, 2038], 1929: [1929, 1987, 2045, 2104], 1983: [1923, 1925, 1981, 1982, 1983, 2039, 2040, 2041]}
{224: [115, 147, 148, 183, 184, 223, 224, 266], 265: [146, 181, 182, 221, 222, 265, 312, 363], 311: [220, 263, 264, 309, 310, 311, 361, 362], 416: [267, 313, 314, 364, 365, 416, 467, 518], 512: [359, 409, 410, 460, 461, 511, 512, 564], 562: [510, 561, 562, 563, 614, 615, 667, 719], 565: [360, 411, 462, 513, 565, 617, 670, 722], 566: [412, 463, 514, 566, 618, 671, 723, 776], 567: [413, 464, 515, 567, 619, 672, 724, 777], 568: [414, 465, 516, 568, 620, 673, 725, 778], 569: [415, 466, 517, 569, 621, 674, 726, 779], 622: [622, 675, 727, 780], 666: [612, 613, 664, 665, 666, 716, 717, 718], 669: [616, 668, 669, 720, 721, 773, 774, 775]}
{301: [217, 218, 257, 258, 300, 301, 347, 348], 401: [260, 303, 350, 401], 403: [262, 305, 306, 352, 353, 403, 404, 454], 450: [398, 399, 449, 450, 500, 501, 552, 604], 451: [219, 259, 302, 349, 400, 451, 502, 503], 453: [261, 304, 351, 402, 453, 504, 555, 607], 456: [307, 354, 405, 455, 456, 507, 558, 610], 457: [308, 355, 406, 457, 508, 559, 560, 611], 458: [356, 357, 358, 407, 408, 458, 459, 509], 556: [505, 506, 556, 557, 608, 660, 713, 765], 655: [551, 603, 654, 655, 707, 708, 759, 760], 657: [553, 605, 656, 657, 709, 710, 761, 762], 658: [554, 606, 658, 659, 711, 712, 763, 764], 661: [609, 661, 662, 663, 714, 715, 766, 767]}
{1839: [1723, 1724, 1781, 1782, 1838, 1839, 1897, 1955], 1841: [1725, 1726, 1783, 1784, 1840, 1841, 1898, 1899], 1842: [1727, 1728, 1785, 1786, 1842, 1843, 1900, 1958], 1844: [1729, 1730, 1787, 1788, 1844, 1845, 1902, 1960], 2070: [1896, 1954, 2012, 2013, 2070, 2129, 2188, 2189], 2072: [1956, 2014, 2071, 2072, 2130, 2131, 2190, 2191], 2073: [1957, 2015, 2016, 2073, 2132, 2192, 2251, 2311], 2075: [1901, 1959, 2017, 2018, 2075, 2134, 2135, 2194], 2077: [1903, 1961, 2019, 2076, 2077, 2136, 2196, 2255], 2133: [2133, 2193, 2252, 2253], 2308: [2247, 2248, 2307, 2308, 2367, 2368, 2427, 2428], 2310: [2249, 2250, 2309, 2310, 2369, 2370, 2429, 2430], 2314: [2195, 2254, 2314, 2315, 2374, 2375, 2434, 2435], 2372: [2312, 2313, 2371, 2372, 2373, 2431, 2432, 2433]}
{2628: [2566, 2567, 2568, 2627, 2628, 2629, 2684, 2733], 2679: [2501, 2562, 2623, 2679], 2724: [2496, 2497, 2558, 2619, 2675, 2724, 2769, 2808], 2725: [2498, 2559, 2620, 2676, 2725, 2770, 2809, 2843], 2726: [2499, 2560, 2621, 2677, 2726, 2771, 2810, 2844], 2727: [2500, 2561, 2622, 2678, 2727, 2772, 2811], 2729: [2502, 2563, 2624, 2680, 2729, 2774], 2730: [2503, 2564, 2625, 2681, 2730, 2775, 2814, 2815], 2731: [2565, 2626, 2682, 2683, 2731, 2732, 2776, 2777], 2773: [2773, 2812, 2846], 2847: [2813, 2847, 2848, 2849, 2876, 2877, 2899, 2900], 2871: [2842, 2871, 2872, 2894, 2895, 2913, 2926, 2935], 2874: [2845, 2873, 2874, 2897, 2916, 2929, 2938, 2941], 2915: [2896, 2914, 2915, 2927, 2928, 2936, 2937, 2940], 2917: [2875, 2898, 2917, 2918, 2930, 2931, 2939, 2942]}
{1371: [1313, 1314, 1315, 1369, 1370, 1371, 1426, 1482], 1433: [1322, 1378, 1433], 1481: [1424, 1425, 1480, 1481, 1537, 1538, 1594, 1595], 1483: [1372, 1427, 1483, 1539, 1540, 1596, 1597, 1654], 1484: [1316, 1317, 1373, 1428, 1484, 1541, 1598, 1655], 1485: [1318, 1374, 1429, 1485, 1542, 1599, 1656], 1486: [1319, 1375, 1430, 1486, 1543, 1600, 1657], 1487: [1320, 1376, 1431, 1487, 1544, 1601, 1658], 1488: [1321, 1377, 1432, 1488, 1545, 1602, 1659], 1490: [1323, 1379, 1434, 1490, 1547, 1604, 1661], 1491: [1324, 1380, 1435, 1491, 1548, 1605, 1662], 1492: [1325, 1381, 1436, 1492, 1549, 1606, 1663], 1493: [1326, 1382, 1437, 1493, 1550, 1607, 1664], 1494: [1327, 1383, 1438, 1494, 1551, 1608, 1665], 1495: [1328, 1384, 1439, 1495, 1552, 1609, 1666], 1546: [1546, 1603, 1660]}
{1294: [1237, 1238, 1239, 1240, 1292, 1293, 1294, 1295], 1344: [1233, 1234, 1235, 1288, 1289, 1343, 1344, 1400], 1460: [1349, 1405, 1460], 1510: [1399, 1453, 1454, 1509, 1510, 1566, 1567, 1624], 1512: [1290, 1345, 1401, 1456, 1512, 1569, 1626, 1683], 1513: [1236, 1291, 1346, 1402, 1457, 1513, 1570, 1627], 1514: [1347, 1403, 1458, 1514, 1571, 1628, 1684, 1685], 1515: [1348, 1404, 1459, 1515, 1572, 1629, 1686], 1517: [1350, 1406, 1461, 1517, 1574, 1631, 1688], 1518: [1407, 1408, 1462, 1463, 1518, 1575, 1632, 1689], 1520: [1409, 1410, 1464, 1465, 1520, 1521, 1577, 1578], 1522: [1411, 1412, 1466, 1467, 1522, 1523, 1579, 1636], 1568: [1455, 1511, 1568, 1623, 1625, 1680, 1681, 1682], 1573: [1573, 1630, 1687], 1633: [1519, 1576, 1633, 1634, 1635, 1690, 1691, 1692]}
{795: [741, 742, 743, 744, 794, 795, 796, 797], 842: [788, 789, 790, 840, 841, 842, 894, 895], 845: [739, 740, 792, 793, 845, 846, 898, 952], 951: [791, 844, 897, 951], 1001: [893, 947, 1000, 1001, 1054, 1055, 1108, 1109], 1003: [948, 949, 1002, 1003, 1057, 1111, 1166, 1221], 1004: [843, 896, 950, 1004, 1058, 1112, 1167, 1222], 1007: [899, 953, 1006, 1007, 1061, 1115, 1170, 1225], 1008: [847, 900, 954, 1008, 1062, 1116, 1171, 1226], 1009: [848, 901, 955, 1009, 1063, 1117, 1172, 1227], 1010: [849, 902, 956, 1010, 1064, 1118, 1173, 1228], 1011: [850, 903, 957, 1011, 1065, 1119, 1174, 1229], 1113: [1059, 1060, 1113, 1114, 1168, 1169, 1223, 1224], 1165: [1056, 1110, 1163, 1164, 1165, 1218, 1219, 1220]}
{2355: [2235, 2236, 2295, 2296, 2355, 2356, 2415, 2416], 2358: [2238, 2239, 2298, 2299, 2358, 2359, 2418, 2419], 2412: [2291, 2292, 2351, 2352, 2411, 2412, 2472, 2533], 2413: [2234, 2293, 2294, 2353, 2354, 2413, 2414, 2473], 2477: [2237, 2297, 2357, 2417, 2477, 2478, 2479, 2538], 2649: [2471, 2532, 2593, 2649, 2698, 2743, 2782, 2816], 2651: [2534, 2594, 2595, 2651, 2700, 2745, 2784, 2818], 2652: [2474, 2535, 2596, 2652, 2701, 2746, 2785, 2819], 2653: [2475, 2536, 2597, 2653, 2702, 2747, 2786, 2820], 2654: [2476, 2537, 2598, 2599, 2654, 2655, 2703, 2704], 2656: [2539, 2600, 2656, 2705, 2750, 2789, 2823, 2852], 2657: [2540, 2601, 2657, 2706, 2751, 2790, 2824, 2853], 2699: [2699, 2744, 2783, 2817], 2787: [2748, 2749, 2787, 2788, 2821, 2822, 2850, 2851]}
{1733: [1675, 1676, 1677, 1731, 1732, 1733, 1734, 1791], 1736: [1678, 1679, 1735, 1736, 1737, 1738, 1793, 1794], 1967: [1851, 1909, 1967], 2020: [1789, 1846, 1904, 1962, 2020, 2078, 2137, 2197], 2021: [1790, 1847, 1905, 1963, 2021, 2079, 2138, 2198], 2022: [1848, 1906, 1964, 2022, 2080, 2139, 2199, 2258], 2023: [1792, 1849, 1907, 1965, 2023, 2081, 2140], 2024: [1850, 1908, 1966, 2024, 2082, 2141, 2201], 2026: [1795, 1852, 1910, 1968, 2026, 2084, 2143, 2203], 2027: [1796, 1853, 1911, 1969, 2027, 2085, 2144, 2204], 2083: [2083, 2142, 2202], 2317: [2256, 2257, 2316, 2317, 2376, 2377, 2436, 2437], 2319: [2200, 2259, 2318, 2319, 2378, 2379, 2438, 2439], 2321: [2260, 2261, 2320, 2321, 2380, 2381, 2440, 2441], 2322: [2262, 2263, 2322, 2323, 2382, 2383, 2442, 2443]}
{2550: [2487, 2488, 2489, 2490, 2549, 2550, 2610, 2611], 2615: [2493, 2494, 2554, 2555, 2615, 2616, 2671, 2672], 2669: [2491, 2551, 2552, 2612, 2613, 2668, 2669, 2718], 2719: [2492, 2553, 2614, 2670, 2719, 2764], 2722: [2495, 2556, 2617, 2673, 2721, 2722, 2767, 2806], 2799: [2666, 2715, 2760, 2799, 2833, 2862, 2885, 2904], 2800: [2667, 2716, 2761, 2800, 2834, 2863, 2886, 2905], 2801: [2717, 2762, 2801, 2835, 2864, 2887, 2906, 2919], 2802: [2763, 2802, 2836, 2837, 2865, 2888], 2804: [2720, 2765, 2766, 2804, 2805, 2838, 2867, 2890], 2807: [2557, 2618, 2674, 2723, 2768, 2807, 2841, 2870], 2868: [2839, 2840, 2868, 2869, 2891, 2910, 2923, 2932], 2908: [2866, 2889, 2907, 2908, 2909, 2920, 2921, 2922], 2911: [2892, 2893, 2911, 2912, 2924, 2925, 2933, 2934]}
{174: [112, 113, 141, 142, 173, 174, 210, 250], 176: [114, 143, 144, 145, 175, 176, 177, 212], 254: [178, 179, 214, 215, 254, 255, 297, 298], 342: [252, 295, 342], 390: [209, 249, 292, 339, 390, 441, 492, 543], 391: [293, 340, 391, 442, 493, 544], 392: [211, 251, 294, 341, 392, 443, 494, 545], 394: [213, 253, 296, 343, 394, 445, 496, 547], 395: [344, 345, 395, 396, 446, 447, 497, 548], 397: [180, 216, 256, 299, 346, 397, 448, 499], 444: [444, 495, 546], 549: [498, 549, 550, 601, 602, 653, 706, 758], 648: [595, 596, 647, 648, 700, 701, 752, 753], 650: [597, 598, 649, 650, 702, 703, 754, 755], 651: [599, 600, 651, 652, 704, 705, 756, 757]}
{235: [194, 195, 196, 197, 234, 235, 236, 237], 276: [192, 193, 232, 233, 275, 276, 322, 323], 281: [198, 199, 238, 239, 280, 281, 282, 329], 427: [278, 325, 376, 427], 475: [373, 424, 475, 526, 578, 630, 683, 735], 476: [374, 425, 476, 527, 579, 631, 684, 736], 477: [277, 324, 375, 426, 477, 528, 580, 632], 479: [279, 326, 377, 428, 479, 530, 582, 634], 480: [327, 378, 429, 480, 531, 583, 635, 688], 481: [328, 379, 430, 481, 532, 584, 636, 689], 482: [380, 431, 432, 482, 483, 533, 585, 637], 484: [433, 434, 484, 485, 535, 536, 587, 588], 633: [529, 581, 633, 685, 686, 687, 737, 738], 638: [534, 586, 638, 639, 640, 690, 691, 692]}
{1231: [1175, 1176, 1177, 1230, 1231, 1232, 1286, 1287], 1389: [1278, 1333, 1389], 1440: [1273, 1274, 1329, 1385, 1440, 1496, 1553, 1610], 1441: [1330, 1386, 1441, 1497, 1554, 1611, 1667, 1668], 1442: [1275, 1276, 1331, 1387, 1442, 1498, 1555, 1612], 1443: [1277, 1332, 1388, 1443, 1499, 1556], 1445: [1279, 1334, 1390, 1445, 1501, 1558, 1615], 1446: [1280, 1335, 1391, 1446, 1502, 1559, 1616, 1673], 1447: [1281, 1336, 1392, 1447, 1503, 1560, 1617, 1674], 1448: [1282, 1337, 1393, 1448, 1504, 1561, 1618], 1449: [1283, 1338, 1394, 1449, 1505, 1562, 1619], 1450: [1284, 1339, 1395, 1450, 1506, 1563, 1620], 1451: [1285, 1340, 1396, 1451, 1507, 1564, 1621], 1452: [1341, 1342, 1397, 1398, 1452, 1508, 1565, 1622], 1614: [1500, 1557, 1613, 1614, 1669, 1670, 1671, 1672]}
{230: [189, 190, 191, 229, 230, 231, 273, 274], 269: [186, 187, 226, 227, 269, 270, 316, 317], 318: [188, 228, 271, 272, 318, 319, 369, 420], 366: [185, 225, 268, 315, 366, 367, 417, 468], 520: [418, 469, 520, 572, 624, 677, 729, 782], 521: [368, 419, 470, 471, 521, 522, 573, 574], 523: [370, 421, 472, 523, 575, 627, 680, 732], 524: [320, 371, 422, 473, 524, 576, 628, 681], 525: [321, 372, 423, 474, 525, 577, 629, 682], 571: [571, 623, 676, 728], 678: [625, 626, 678, 679, 730, 783, 836, 889], 786: [733, 734, 785, 786, 787, 839, 892, 946], 834: [781, 834, 835, 887, 888, 941, 942, 943], 837: [731, 784, 837, 838, 890, 891, 944, 945]}
{2157: [2096, 2097, 2098, 2099, 2156, 2157, 2158, 2216], 2219: [2100, 2101, 2160, 2161, 2219, 2220, 2279, 2339], 2273: [2094, 2153, 2154, 2212, 2213, 2273, 2333, 2393], 2274: [2095, 2155, 2214, 2274, 2334], 2391: [2271, 2330, 2331, 2390, 2391, 2450, 2451, 2512], 2392: [2272, 2332, 2392, 2452, 2513, 2573, 2574, 2630], 2395: [2215, 2275, 2335, 2395, 2455, 2516, 2577, 2633], 2396: [2276, 2336, 2396, 2456, 2517, 2578, 2634], 2397: [2217, 2277, 2337, 2397, 2457, 2518, 2579, 2635], 2398: [2159, 2218, 2278, 2338, 2398, 2399, 2458, 2459], 2400: [2280, 2340, 2400, 2460, 2521, 2582, 2638, 2687], 2510: [2449, 2509, 2510, 2511, 2569, 2570, 2571, 2572], 2515: [2453, 2454, 2514, 2515, 2575, 2576, 2631, 2632], 2580: [2519, 2520, 2580, 2581, 2636, 2637, 2685, 2686]}
{2303: [2242, 2243, 2244, 2302, 2303, 2304, 2363, 2364], 2361: [2240, 2241, 2300, 2301, 2360, 2361, 2421, 2481], 2365: [2245, 2246, 2305, 2306, 2365, 2366, 2425, 2426], 2483: [2362, 2422, 2423, 2424, 2482, 2483, 2544, 2605], 2658: [2420, 2480, 2541, 2602, 2658, 2707, 2752, 2791], 2660: [2542, 2543, 2603, 2604, 2659, 2660, 2709, 2754], 2662: [2484, 2545, 2606, 2662, 2711, 2756, 2795, 2829], 2663: [2485, 2546, 2607, 2663, 2712, 2757, 2796, 2830], 2664: [2486, 2547, 2608, 2664, 2713, 2758, 2797, 2831], 2665: [2548, 2609, 2665, 2714, 2759, 2798, 2832, 2861], 2710: [2710, 2755, 2793, 2794], 2792: [2708, 2753, 2792, 2825, 2826, 2854, 2855, 2878], 2857: [2827, 2828, 2856, 2857, 2858, 2879, 2880, 2881], 2882: [2859, 2860, 2882, 2883, 2884, 2901, 2902, 2903]}
{58: [38, 39, 40, 56, 57, 58, 79, 80], 82: [59, 60, 61, 81, 82, 83, 84, 107], 102: [23, 37, 55, 77, 78, 102, 131, 163], 168: [136, 168], 200: [103, 132, 164, 200, 240, 283, 330, 381], 201: [104, 133, 165, 201, 241, 284, 331, 382], 202: [105, 134, 166, 202, 242, 285, 332, 383], 203: [106, 135, 167, 203, 243, 286, 333], 205: [108, 137, 169, 205, 245, 288, 335, 386], 206: [109, 138, 170, 206, 246, 289, 336, 387], 207: [85, 110, 139, 171, 207, 247, 290, 337], 208: [86, 111, 140, 172, 208, 248, 291, 338], 244: [244, 287, 334], 436: [384, 385, 435, 436, 437, 486, 487, 488], 439: [388, 389, 438, 439, 440, 489, 490, 491]}
{924: [818, 819, 871, 872, 924, 925, 978, 1032], 975: [815, 868, 921, 975], 1022: [808, 861, 914, 968, 1022, 1076, 1130, 1185], 1023: [809, 862, 915, 969, 1023, 1077, 1131, 1186], 1024: [810, 863, 916, 970, 1024, 1078, 1132, 1187], 1025: [811, 864, 917, 971, 1025, 1079, 1133, 1188], 1026: [812, 865, 918, 972, 1026, 1080, 1134, 1189], 1027: [813, 866, 919, 973, 1027, 1081, 1135], 1028: [814, 867, 920, 974, 1028, 1082, 1136, 1191], 1030: [816, 869, 922, 976, 1030, 1084, 1138, 1193], 1031: [817, 870, 923, 977, 1031, 1085, 1139], 1083: [1083, 1137], 1245: [1190, 1243, 1244, 1245, 1299, 1300, 1354, 1355], 1247: [1192, 1246, 1247, 1248, 1301, 1302, 1356, 1357], 1297: [1241, 1242, 1296, 1297, 1298, 1351, 1352, 1353]}
{1772: [1713, 1714, 1715, 1771, 1772, 1773, 1828, 1829], 1827: [1711, 1712, 1769, 1770, 1826, 1827, 1885, 1943], 1832: [1716, 1717, 1775, 1832, 1890], 1833: [1718, 1719, 1776, 1777, 1833, 1834, 1891, 1949], 1945: [1886, 1887, 1944, 1945, 2003, 2061, 2120, 2180], 1946: [1830, 1888, 1946, 2004, 2062, 2121, 2181], 1947: [1774, 1831, 1889, 1947, 2005, 2063, 2122, 2182], 1951: [1720, 1721, 1778, 1835, 1893, 1951, 2009, 2067], 1952: [1779, 1836, 1894, 1952, 2010, 2068, 2127, 2187], 1953: [1722, 1780, 1837, 1895, 1953, 2011, 2069, 2128], 2000: [1884, 1942, 2000, 2058, 2116, 2117, 2176, 2177], 2008: [1892, 1950, 2008, 2066, 2125, 2126, 2185, 2186], 2060: [2001, 2002, 2059, 2060, 2118, 2119, 2178, 2179], 2064: [2006, 2007, 2064, 2065, 2123, 2124, 2183, 2184]}
{822: [768, 769, 770, 821, 822, 823, 874, 875], 877: [771, 772, 824, 825, 876, 877, 878, 931], 981: [820, 873, 926, 927, 980, 981, 1034, 1035], 1091: [929, 983, 1037, 1091], 1142: [979, 1033, 1086, 1087, 1141, 1142, 1197, 1252], 1144: [1088, 1089, 1143, 1144, 1199, 1254, 1309, 1365], 1145: [928, 982, 1036, 1090, 1145, 1200, 1255, 1310], 1147: [930, 984, 1038, 1092, 1147, 1202, 1257, 1312], 1148: [985, 1039, 1093, 1148, 1203, 1258], 1195: [1140, 1194, 1195, 1196, 1249, 1250, 1304, 1305], 1201: [1201, 1256], 1308: [1198, 1253, 1307, 1308, 1363, 1364, 1418, 1419], 1360: [1303, 1358, 1359, 1360, 1413, 1414, 1415, 1471], 1362: [1251, 1306, 1361, 1362, 1416, 1417, 1472, 1473], 1367: [1311, 1366, 1367, 1368, 1420, 1421, 1422, 1423]}
{934: [826, 827, 879, 880, 933, 934, 987, 988], 937: [829, 830, 882, 883, 936, 937, 991, 1045], 939: [831, 832, 884, 885, 938, 939, 992, 993], 994: [833, 886, 940, 994, 1048], 1043: [828, 881, 935, 989, 1042, 1043, 1097, 1152], 1094: [932, 986, 1040, 1041, 1094, 1149, 1204, 1259], 1098: [990, 1044, 1098, 1153, 1207, 1208, 1262, 1263], 1101: [1046, 1047, 1101, 1156, 1211, 1266], 1103: [995, 1049, 1103, 1158, 1213, 1268], 1104: [996, 997, 1050, 1051, 1104, 1159, 1214, 1269], 1106: [998, 999, 1052, 1053, 1106, 1107, 1161, 1162], 1151: [1095, 1096, 1150, 1151, 1205, 1206, 1260, 1261], 1155: [1099, 1100, 1154, 1155, 1209, 1210, 1264, 1265], 1157: [1157, 1212, 1267], 1215: [1105, 1160, 1215, 1216, 1217, 1270, 1271, 1272]}
{50: [7, 18, 32, 50], 63: [41, 62, 63, 87, 88, 116, 117, 149], 64: [24, 42, 64, 89, 118, 150], 65: [0, 11, 25, 43, 65, 90, 119, 151], 66: [1, 12, 26, 44, 66, 91, 120, 152], 67: [2, 13, 27, 45, 67, 92, 121, 153], 68: [3, 14, 28, 46, 68, 93, 122, 154], 69: [4, 15, 29, 47, 69, 94, 123, 155], 70: [5, 16, 30, 48, 70, 95, 124, 156], 71: [6, 17, 31, 49, 71, 96, 125, 157], 73: [8, 19, 33, 51, 73, 98, 127, 159], 74: [9, 20, 34, 52, 74, 99, 128, 160], 75: [10, 21, 35, 53, 75, 100, 129, 161], 76: [22, 36, 54, 76, 101, 130, 162], 97: [97, 126, 158]}
{1589: [1474, 1475, 1531, 1532, 1588, 1589, 1645, 1646], 1592: [1477, 1478, 1534, 1535, 1591, 1592, 1648, 1649], 1650: [1479, 1536, 1593, 1650, 1651, 1652, 1707, 1765], 1704: [1476, 1533, 1590, 1647, 1702, 1703, 1704, 1762], 1821: [1706, 1764, 1821, 1822], 1875: [1760, 1817, 1875, 1933, 1991, 2049, 2108, 2168], 1876: [1761, 1818, 1876, 1934, 1992, 2050, 2109, 2169], 1878: [1705, 1763, 1819, 1820, 1877, 1878, 1935, 1936], 1881: [1708, 1766, 1823, 1880, 1881, 1939, 1997, 2055], 1882: [1709, 1767, 1824, 1882, 1940, 1998, 2056, 2115], 1883: [1653, 1710, 1768, 1825, 1883, 1941, 1999, 2057], 1995: [1937, 1938, 1995, 1996, 2053, 2112, 2172, 2231], 2052: [1993, 1994, 2051, 2052, 2110, 2111, 2170, 2171], 2113: [2054, 2113, 2114, 2173, 2174, 2175, 2232, 2233]}
{1862: [1747, 1748, 1749, 1805, 1806, 1862, 1863, 1920], 1917: [1744, 1802, 1859, 1917], 1970: [1739, 1797, 1854, 1912, 1970, 2028, 2086, 2145], 1971: [1740, 1798, 1855, 1913, 1971, 2029, 2087, 2146], 1972: [1741, 1799, 1856, 1914, 1972, 2030, 2088, 2147], 1973: [1742, 1800, 1857, 1915, 1973, 2031, 2089, 2148], 1974: [1743, 1801, 1858, 1916, 1974, 2032, 2090, 2149], 1976: [1745, 1746, 1803, 1860, 1918, 1976, 2034, 2092], 1977: [1804, 1861, 1919, 1977, 1978, 2035, 2093, 2152], 2150: [2033, 2091, 2150, 2151, 2210, 2211, 2269, 2270], 2265: [2205, 2206, 2264, 2265, 2324, 2325, 2384, 2385], 2267: [2207, 2208, 2266, 2267, 2327, 2387, 2447, 2507], 2328: [2209, 2268, 2328, 2329, 2388, 2389, 2448, 2508], 2446: [2326, 2386, 2444, 2445, 2446, 2504, 2505, 2506]}
{642: [538, 539, 590, 591, 642, 643, 695, 696], 645: [541, 542, 593, 594, 645, 646, 698, 699], 746: [537, 589, 641, 693, 694, 745, 746, 799], 749: [540, 592, 644, 697, 748, 749, 750, 751], 906: [747, 800, 853, 906], 958: [798, 851, 904, 958, 1012, 1066, 1120], 959: [852, 905, 959, 1013, 1067, 1121], 961: [801, 854, 907, 961, 1015, 1069, 1123, 1178], 962: [802, 855, 908, 962, 1016, 1070, 1124, 1179], 963: [803, 856, 909, 963, 1017, 1071, 1125, 1180], 964: [804, 857, 910, 964, 1018, 1072, 1126, 1181], 965: [805, 858, 911, 965, 1019, 1073, 1127, 1182], 966: [806, 859, 912, 966, 1020, 1074, 1128, 1183], 967: [807, 860, 913, 967, 1021, 1075, 1129, 1184], 1014: [1014, 1068, 1122]}
{2223: [2162, 2163, 2164, 2221, 2222, 2223, 2282, 2283], 2284: [2165, 2166, 2224, 2225, 2284, 2285, 2344, 2404], 2461: [2281, 2341, 2401, 2461, 2522, 2583, 2639, 2688], 2462: [2342, 2402, 2462, 2523, 2584, 2640, 2689, 2734], 2463: [2343, 2403, 2463, 2524, 2585, 2641], 2465: [2345, 2405, 2465, 2526, 2587, 2643], 2466: [2167, 2226, 2286, 2346, 2406, 2466, 2527, 2588], 2467: [2227, 2287, 2347, 2407, 2467, 2528, 2589, 2645], 2468: [2228, 2288, 2348, 2408, 2468, 2529, 2590, 2646], 2469: [2229, 2289, 2349, 2409, 2469, 2530, 2591, 2647], 2470: [2230, 2290, 2350, 2410, 2470, 2531, 2592, 2648], 2642: [2525, 2586, 2642, 2690, 2691, 2692, 2735, 2736], 2693: [2644, 2693, 2694, 2695, 2737, 2738, 2739, 2778], 2741: [2696, 2697, 2740, 2741, 2742, 2779, 2780, 2781]}
