The optimal value is 159575.9180
Service ways: {25, 5, 15}
Inverters: 662 353 108 627 402 98 393 
Cable routing:
{567: [565, 566, 567, 568, 569, 570, 571, 572], 592: [590, 591, 592, 593, 594, 595, 596, 597], 613: [587, 588, 589, 611, 612, 613, 614, 615], 639: [616, 617, 636, 637, 638, 639, 640, 661], 642: [618, 619, 620, 621, 641, 642, 643, 644], 658: [634, 635, 657, 658, 659, 660, 680, 681], 663: [663, 664, 665, 666], 685: [682, 683, 684, 685, 686, 687, 688, 689], 702: [679, 700, 701, 702, 703, 721, 722, 723], 706: [704, 705, 706, 707, 708, 709, 710, 711], 727: [724, 725, 726, 727, 728, 729, 730, 731], 741: [739, 740, 741, 742, 751, 752, 753, 754], 746: [743, 744, 745, 746, 747, 748, 749, 750], 758: [755, 756, 757, 758, 759, 760, 761, 762]}
{145: [116, 117, 118, 119, 143, 144, 145, 146], 174: [147, 171, 172, 173, 174, 175, 176, 205], 233: [201, 202, 203, 204, 231, 232, 233, 234], 260: [200, 229, 230, 259, 260, 261, 262, 289], 265: [235, 236, 237, 263, 264, 265, 266, 267], 293: [290, 291, 292, 293, 294, 295, 296, 297], 323: [319, 320, 321, 322, 323, 324, 325, 326], 352: [349, 350, 351, 352], 356: [327, 354, 355, 356, 357, 387, 416, 417], 383: [379, 380, 381, 382, 383, 384, 385, 386], 413: [409, 410, 411, 412, 413, 414, 415, 438], 442: [439, 440, 441, 442, 443, 444, 445, 446], 470: [467, 468, 469, 470, 471, 472, 473, 474], 498: [495, 496, 497, 498, 499, 500, 501, 502]}
{20: [6, 7, 8, 18, 19, 20, 21, 22], 34: [4, 5, 16, 17, 33, 34, 35, 36], 59: [37, 38, 55, 56, 57, 58, 59, 60], 62: [39, 40, 41, 61, 62, 63, 64, 65], 83: [79, 80, 81, 82, 83, 84, 85, 86], 107: [104, 105, 106, 107], 109: [109, 110], 112: [87, 88, 89, 111, 112, 113, 114, 115], 135: [131, 132, 133, 134, 135, 136, 137], 140: [138, 139, 140, 141, 142, 168, 169, 170], 163: [159, 160, 161, 162, 163, 164, 165, 166], 192: [188, 189, 190, 191, 192, 193, 194], 196: [167, 195, 196, 197, 198, 199, 225, 226], 221: [217, 218, 219, 220, 221, 222, 223, 224], 251: [248, 249, 250, 251, 252, 253, 254, 255]}
{529: [525, 526, 527, 528, 529, 530, 531, 555], 550: [522, 523, 524, 548, 549, 550, 551, 552], 578: [553, 554, 574, 575, 576, 577, 578, 579], 582: [556, 557, 558, 581, 582, 583, 584, 585], 604: [580, 601, 602, 603, 604, 605, 606, 607], 623: [598, 599, 600, 622, 623, 624, 645, 646], 626: [625, 626], 628: [628, 629], 631: [586, 608, 609, 610, 630, 631, 632, 633], 650: [647, 648, 649, 650, 651, 673, 674, 675], 653: [652, 653, 654, 655, 656, 676, 677, 678], 670: [667, 668, 669, 670, 671, 672, 690, 691], 694: [692, 693, 694, 695, 696, 697, 698, 699], 715: [712, 713, 714, 715, 716, 732, 733, 734], 717: [717, 718, 719, 720, 735, 736, 737, 738]}
{282: [278, 279, 280, 281, 282, 283, 284, 285], 287: [227, 228, 256, 257, 258, 286, 287, 288], 312: [308, 309, 310, 311, 312, 313, 314, 315], 342: [338, 339, 340, 341, 342, 343, 344], 346: [316, 317, 318, 345, 346, 347, 348, 376], 372: [368, 369, 370, 371, 372, 373, 374, 375], 401: [398, 399, 400, 401], 403: [403, 404], 406: [377, 378, 405, 406, 407, 408, 436, 437], 432: [428, 429, 430, 431, 432, 433, 434, 435], 461: [457, 458, 459, 460, 461, 462, 463, 464], 489: [485, 486, 487, 488, 489, 490, 491], 493: [465, 466, 492, 493, 494, 521, 547, 573], 517: [513, 514, 515, 516, 517, 518, 519, 520], 543: [539, 540, 541, 542, 543, 544, 545, 546]}
{13: [0, 1, 2, 3, 12, 13, 14, 15], 27: [9, 10, 11, 25, 26, 27, 28, 29], 46: [23, 24, 42, 43, 44, 45, 46, 47], 52: [30, 31, 32, 50, 51, 52, 53, 54], 73: [48, 49, 70, 71, 72, 73, 74, 75], 93: [66, 67, 68, 69, 90, 91, 92, 93], 97: [94, 95, 96, 97], 101: [76, 77, 78, 99, 100, 101, 102, 103], 122: [120, 121, 122, 123, 124, 148, 149, 150], 128: [126, 127, 128, 129, 130, 156, 157, 158], 153: [125, 151, 152, 153, 154, 155, 181, 182], 179: [177, 178, 179, 180, 206, 207, 208, 238], 185: [183, 184, 185, 186, 187, 214, 215, 216], 211: [209, 210, 211, 212, 213, 239, 240, 241]}
{272: [242, 243, 268, 269, 270, 271, 272, 273], 275: [244, 245, 246, 247, 274, 275, 276, 277], 303: [300, 301, 302, 303, 304, 305, 306, 307], 333: [330, 331, 332, 333, 334, 335, 336, 337], 359: [298, 299, 328, 329, 358, 359, 360, 388], 363: [361, 362, 363, 364, 365, 366, 367], 392: [389, 390, 391, 392, 422], 395: [394, 395, 396, 397, 424, 425, 426, 427], 420: [418, 419, 420, 421, 447, 448, 449, 475], 452: [423, 450, 451, 452, 453, 454, 455, 456], 480: [476, 477, 478, 479, 480, 481, 482, 483], 507: [503, 504, 505, 506, 507, 508, 509, 532], 511: [484, 510, 511, 512, 537, 538, 563, 564], 534: [533, 534, 535, 536, 559, 560, 561, 562]}
