The optimal value is 492723.3565
Service ways: {35, 8, 45, 16, 24}
Inverters: 2112 1826 942 1268 1943 144 2209 470 460 1658 1972 127 1207 931 1338 1478 260 1499 688 573 999 
Cable routing:
{1950: [1859, 1860, 1904, 1905, 1906, 1949, 1950, 1993], 1951: [1861, 1862, 1907, 1908, 1951, 1952, 1994, 2035], 1953: [1863, 1864, 1909, 1910, 1953, 1954, 1996, 2037], 1955: [1865, 1866, 1911, 1912, 1955, 1956, 1998, 2039], 2109: [1948, 1991, 2032, 2072, 2109, 2141, 2170, 2195], 2110: [1992, 2033, 2073, 2110, 2142, 2171, 2196], 2111: [2034, 2074, 2075, 2111, 2143, 2172, 2197, 2219], 2113: [1995, 2036, 2076, 2077, 2113, 2114, 2145, 2174], 2115: [1997, 2038, 2078, 2079, 2115, 2147, 2176, 2201], 2117: [1999, 2040, 2080, 2081, 2117, 2118, 2149, 2150], 2173: [2144, 2173, 2198, 2199, 2220], 2177: [2116, 2148, 2177, 2178, 2179, 2202, 2224, 2242], 2200: [2146, 2175, 2200, 2221, 2222, 2223, 2240, 2241], 2225: [2203, 2204, 2225, 2226, 2243, 2244, 2257, 2258]}
{1689: [1592, 1593, 1641, 1642, 1689, 1690, 1737, 1784], 1780: [1637, 1685, 1733, 1780], 1821: [1632, 1680, 1728, 1775, 1821, 1867, 1913, 1957], 1822: [1633, 1681, 1729, 1776, 1822, 1868, 1914, 1958], 1823: [1634, 1682, 1730, 1777, 1823, 1869, 1915, 1959], 1824: [1635, 1683, 1731, 1778, 1824, 1870, 1916, 1960], 1825: [1636, 1684, 1732, 1779, 1825, 1871], 1827: [1638, 1686, 1734, 1781, 1827, 1873], 1828: [1639, 1687, 1735, 1782, 1828, 1874, 1875, 1920], 1829: [1591, 1640, 1688, 1736, 1783, 1829, 1830, 1876], 1918: [1872, 1918, 1962, 2005, 2046], 1963: [1919, 1963, 1964, 2006, 2007, 2047, 2048], 1965: [1921, 1922, 1965, 1966, 2008, 2009, 2049, 2050], 2002: [2000, 2001, 2002, 2041, 2042, 2043, 2082, 2083], 2004: [1917, 1961, 2003, 2004, 2044, 2045, 2084, 2085]}
{714: [668, 669, 670, 712, 713, 714, 758, 803], 717: [630, 631, 673, 674, 717, 718, 761, 762], 719: [632, 633, 675, 676, 719, 720, 763, 764], 759: [629, 671, 672, 715, 716, 759, 760, 804], 896: [850, 896], 938: [755, 800, 846, 892, 938, 985, 1033, 1081], 939: [756, 801, 847, 893, 939, 986, 1034, 1082], 940: [757, 802, 848, 894, 940, 987, 1035, 1083], 941: [849, 895, 941, 988, 1036, 1084], 943: [805, 851, 897, 943, 990, 1038, 1086, 1135], 944: [806, 852, 898, 944, 991, 1039, 1087, 1136], 945: [807, 853, 899, 945, 992, 1040, 1088, 1137], 946: [808, 854, 900, 946, 993, 1041, 1089, 1138], 947: [809, 855, 901, 947, 994, 1042, 1090, 1139], 989: [989, 1037, 1085, 1134]}
{923: [876, 877, 878, 922, 923, 924, 970, 971], 972: [879, 880, 925, 926, 972, 973, 1020, 1021], 1016: [920, 921, 967, 968, 1015, 1016, 1063, 1064], 1066: [969, 1017, 1018, 1019, 1065, 1066, 1067, 1115], 1216: [1165, 1216], 1265: [1112, 1162, 1213, 1265, 1316, 1367, 1417, 1467], 1266: [1113, 1163, 1214, 1266, 1317, 1368, 1418], 1267: [1114, 1164, 1215, 1267, 1318, 1369, 1419, 1469], 1269: [1116, 1166, 1217, 1269, 1320, 1371, 1421, 1471], 1270: [1068, 1117, 1167, 1218, 1270, 1321, 1372, 1422], 1271: [1069, 1118, 1168, 1219, 1271, 1322, 1373, 1423], 1319: [1319, 1370, 1420], 1518: [1468, 1517, 1518, 1519, 1566, 1567, 1615, 1616], 1522: [1472, 1473, 1521, 1522, 1523, 1571, 1572, 1620], 1569: [1470, 1520, 1568, 1569, 1570, 1617, 1618, 1619]}
{1760: [1664, 1665, 1712, 1713, 1759, 1760, 1805, 1806], 1762: [1667, 1668, 1715, 1716, 1762, 1763, 1808, 1809], 1765: [1622, 1670, 1671, 1718, 1719, 1765, 1766, 1812], 1810: [1621, 1669, 1717, 1764, 1810, 1811, 1856, 1902], 1850: [1663, 1711, 1758, 1804, 1849, 1850, 1895, 1896], 1853: [1666, 1714, 1761, 1807, 1853, 1899], 1941: [1851, 1897, 1940, 1941, 1984, 2025, 2065, 2102], 1942: [1852, 1898, 1942, 1985, 2026, 2066], 1944: [1854, 1855, 1900, 1901, 1944, 1987, 2028, 2068], 1947: [1857, 1858, 1903, 1946, 1947, 1990, 2031, 2071], 1983: [1939, 1982, 1983, 2023, 2024, 2063, 2064, 2101], 1988: [1945, 1988, 1989, 2029, 2069, 2106, 2138, 2167], 2067: [1986, 2027, 2067, 2103, 2104, 2105, 2136, 2137], 2107: [2030, 2070, 2107, 2108, 2139, 2140, 2168, 2169]}
{16: [0, 1, 2, 15, 16, 17, 38, 61], 41: [4, 5, 19, 20, 41, 42, 64, 90], 43: [6, 7, 21, 22, 43, 44, 66, 92], 59: [13, 14, 35, 36, 58, 59, 85, 112], 63: [3, 18, 39, 40, 62, 63, 89, 116], 141: [37, 60, 86, 113, 140, 141, 169, 170], 142: [87, 114, 142, 171, 202, 233, 266, 300], 143: [88, 115, 143, 172, 203, 234], 145: [117, 145, 173, 174, 205, 236], 146: [65, 91, 118, 119, 146, 147, 175, 176], 148: [67, 93, 120, 148, 177, 208, 239, 272], 232: [200, 201, 231, 232, 264, 265, 298, 299], 237: [206, 207, 237, 238, 270, 271, 304, 305], 268: [204, 235, 267, 268, 269, 301, 302, 303]}
{2184: [2086, 2123, 2155, 2184], 2205: [2119, 2151, 2180, 2205, 2227, 2245, 2259, 2270], 2206: [2120, 2152, 2181, 2206, 2228, 2246, 2260, 2271], 2207: [2121, 2153, 2182, 2207, 2229, 2247, 2261, 2272], 2208: [2122, 2154, 2183, 2208, 2230, 2231, 2248, 2262], 2210: [2087, 2124, 2156, 2185, 2210, 2232, 2250, 2264], 2211: [2088, 2125, 2157, 2186, 2211, 2233, 2251, 2265], 2212: [2089, 2126, 2158, 2187, 2212, 2234, 2252, 2266], 2213: [2090, 2127, 2159, 2188, 2213, 2235, 2253, 2267], 2214: [2160, 2189, 2214, 2236, 2254, 2268, 2278, 2279], 2215: [2161, 2162, 2190, 2191, 2215, 2237, 2255, 2269], 2216: [2192, 2193, 2216, 2217, 2218, 2238, 2239, 2256], 2274: [2249, 2263, 2273, 2274, 2275, 2280, 2281, 2282], 2283: [2276, 2277, 2283, 2284, 2285, 2286, 2287, 2288]}
{283: [248, 249, 250, 251, 281, 282, 283, 284], 287: [252, 253, 254, 285, 286, 287, 320, 321], 432: [358, 394, 395, 432], 462: [315, 350, 386, 424, 462, 502, 543, 586], 463: [316, 351, 387, 425, 463, 503, 544, 587], 464: [317, 352, 388, 426, 464, 504, 545, 588], 465: [318, 353, 389, 427, 465, 505, 546, 589], 466: [319, 354, 390, 428, 466, 506, 547, 590], 467: [355, 391, 429, 467, 507, 548, 591, 634], 468: [356, 392, 430, 468, 508, 549, 592, 635], 469: [288, 322, 357, 393, 431, 469, 509, 550], 471: [433, 471, 472, 511, 512, 552, 553, 596], 554: [513, 554, 555, 597, 598, 639, 640, 641], 594: [510, 551, 593, 594, 595, 636, 637, 638]}
{313: [278, 279, 280, 312, 313, 314, 348, 384], 342: [273, 306, 307, 340, 341, 342, 378, 416], 346: [276, 277, 310, 311, 345, 346, 347, 382], 380: [274, 275, 309, 344, 380, 381, 418, 456], 453: [376, 377, 414, 415, 452, 453, 492, 493], 455: [308, 343, 379, 417, 454, 455, 495, 536], 458: [419, 420, 457, 458, 498, 539, 582, 625], 459: [383, 421, 422, 459, 499, 540, 583, 626], 461: [349, 385, 423, 461, 501, 542, 585, 628], 500: [500, 541, 584, 627], 535: [494, 533, 534, 535, 578, 621, 664, 708], 538: [496, 497, 537, 538, 581, 624, 667, 711], 620: [576, 577, 619, 620, 662, 663, 706, 707], 623: [579, 580, 622, 623, 665, 666, 709, 710]}
{1507: [1456, 1457, 1458, 1506, 1507, 1508, 1556, 1605], 1512: [1413, 1461, 1462, 1463, 1511, 1512, 1561, 1610], 1514: [1414, 1415, 1464, 1465, 1514, 1515, 1563, 1564], 1559: [1459, 1460, 1509, 1510, 1557, 1558, 1559, 1608], 1655: [1606, 1607, 1654, 1655, 1702, 1703, 1749, 1750], 1657: [1560, 1609, 1656, 1657, 1705, 1752, 1798, 1844], 1659: [1513, 1562, 1611, 1659, 1707, 1754, 1800, 1846], 1660: [1612, 1613, 1660, 1661, 1708, 1755, 1801, 1847], 1662: [1416, 1466, 1516, 1565, 1614, 1662, 1710, 1757], 1706: [1706, 1753, 1799, 1845], 1797: [1704, 1751, 1796, 1797, 1842, 1843, 1888, 1889], 1802: [1709, 1756, 1802, 1803, 1848, 1894, 1938, 1981], 1891: [1890, 1891, 1892, 1934, 1935, 1936, 1978, 1979], 1980: [1893, 1937, 1980, 2020, 2021, 2022, 2061, 2062]}
{1787: [1738, 1739, 1740, 1785, 1786, 1787, 1833, 1879], 1790: [1742, 1743, 1744, 1745, 1789, 1790, 1791, 1792], 1840: [1746, 1747, 1748, 1794, 1795, 1840, 1841, 1887], 1926: [1741, 1788, 1834, 1880, 1925, 1926, 1969, 1970], 1928: [1836, 1882, 1928], 1967: [1831, 1877, 1923, 1967, 2010, 2051, 2091, 2128], 1968: [1832, 1878, 1924, 1968, 2011, 2052, 2092, 2129], 1971: [1835, 1881, 1927, 1971, 2013, 2014, 2055, 2095], 1973: [1837, 1883, 1929, 1973, 2016, 2057, 2097], 1974: [1838, 1884, 1930, 1974, 2017, 2058, 2098, 2135], 1975: [1793, 1839, 1885, 1931, 1975, 2018, 2059, 2099], 1976: [1886, 1932, 1933, 1976, 1977, 2019, 2060, 2100], 2015: [2015, 2056], 2054: [2012, 2053, 2054, 2093, 2094, 2130, 2131, 2163], 2133: [2096, 2132, 2133, 2134, 2164, 2165, 2166, 2194]}
{25: [8, 9, 10, 11, 23, 24, 25, 26], 51: [12, 27, 28, 29, 30, 51, 74, 100], 121: [45, 68, 94, 121, 149, 178, 209, 240], 122: [46, 69, 95, 122, 150, 179, 210, 241], 123: [47, 70, 96, 123, 151, 180, 211, 242], 124: [48, 71, 97, 124, 152, 181, 212, 243], 125: [49, 72, 98, 125, 153, 182, 213, 244], 126: [50, 73, 99, 126, 154, 183, 214, 245], 128: [52, 75, 101, 128, 156, 185, 216, 247], 129: [31, 53, 76, 102, 129, 157, 186, 217], 130: [32, 54, 77, 103, 130, 158, 187, 218], 131: [78, 104, 105, 131, 132, 159, 188, 219], 155: [155, 184, 215, 246], 189: [160, 161, 189, 190, 191, 220, 221, 222]}
{1054: [957, 958, 1005, 1006, 1053, 1054, 1103, 1153], 1056: [959, 960, 1007, 1008, 1055, 1056, 1105], 1057: [961, 962, 1009, 1010, 1057, 1058, 1106, 1156], 1059: [963, 964, 1011, 1012, 1059, 1060, 1108, 1158], 1160: [965, 966, 1013, 1061, 1110, 1160, 1211, 1263], 1203: [1101, 1102, 1151, 1152, 1202, 1203, 1255, 1306], 1205: [1104, 1154, 1204, 1205, 1257, 1308, 1359, 1409], 1206: [1155, 1206, 1258, 1309, 1360], 1208: [1107, 1157, 1208, 1209, 1260, 1261, 1311, 1312], 1210: [1109, 1159, 1210, 1262, 1313, 1314, 1364, 1365], 1212: [1014, 1062, 1111, 1161, 1212, 1264, 1315, 1366], 1253: [1150, 1201, 1252, 1253, 1254, 1304, 1305, 1355], 1358: [1256, 1307, 1356, 1357, 1358, 1406, 1407, 1408], 1361: [1259, 1310, 1361, 1362, 1363, 1410, 1411, 1412]}
{884: [747, 792, 837, 838, 883, 884, 930, 977], 885: [748, 793, 839, 885], 928: [836, 881, 882, 927, 928, 974, 975, 1022], 932: [749, 794, 840, 886, 932, 979, 1027, 1075], 933: [750, 795, 841, 887, 933, 980, 1028, 1076], 934: [751, 796, 842, 888, 934, 981, 1029, 1077], 935: [752, 797, 843, 889, 935, 982, 1030, 1078], 936: [753, 798, 844, 890, 936, 983, 1031, 1079], 937: [754, 799, 845, 891, 937, 984, 1032, 1080], 1024: [929, 976, 1023, 1024, 1072, 1121, 1171, 1222], 1026: [978, 1025, 1026, 1073, 1074, 1122, 1123, 1124], 1120: [1070, 1071, 1119, 1120, 1169, 1170, 1220, 1221], 1126: [1125, 1126, 1127, 1128, 1176, 1177, 1227, 1228], 1173: [1172, 1173, 1174, 1175, 1223, 1224, 1225, 1226]}
{1282: [1129, 1178, 1179, 1229, 1230, 1281, 1282, 1332], 1287: [1184, 1235, 1287], 1290: [1187, 1188, 1238, 1239, 1290, 1291, 1341, 1342], 1292: [1189, 1190, 1240, 1241, 1292, 1293, 1343, 1344], 1334: [1130, 1180, 1231, 1283, 1333, 1334, 1384, 1385], 1335: [1131, 1181, 1232, 1284, 1335, 1386, 1436, 1486], 1336: [1132, 1182, 1233, 1285, 1336, 1387, 1437, 1487], 1337: [1133, 1183, 1234, 1286, 1337, 1388], 1339: [1185, 1236, 1288, 1339, 1390, 1440], 1340: [1186, 1237, 1289, 1340, 1391, 1392, 1441, 1442], 1439: [1389, 1439, 1489, 1539, 1588], 1443: [1393, 1394, 1443, 1444, 1493, 1494, 1543, 1544], 1485: [1434, 1435, 1484, 1485, 1534, 1535, 1583, 1584], 1490: [1490, 1491, 1492, 1540, 1541, 1542, 1589, 1590], 1538: [1438, 1488, 1536, 1537, 1538, 1585, 1586, 1587]}
{1428: [1276, 1327, 1378, 1428], 1474: [1272, 1323, 1374, 1424, 1474, 1524, 1573], 1475: [1273, 1324, 1375, 1425, 1475, 1525, 1574, 1623], 1476: [1274, 1325, 1376, 1426, 1476, 1526, 1575, 1624], 1477: [1275, 1326, 1377, 1427, 1477, 1527, 1576, 1625], 1479: [1277, 1328, 1379, 1429, 1479, 1529, 1578, 1627], 1480: [1278, 1329, 1380, 1430, 1480, 1530, 1579], 1481: [1279, 1330, 1381, 1431, 1481, 1531, 1580, 1629], 1482: [1280, 1331, 1382, 1432, 1482, 1532, 1581, 1630], 1483: [1383, 1433, 1483, 1533, 1582, 1631, 1679, 1727], 1528: [1528, 1577, 1626], 1676: [1628, 1675, 1676, 1677, 1724, 1725, 1771, 1817], 1721: [1672, 1673, 1720, 1721, 1767, 1768, 1813, 1814], 1722: [1674, 1722, 1723, 1769, 1770, 1815, 1816], 1773: [1678, 1726, 1772, 1773, 1774, 1818, 1819, 1820]}
{81: [33, 55, 56, 80, 81, 82, 107, 108], 110: [34, 57, 83, 84, 109, 110, 111, 138], 163: [79, 106, 133, 134, 162, 163, 193, 194], 227: [136, 165, 196, 227], 256: [192, 223, 255, 256, 289, 290, 324, 325], 258: [224, 225, 257, 258, 291, 292, 326, 327], 259: [135, 164, 195, 226, 259, 293, 294, 328], 261: [137, 166, 197, 228, 261, 295, 330, 366], 262: [167, 198, 229, 262, 296, 331, 367, 405], 263: [139, 168, 199, 230, 263, 297, 332, 368], 359: [323, 359, 360, 396, 397, 434, 435, 436], 400: [361, 362, 398, 399, 400, 437, 438, 478], 402: [363, 364, 401, 402, 439, 440, 479, 480], 403: [329, 365, 403, 404, 441, 442, 481, 482]}
{1298: [1246, 1247, 1248, 1298, 1299, 1300, 1349, 1400], 1302: [1199, 1200, 1249, 1250, 1251, 1301, 1302, 1303], 1346: [1242, 1243, 1294, 1295, 1345, 1346, 1396, 1397], 1348: [1244, 1245, 1296, 1297, 1347, 1348, 1399, 1449], 1495: [1395, 1445, 1446, 1495, 1545, 1594, 1643, 1691], 1498: [1398, 1447, 1448, 1496, 1497, 1498, 1548, 1597], 1500: [1450, 1500, 1550, 1599, 1648, 1696], 1501: [1350, 1401, 1451, 1501, 1551, 1600, 1649, 1697], 1502: [1351, 1402, 1452, 1502, 1552, 1601, 1650, 1698], 1503: [1352, 1403, 1453, 1503, 1553, 1602, 1651, 1699], 1504: [1353, 1404, 1454, 1504, 1554, 1603, 1652, 1700], 1505: [1354, 1405, 1455, 1505, 1555, 1604, 1653, 1701], 1596: [1546, 1547, 1595, 1596, 1644, 1645, 1692, 1693], 1598: [1549, 1598, 1646, 1647, 1694, 1695]}
{515: [473, 474, 475, 476, 514, 515, 516, 517], 644: [558, 601, 644], 686: [556, 599, 642, 685, 686, 730, 775, 821], 687: [557, 600, 643, 687, 731, 776, 822], 689: [559, 602, 645, 689, 733, 778, 824], 690: [560, 603, 646, 690, 734, 779, 825, 871], 691: [477, 518, 561, 604, 647, 691, 735, 780], 692: [519, 562, 605, 648, 692, 736, 781, 827], 693: [520, 563, 606, 649, 693, 737, 782, 828], 694: [521, 564, 607, 650, 694, 738, 783, 829], 695: [522, 565, 608, 651, 695, 739, 784, 830], 732: [732, 777, 823], 820: [729, 774, 819, 820, 865, 866, 911, 912], 869: [867, 868, 869, 870, 913, 914, 915, 916], 872: [826, 872, 873, 874, 875, 917, 918, 919]}
{373: [336, 337, 338, 339, 372, 373, 374, 375], 409: [334, 335, 370, 371, 408, 409, 447, 487], 445: [333, 369, 406, 407, 444, 445, 485, 526], 449: [410, 411, 412, 448, 449, 450, 489, 530], 567: [523, 524, 566, 567, 609, 610, 652, 653], 568: [443, 483, 484, 525, 568, 611, 654, 698], 570: [446, 486, 527, 569, 570, 612, 613, 656], 572: [488, 528, 529, 571, 572, 614, 615, 658], 574: [490, 531, 574, 617, 660, 704], 575: [413, 451, 491, 532, 575, 618, 661, 705], 659: [616, 659, 702, 703, 746, 791], 701: [657, 700, 701, 744, 745, 789, 790, 835], 741: [696, 697, 740, 741, 785, 786, 831, 832], 743: [655, 699, 742, 743, 787, 788, 833, 834]}
{766: [677, 678, 721, 722, 765, 766, 767, 811], 770: [682, 683, 726, 727, 770, 771, 815, 816], 813: [679, 680, 723, 724, 768, 812, 813, 859], 817: [684, 728, 772, 773, 817, 818, 863, 909], 860: [681, 725, 769, 814, 860, 861, 906, 952], 995: [810, 856, 902, 948, 995, 1043, 1091, 1140], 996: [857, 903, 949, 996, 1044, 1092, 1141, 1191], 997: [858, 904, 950, 997, 1045, 1093, 1142, 1192], 998: [905, 951, 998, 1046, 1094, 1143], 1000: [907, 953, 1000, 1048, 1096, 1145], 1001: [862, 908, 954, 955, 1001, 1002, 1049, 1097], 1003: [864, 910, 956, 1003, 1004, 1051, 1052, 1099], 1098: [1050, 1098, 1100, 1147, 1148, 1149, 1197, 1198], 1144: [1047, 1095, 1144, 1146, 1193, 1194, 1195, 1196]}
