The optimal value is 558924.6434
Service ways: {38, 8, 49, 18, 27}
Inverters: 1817 1218 2470 1121 1774 1027 351 1753 1947 1743 2346 732 1154 2168 547 530 472 653 96 1512 117 1198 2233 2515 
Cable routing:
{1550: [1493, 1494, 1495, 1549, 1550, 1551, 1605, 1606], 1600: [1543, 1544, 1545, 1546, 1598, 1599, 1600, 1654], 1651: [1541, 1542, 1596, 1597, 1650, 1651, 1704, 1705], 1656: [1547, 1548, 1602, 1603, 1604, 1656, 1657, 1710], 1763: [1601, 1655, 1709, 1763, 1764], 1813: [1758, 1759, 1812, 1813, 1867, 1921, 1975, 2027], 1814: [1652, 1706, 1760, 1814, 1868, 1922, 1976, 2028], 1815: [1653, 1707, 1761, 1815, 1869, 1923, 1977, 2029], 1816: [1708, 1762, 1816, 1870, 1924, 1978, 2030], 1819: [1711, 1765, 1818, 1819, 1873, 1927, 1981, 2033], 1820: [1658, 1712, 1766, 1820, 1874, 1928, 1982, 2034], 1821: [1659, 1713, 1767, 1821, 1875, 1929, 1983, 2035], 1822: [1660, 1714, 1768, 1822, 1876, 1930, 1984, 2036], 1925: [1871, 1872, 1925, 1926, 1979, 1980, 2031, 2032]}
{954: [901, 902, 903, 953, 954, 955, 1005, 1006], 1004: [899, 900, 951, 952, 1003, 1004, 1056, 1109], 1008: [904, 905, 956, 957, 1007, 1008, 1009, 1060], 1160: [898, 950, 1002, 1054, 1107, 1160, 1213, 1214], 1164: [1057, 1058, 1111, 1164], 1215: [1055, 1108, 1161, 1215, 1267, 1268, 1269, 1323], 1217: [1110, 1162, 1163, 1216, 1217, 1271, 1325, 1379], 1219: [1059, 1112, 1165, 1219, 1272, 1273, 1327, 1381], 1220: [1113, 1166, 1220, 1274, 1328, 1382, 1437, 1492], 1221: [1061, 1114, 1167, 1221, 1275, 1329, 1383, 1438], 1222: [1062, 1115, 1168, 1222, 1276, 1330, 1384, 1439], 1376: [1321, 1322, 1375, 1376, 1430, 1431, 1485, 1486], 1378: [1270, 1324, 1377, 1378, 1432, 1433, 1487, 1488], 1435: [1326, 1380, 1434, 1435, 1436, 1489, 1490, 1491]}
{2288: [2243, 2244, 2245, 2246, 2287, 2288, 2289, 2290], 2333: [2248, 2249, 2292, 2293, 2333, 2334, 2372, 2373], 2407: [2247, 2291, 2332, 2371, 2407, 2408, 2441, 2473], 2438: [2329, 2368, 2404, 2438], 2468: [2286, 2327, 2366, 2402, 2436, 2467, 2468, 2497], 2469: [2328, 2367, 2403, 2437, 2469, 2498, 2524, 2525], 2471: [2330, 2369, 2405, 2439, 2471, 2500, 2527, 2551], 2472: [2331, 2370, 2406, 2440, 2472, 2501, 2528, 2552], 2474: [2409, 2442, 2443, 2474, 2475, 2503, 2504, 2530], 2547: [2496, 2523, 2547, 2548, 2568, 2587, 2603, 2610], 2550: [2499, 2526, 2549, 2550, 2571, 2590, 2606, 2613], 2553: [2502, 2529, 2553, 2554, 2574, 2575, 2593, 2609], 2589: [2569, 2570, 2588, 2589, 2604, 2605, 2611, 2612], 2591: [2572, 2573, 2591, 2592, 2607, 2608, 2614, 2615]}
{912: [860, 861, 862, 911, 912, 913, 964, 1016], 960: [857, 906, 907, 908, 958, 960, 1012, 1064], 962: [858, 859, 909, 910, 961, 962, 1014, 1066], 966: [863, 864, 914, 915, 966, 967, 1018, 1019], 1116: [959, 1010, 1011, 1063, 1116, 1169, 1223, 1277], 1118: [1013, 1065, 1117, 1118, 1170, 1171, 1225, 1279], 1120: [963, 1015, 1067, 1119, 1120, 1172, 1173, 1227], 1122: [965, 1017, 1068, 1069, 1122, 1175, 1229, 1283], 1123: [1070, 1071, 1123, 1124, 1176, 1230, 1284, 1338], 1174: [1174, 1228, 1281, 1282], 1285: [1177, 1231, 1285, 1286, 1339, 1340, 1393, 1394], 1332: [1224, 1278, 1331, 1332, 1385, 1386, 1440, 1441], 1334: [1226, 1280, 1333, 1334, 1387, 1388, 1442, 1443], 1336: [1335, 1336, 1337, 1389, 1390, 1391, 1392, 1444]}
{1554: [1496, 1497, 1498, 1499, 1552, 1553, 1554, 1555], 1557: [1445, 1446, 1500, 1501, 1556, 1557, 1612, 1666], 1558: [1447, 1448, 1502, 1503, 1558, 1559, 1613, 1614], 1669: [1449, 1504, 1560, 1615, 1616, 1669, 1670, 1723], 1769: [1607, 1661, 1715, 1769, 1823, 1877, 1931, 1985], 1770: [1608, 1662, 1716, 1770, 1824, 1878, 1932, 1986], 1771: [1609, 1663, 1717, 1771, 1825, 1879, 1933, 1987], 1772: [1610, 1664, 1718, 1772, 1826, 1880, 1934, 1988], 1773: [1611, 1665, 1719, 1773, 1827, 1881, 1935, 1989], 1775: [1667, 1720, 1721, 1775, 1829, 1883, 1937, 1991], 1776: [1668, 1722, 1776, 1777, 1830, 1884, 1938, 1992], 1778: [1724, 1725, 1778, 1779, 1832, 1833, 1886, 1887], 1828: [1828, 1882, 1936, 1990], 1939: [1831, 1885, 1939, 1940, 1941, 1993, 1994, 1995]}
{872: [772, 773, 821, 822, 823, 872, 923, 975], 874: [774, 775, 824, 825, 874, 875, 925, 977], 1020: [865, 916, 968, 1020, 1072, 1125, 1178, 1232], 1021: [866, 917, 969, 1021, 1073, 1126, 1179, 1233], 1022: [867, 918, 970, 1022, 1074, 1127, 1180, 1234], 1023: [868, 919, 971, 1023, 1075, 1128, 1181, 1235], 1024: [869, 920, 972, 1024, 1076, 1129, 1182, 1236], 1025: [870, 921, 973, 1025, 1077, 1130, 1183, 1237], 1026: [871, 922, 974, 1026, 1078, 1131, 1184, 1238], 1028: [873, 924, 976, 1028, 1080, 1133, 1186, 1240], 1030: [926, 927, 978, 979, 1030, 1031, 1082, 1083], 1079: [1079, 1132, 1185, 1239], 1134: [1029, 1081, 1134, 1135, 1187, 1188, 1241, 1242], 1136: [1084, 1136, 1137, 1189, 1190, 1243, 1244, 1245]}
{176: [138, 139, 140, 175, 176, 177, 178, 218], 179: [105, 106, 141, 142, 179, 180, 181, 223], 305: [215, 260, 305], 347: [255, 256, 300, 301, 346, 347, 392, 393], 349: [257, 258, 302, 303, 349, 395, 441, 488], 350: [213, 214, 259, 304, 350, 396, 442, 489], 352: [174, 216, 261, 306, 352, 398, 444, 491], 353: [217, 262, 307, 353, 399, 445, 492], 354: [263, 308, 354, 400, 446, 493, 540], 355: [219, 264, 309, 355, 401, 447, 494, 541], 356: [220, 265, 310, 356, 402, 448, 495, 542], 357: [221, 266, 311, 357, 403, 449, 496, 543], 358: [222, 267, 312, 358, 404, 450, 497, 544], 397: [397, 443, 490], 440: [348, 394, 438, 439, 440, 485, 486, 487]}
{1532: [1474, 1475, 1476, 1477, 1530, 1531, 1532, 1533], 1536: [1478, 1479, 1480, 1534, 1535, 1536, 1537, 1591], 1648: [1539, 1540, 1594, 1595, 1648, 1649, 1702, 1703], 1699: [1645, 1699], 1747: [1585, 1639, 1693, 1747, 1801, 1855, 1909, 1963], 1748: [1586, 1640, 1694, 1748, 1802, 1856, 1910, 1964], 1749: [1587, 1641, 1695, 1749, 1803, 1857, 1911, 1965], 1750: [1588, 1642, 1696, 1750, 1804, 1858, 1912, 1966], 1751: [1589, 1643, 1697, 1751, 1805, 1859, 1913, 1967], 1752: [1590, 1644, 1698, 1752, 1806, 1860, 1914, 1968], 1754: [1592, 1646, 1700, 1754, 1808, 1862], 1755: [1538, 1593, 1647, 1701, 1755, 1756, 1809, 1810], 1807: [1807, 1861, 1915, 1969], 1865: [1757, 1811, 1865, 1866, 1919, 1920, 1973, 1974], 1917: [1863, 1864, 1916, 1917, 1918, 1970, 1971, 1972]}
{1785: [1730, 1731, 1732, 1784, 1785, 1786, 1839, 1893], 1837: [1728, 1729, 1782, 1783, 1836, 1837, 1890, 1891], 1942: [1726, 1780, 1834, 1888, 1942, 1996, 2048], 1943: [1727, 1781, 1835, 1889, 1943, 1944, 1997, 2049], 1946: [1838, 1892, 1945, 1946, 2000, 2001, 2052, 2103], 1948: [1840, 1894, 1948, 2002, 2054, 2105], 1949: [1733, 1787, 1841, 1895, 1949, 2003, 2055, 2106], 1950: [1734, 1788, 1842, 1896, 1950, 2004, 2056], 1951: [1735, 1789, 1843, 1897, 1951, 2005, 2057, 2108], 1952: [1790, 1844, 1898, 1952, 2006, 2058, 2109, 2157], 1953: [1736, 1737, 1791, 1845, 1899, 1953, 2007, 2059], 2051: [1998, 1999, 2050, 2051, 2102, 2150, 2197, 2242], 2152: [2053, 2104, 2151, 2152, 2153, 2198, 2199, 2200], 2155: [2107, 2154, 2155, 2156, 2201, 2202, 2203, 2204]}
{1576: [1464, 1465, 1520, 1521, 1575, 1576, 1630, 1684], 1578: [1466, 1467, 1522, 1523, 1577, 1578, 1632, 1686], 1580: [1468, 1469, 1524, 1525, 1579, 1580, 1634, 1688], 1581: [1470, 1471, 1526, 1527, 1581, 1582, 1635, 1689], 1739: [1631, 1685, 1738, 1739, 1792, 1793, 1846, 1847], 1741: [1633, 1687, 1740, 1741, 1794, 1795, 1849, 1903], 1744: [1636, 1690, 1744, 1798, 1852, 1906, 1960], 1745: [1472, 1528, 1583, 1637, 1691, 1745, 1799, 1853], 1746: [1473, 1529, 1584, 1638, 1692, 1746, 1800, 1854], 1797: [1742, 1796, 1797, 1851, 1905], 1902: [1848, 1900, 1901, 1902, 1954, 1955, 1956, 2008], 1958: [1850, 1904, 1957, 1958, 2009, 2010, 2060, 2061], 1961: [1907, 1908, 1961, 1962, 2013, 2064, 2112, 2159], 2011: [1959, 2011, 2012, 2062, 2063, 2110, 2111, 2158]}
{2129: [2079, 2080, 2081, 2082, 2127, 2128, 2129, 2176], 2178: [2083, 2084, 2131, 2132, 2178, 2179, 2223, 2267], 2180: [2085, 2086, 2087, 2133, 2134, 2180, 2225, 2269], 2307: [2130, 2177, 2222, 2266, 2307, 2308], 2343: [2174, 2219, 2263, 2304, 2343, 2379, 2413, 2445], 2344: [2175, 2220, 2264, 2305, 2344, 2380, 2414, 2446], 2345: [2221, 2265, 2306, 2345, 2381, 2415, 2447, 2476], 2348: [2224, 2268, 2309, 2310, 2348, 2349, 2384, 2385], 2350: [2181, 2226, 2270, 2311, 2350, 2386, 2420, 2452], 2351: [2135, 2182, 2227, 2271, 2312, 2351, 2387, 2388], 2382: [2347, 2382, 2383, 2416, 2448, 2477], 2449: [2417, 2418, 2449, 2450, 2478, 2479, 2505, 2506], 2453: [2421, 2422, 2453, 2454, 2482, 2483, 2509, 2533], 2480: [2419, 2451, 2480, 2481, 2507, 2508, 2531, 2532]}
{635: [538, 539, 586, 587, 588, 635, 636, 637], 683: [537, 585, 634, 683], 687: [589, 590, 638, 639, 687, 688, 736, 786], 726: [579, 628, 677, 726, 776, 826, 877], 727: [532, 580, 629, 678, 727, 777, 827, 878], 728: [533, 581, 630, 679, 728, 778, 828, 879], 729: [534, 582, 631, 680, 729, 779, 829, 880], 730: [535, 583, 632, 681, 730, 780, 830, 881], 731: [536, 584, 633, 682, 731, 781, 831, 882], 733: [684, 733, 783, 833, 884, 936], 734: [685, 686, 734, 735, 784, 834, 885, 937], 738: [591, 640, 689, 737, 738, 787, 788, 838], 739: [592, 641, 690, 739, 789, 839, 889, 890], 782: [782, 832, 883], 835: [785, 835, 836, 837, 886, 887, 888, 938]}
{1052: [948, 949, 1000, 1001, 1052, 1053, 1105, 1106], 1101: [944, 996, 1048, 1101], 1149: [939, 991, 1043, 1096, 1149, 1203, 1257, 1311], 1150: [940, 992, 1044, 1097, 1150, 1204, 1258, 1312], 1151: [941, 993, 1045, 1098, 1151, 1205, 1259, 1313], 1152: [942, 994, 1046, 1099, 1152, 1206, 1260, 1314], 1153: [943, 995, 1047, 1100, 1153, 1207, 1261, 1315], 1155: [945, 997, 1049, 1102, 1155, 1209, 1263, 1317], 1156: [946, 998, 1050, 1103, 1156, 1210, 1264, 1318], 1157: [947, 999, 1051, 1104, 1157, 1211, 1265, 1319], 1212: [1158, 1159, 1212, 1266, 1320, 1374, 1429, 1484], 1316: [1208, 1262, 1316, 1369, 1370, 1371, 1424, 1425], 1367: [1365, 1366, 1367, 1368, 1420, 1421, 1422, 1423], 1427: [1372, 1373, 1426, 1427, 1428, 1481, 1482, 1483]}
{2114: [2014, 2015, 2065, 2066, 2113, 2114, 2160, 2205], 2121: [2022, 2073, 2121], 2162: [2016, 2067, 2115, 2161, 2162, 2206, 2250, 2251], 2163: [2017, 2068, 2116, 2163, 2207, 2208, 2252], 2164: [2018, 2069, 2117, 2164, 2209, 2253, 2294], 2165: [2019, 2070, 2118, 2165, 2210, 2254, 2295], 2166: [2020, 2071, 2119, 2166, 2211, 2255, 2296, 2335], 2167: [2021, 2072, 2120, 2167, 2212, 2256], 2169: [2023, 2074, 2122, 2169, 2214, 2258, 2299], 2170: [2024, 2075, 2123, 2170, 2215, 2259, 2300, 2339], 2171: [2025, 2076, 2124, 2171, 2216, 2260, 2301], 2172: [2026, 2077, 2125, 2172, 2217, 2261, 2302, 2341], 2173: [2078, 2126, 2173, 2218, 2262, 2303, 2342, 2378], 2298: [2213, 2257, 2297, 2298, 2336, 2337, 2338, 2374], 2376: [2340, 2375, 2376, 2377, 2410, 2411, 2412, 2444]}
{315: [268, 269, 270, 271, 313, 314, 315, 316], 363: [272, 273, 317, 318, 363, 364, 409, 455], 365: [274, 275, 319, 320, 365, 366, 411, 457], 453: [360, 361, 362, 407, 453, 500], 545: [359, 405, 451, 498, 545, 593, 642, 691], 546: [406, 452, 499, 546, 594, 643], 548: [408, 454, 501, 502, 548, 549, 596, 597], 550: [410, 456, 503, 504, 550, 598, 647, 696], 552: [412, 458, 505, 551, 552, 600, 649, 698], 693: [595, 644, 692, 693, 742, 792, 842, 893], 694: [645, 646, 694, 695, 743, 793, 843, 894], 697: [599, 648, 697, 746, 747, 796, 846, 897], 791: [740, 741, 790, 791, 840, 841, 891, 892], 794: [744, 745, 794, 795, 844, 845, 895, 896]}
{298: [210, 211, 252, 253, 297, 298, 342, 343], 340: [250, 293, 294, 295, 339, 340, 385, 386], 390: [212, 254, 299, 344, 389, 390, 435, 436], 433: [251, 296, 341, 387, 431, 432, 433, 479], 483: [345, 391, 437, 483, 484], 523: [338, 384, 430, 476, 523, 570, 618, 667], 525: [477, 478, 524, 525, 571, 572, 620, 669], 527: [388, 434, 480, 526, 527, 573, 574, 622], 529: [481, 482, 528, 529, 575, 576, 623, 624], 626: [531, 578, 626, 627, 675, 676, 724, 725], 674: [577, 625, 673, 674, 722, 723, 771], 717: [619, 668, 716, 717, 765, 766, 815, 816], 719: [621, 670, 718, 719, 767, 768, 817, 818], 721: [671, 672, 720, 721, 769, 770, 819, 820]}
{285: [238, 239, 240, 283, 284, 285, 330, 376], 378: [286, 287, 331, 332, 377, 378, 424, 470], 421: [328, 329, 374, 375, 420, 421, 466, 467], 426: [289, 334, 380, 426], 469: [422, 423, 468, 469, 515, 516, 562, 563], 471: [288, 333, 379, 425, 471, 517, 518, 565], 473: [290, 335, 381, 427, 473, 520, 567, 615], 474: [291, 336, 382, 428, 474, 521, 568, 616], 475: [292, 337, 383, 429, 475, 522, 569, 617], 612: [564, 610, 611, 612, 661, 710, 759, 809], 614: [519, 566, 613, 614, 662, 663, 664, 712], 709: [659, 660, 708, 709, 757, 758, 807, 808], 714: [665, 666, 714, 715, 763, 764, 813, 814], 761: [711, 713, 760, 761, 762, 810, 811, 812]}
{369: [277, 278, 322, 323, 368, 369, 414, 415], 372: [281, 282, 326, 327, 372, 373, 418, 419], 459: [276, 321, 367, 413, 459, 460, 506, 553], 462: [279, 324, 370, 416, 461, 462, 509, 556], 463: [280, 325, 371, 417, 463, 464, 465, 510], 651: [507, 554, 602, 651, 700, 749, 799, 849], 652: [508, 555, 603, 652, 701, 750, 800, 850], 654: [557, 604, 605, 654, 703, 752, 802, 852], 655: [511, 558, 606, 655, 704, 753, 803, 853], 656: [512, 559, 607, 656, 705, 754, 804, 854], 657: [513, 560, 608, 657, 706, 755, 805, 855], 658: [514, 561, 609, 658, 707, 756, 806, 856], 699: [601, 650, 699, 748, 797, 798, 847, 848], 702: [702, 751, 801, 851]}
{66: [14, 39, 66], 90: [8, 33, 60, 90, 123, 159, 197], 91: [9, 34, 61, 91, 124, 160, 198], 92: [10, 35, 62, 92, 125, 161, 199, 241], 93: [11, 36, 63, 93, 126, 162, 200, 242], 94: [12, 37, 64, 94, 127, 163, 201, 243], 95: [13, 38, 65, 95, 128, 164, 202, 244], 97: [15, 40, 67, 97, 130, 166, 204, 246], 98: [16, 41, 68, 98, 131, 167, 205, 247], 99: [17, 42, 69, 99, 132, 168, 206, 248], 100: [18, 43, 70, 100, 133, 169, 207, 249], 101: [19, 44, 71, 101, 134, 170, 208], 102: [20, 45, 72, 102, 135, 136, 171, 209], 103: [21, 46, 73, 103, 104, 137, 172, 173], 129: [129, 165, 203, 245]}
{1457: [1294, 1348, 1402, 1457], 1505: [1287, 1341, 1395, 1450, 1505, 1561], 1506: [1288, 1342, 1396, 1451, 1506, 1562, 1617, 1671], 1507: [1289, 1343, 1397, 1452, 1507, 1563, 1618, 1672], 1508: [1290, 1344, 1398, 1453, 1508, 1564, 1619, 1673], 1509: [1291, 1345, 1399, 1454, 1509, 1565, 1620, 1674], 1510: [1292, 1346, 1400, 1455, 1510, 1566, 1621, 1675], 1511: [1293, 1347, 1401, 1456, 1511, 1567, 1622, 1676], 1513: [1295, 1349, 1403, 1458, 1513, 1569, 1624, 1678], 1514: [1296, 1350, 1404, 1459, 1514, 1570, 1625, 1679], 1515: [1297, 1351, 1405, 1460, 1515, 1571, 1626, 1680], 1516: [1298, 1352, 1406, 1461, 1516, 1572, 1627, 1681], 1517: [1299, 1353, 1407, 1462, 1517, 1573, 1628, 1682], 1518: [1408, 1463, 1518, 1519, 1574, 1629, 1683], 1568: [1568, 1623, 1677]}
{84: [2, 27, 54, 84], 108: [74, 75, 107, 108, 143, 144, 182, 224], 110: [47, 76, 77, 109, 110, 145, 146, 184], 112: [22, 48, 49, 79, 112, 148, 186, 228], 113: [23, 50, 80, 113, 149, 187, 229], 114: [24, 51, 81, 114, 150, 188, 230], 115: [0, 25, 52, 82, 115, 151, 189, 231], 116: [1, 26, 53, 83, 116, 152, 190, 232], 118: [3, 28, 55, 85, 118, 154, 192, 234], 119: [4, 29, 56, 86, 119, 155, 193, 235], 120: [5, 30, 57, 87, 120, 156, 194, 236], 121: [6, 31, 58, 88, 121, 157, 195, 237], 122: [7, 32, 59, 89, 122, 158, 196], 147: [78, 111, 147, 183, 185, 225, 226, 227], 153: [153, 191, 233]}
{981: [876, 928, 929, 930, 980, 981, 982, 1032], 985: [931, 932, 933, 934, 983, 984, 985, 1037], 1039: [935, 987, 988, 989, 1039, 1040, 1041, 1092], 1144: [986, 1038, 1091, 1144, 1145], 1192: [1085, 1138, 1191, 1192, 1246, 1300, 1354, 1409], 1193: [1033, 1086, 1139, 1193, 1247, 1301, 1355, 1410], 1194: [1034, 1087, 1140, 1194, 1248, 1302, 1356, 1411], 1195: [1035, 1088, 1141, 1195, 1249, 1303, 1357, 1412], 1196: [1036, 1089, 1142, 1196, 1250, 1304, 1358, 1413], 1197: [1090, 1143, 1197, 1251, 1305, 1359, 1414], 1200: [1093, 1146, 1199, 1200, 1254, 1308, 1362, 1417], 1201: [1094, 1147, 1201, 1255, 1309, 1363, 1418, 1419], 1202: [990, 1042, 1095, 1148, 1202, 1256, 1310, 1364], 1306: [1252, 1253, 1306, 1307, 1360, 1361, 1415, 1416]}
{2188: [2042, 2093, 2141, 2188], 2228: [2037, 2088, 2136, 2183, 2228, 2272, 2313, 2352], 2229: [2038, 2089, 2137, 2184, 2229, 2273, 2314, 2353], 2230: [2039, 2090, 2138, 2185, 2230, 2274, 2315, 2354], 2231: [2040, 2091, 2139, 2186, 2231, 2275, 2316, 2355], 2232: [2041, 2092, 2140, 2187, 2232, 2276, 2317, 2356], 2234: [2043, 2094, 2142, 2189, 2234, 2278, 2319, 2358], 2235: [2044, 2095, 2143, 2190, 2235, 2279, 2320, 2359], 2236: [2045, 2096, 2144, 2191, 2236, 2280, 2321, 2360], 2237: [2046, 2097, 2145, 2192, 2237, 2281, 2322, 2361], 2238: [2047, 2098, 2146, 2193, 2238, 2282, 2323, 2362], 2239: [2099, 2147, 2194, 2239, 2283, 2324, 2363], 2240: [2100, 2148, 2195, 2240, 2284, 2325, 2364], 2241: [2101, 2149, 2196, 2241, 2285, 2326, 2365], 2277: [2277, 2318, 2357]}
{2431: [2397, 2398, 2399, 2431, 2432, 2433, 2463, 2492], 2459: [2392, 2393, 2394, 2426, 2427, 2458, 2459, 2488], 2466: [2400, 2401, 2434, 2435, 2465, 2466, 2495, 2522], 2486: [2389, 2390, 2391, 2425, 2457, 2486, 2513, 2537], 2511: [2423, 2455, 2484, 2510, 2511, 2534, 2535, 2555], 2512: [2424, 2456, 2485, 2512, 2536, 2556, 2557, 2576], 2516: [2428, 2460, 2489, 2516, 2540, 2561, 2580, 2596], 2517: [2395, 2429, 2461, 2490, 2517, 2541, 2562, 2581], 2518: [2396, 2430, 2462, 2491, 2518, 2519, 2542, 2543], 2520: [2464, 2493, 2494, 2520, 2521, 2544, 2565, 2584], 2538: [2487, 2514, 2538, 2558, 2559, 2577, 2578, 2594], 2539: [2539, 2560, 2579, 2595], 2566: [2545, 2546, 2566, 2567, 2585, 2586, 2601, 2602], 2582: [2563, 2564, 2582, 2583, 2597, 2598, 2599, 2600]}
