The optimal value is 372479.5529
Service ways: {32, 9, 42, 52, 21}
Inverters: 229 1324 1214 1574 1564 1042 635 1031 406 140 915 601 566 1544 195 1001 
Cable routing:
{96: [45, 46, 68, 69, 95, 96, 127, 159], 125: [44, 66, 67, 93, 94, 125, 157, 191], 186: [88, 89, 119, 120, 152, 186, 221, 256], 194: [128, 160, 193, 194], 222: [90, 121, 153, 187, 222, 257, 293, 294], 223: [64, 91, 122, 154, 188, 223, 258, 295], 224: [65, 92, 123, 155, 189, 224, 259, 296], 225: [124, 156, 190, 225, 260, 261, 297, 335], 227: [126, 158, 192, 226, 227, 228, 262, 299], 301: [263, 264, 300, 301, 339, 378, 418, 459], 371: [331, 332, 370, 371, 410, 411, 451, 452], 373: [333, 334, 372, 373, 412, 413, 453, 454], 375: [298, 336, 374, 375, 414, 415, 455, 456], 377: [337, 338, 376, 377, 416, 417, 457, 458]}
{1172: [1121, 1122, 1123, 1124, 1172, 1174, 1223, 1274], 1219: [1116, 1117, 1118, 1167, 1168, 1218, 1219, 1270], 1221: [1119, 1120, 1169, 1170, 1220, 1221, 1271, 1272], 1323: [1171, 1222, 1273, 1321, 1322, 1323, 1372, 1373], 1325: [1173, 1224, 1275, 1325, 1375, 1424, 1470, 1513], 1326: [1225, 1276, 1326, 1376, 1425, 1471, 1514, 1554], 1327: [1125, 1175, 1226, 1277, 1327, 1377, 1426, 1472], 1328: [1126, 1176, 1227, 1278, 1328, 1378, 1427, 1473], 1329: [1127, 1177, 1228, 1279, 1329, 1379, 1428, 1474], 1374: [1374, 1422, 1423, 1469], 1380: [1330, 1331, 1380, 1381, 1429, 1430, 1475, 1476], 1517: [1516, 1517, 1518, 1519, 1557, 1594, 1630, 1663], 1555: [1515, 1555, 1556, 1592, 1593, 1628, 1629, 1662], 1595: [1558, 1559, 1595, 1596, 1631, 1632, 1664, 1665]}
{855: [709, 756, 757, 805, 806, 854, 855, 905], 957: [856, 904, 906, 955, 956, 957, 1009, 1061], 1113: [958, 1010, 1011, 1062, 1112, 1113, 1163, 1164], 1209: [953, 1005, 1057, 1108, 1159, 1209, 1260, 1311], 1210: [954, 1006, 1058, 1109, 1160, 1210, 1261, 1312], 1211: [1007, 1059, 1110, 1161, 1211, 1262, 1313, 1363], 1212: [1008, 1060, 1111, 1162, 1212, 1213, 1263, 1314], 1215: [1063, 1114, 1165, 1215, 1266, 1317], 1216: [1115, 1166, 1216, 1217, 1267, 1268, 1318, 1368], 1316: [1265, 1316, 1366, 1416, 1465, 1511], 1320: [1269, 1319, 1320, 1369, 1370, 1371, 1420, 1421], 1365: [1264, 1315, 1364, 1365, 1415, 1464, 1510, 1553], 1417: [1367, 1417, 1418, 1419, 1466, 1467, 1468, 1512], 1463: [1413, 1414, 1462, 1463, 1508, 1509, 1551, 1552]}
{1398: [1348, 1349, 1350, 1398, 1399, 1400, 1447, 1493], 1444: [1344, 1345, 1394, 1395, 1443, 1444, 1489, 1490], 1445: [1346, 1347, 1396, 1397, 1445, 1446, 1491, 1534], 1570: [1342, 1392, 1441, 1487, 1530, 1570, 1607, 1643], 1571: [1343, 1393, 1442, 1488, 1531, 1571, 1608, 1644], 1573: [1532, 1533, 1572, 1573, 1609, 1610, 1646, 1679], 1575: [1492, 1535, 1575, 1576, 1612, 1613, 1648, 1681], 1577: [1448, 1494, 1536, 1537, 1577, 1614, 1650, 1683], 1578: [1449, 1495, 1538, 1578, 1615, 1616, 1651, 1652], 1611: [1611, 1647, 1680, 1707], 1678: [1645, 1677, 1678, 1704, 1705, 1723, 1724, 1735], 1709: [1649, 1682, 1709, 1710, 1728, 1729, 1739, 1740], 1711: [1684, 1685, 1711, 1712, 1730, 1731, 1741, 1742], 1726: [1706, 1708, 1725, 1726, 1727, 1736, 1737, 1738]}
{1384: [1332, 1333, 1334, 1335, 1382, 1383, 1384, 1385], 1390: [1290, 1291, 1340, 1341, 1390, 1391, 1439, 1485], 1435: [1336, 1337, 1386, 1387, 1435, 1436, 1481, 1524], 1437: [1338, 1339, 1388, 1389, 1437, 1438, 1483, 1526], 1560: [1431, 1477, 1520, 1560, 1597, 1633, 1666, 1693], 1561: [1432, 1478, 1521, 1561, 1598, 1634, 1667, 1694], 1562: [1433, 1479, 1522, 1562, 1599, 1635, 1668, 1695], 1563: [1434, 1480, 1523, 1563, 1600, 1636, 1669, 1696], 1565: [1482, 1525, 1565, 1566, 1602, 1638, 1671, 1698], 1567: [1484, 1527, 1528, 1567, 1568, 1604, 1605, 1640], 1569: [1440, 1486, 1529, 1569, 1606, 1642, 1675, 1676], 1601: [1601, 1637, 1670, 1697], 1672: [1603, 1639, 1672, 1673, 1699, 1700, 1718, 1719], 1701: [1641, 1674, 1701, 1702, 1703, 1720, 1721, 1722]}
{990: [837, 887, 938, 990], 1037: [832, 882, 933, 985, 1037, 1088, 1139, 1189], 1038: [833, 883, 934, 986, 1038, 1089, 1140, 1190], 1039: [834, 884, 935, 987, 1039, 1090, 1141], 1040: [835, 885, 936, 988, 1040, 1091, 1142, 1192], 1041: [836, 886, 937, 989, 1041, 1092, 1143, 1193], 1043: [838, 888, 939, 991, 1043, 1094, 1145, 1195], 1044: [839, 889, 940, 992, 1044, 1095, 1146, 1196], 1045: [840, 890, 941, 993, 1045, 1096, 1147, 1197], 1046: [841, 891, 942, 994, 1046, 1097, 1148, 1198], 1047: [842, 892, 943, 995, 1047, 1098, 1149, 1199], 1093: [1093, 1144], 1242: [1191, 1240, 1241, 1242, 1243, 1292, 1293, 1294], 1245: [1194, 1244, 1245, 1246, 1295, 1296, 1297], 1248: [1247, 1248, 1249, 1250, 1298, 1299, 1300, 1301]}
{539: [493, 494, 495, 537, 538, 539, 583, 629], 589: [501, 502, 545, 589], 592: [504, 505, 548, 549, 592, 593, 638, 639], 594: [506, 507, 550, 551, 594, 595, 640, 641], 628: [581, 582, 627, 628, 673, 674, 720, 721], 630: [540, 584, 630, 675, 676, 722, 723, 772], 631: [496, 497, 541, 585, 631, 677, 724, 773], 632: [498, 542, 586, 632, 678, 725, 774], 633: [499, 543, 587, 633, 679, 726, 775], 634: [500, 544, 588, 634, 680, 727, 776], 636: [503, 546, 547, 590, 636, 682, 729, 778], 642: [508, 552, 596, 642, 687, 688, 735, 784], 681: [681, 728, 777], 683: [591, 637, 683, 684, 730, 731, 779, 780], 732: [685, 686, 732, 733, 734, 781, 782, 783]}
{979: [826, 876, 927, 979], 1026: [821, 871, 922, 974, 1026, 1077, 1128, 1178], 1027: [822, 872, 923, 975, 1027, 1078, 1129, 1179], 1028: [823, 873, 924, 976, 1028, 1079, 1130, 1180], 1029: [824, 874, 925, 977, 1029, 1080, 1131, 1181], 1030: [825, 875, 926, 978, 1030, 1081, 1132, 1182], 1032: [827, 877, 928, 980, 1032, 1083, 1134, 1184], 1033: [828, 878, 929, 981, 1033, 1084, 1135, 1185], 1034: [829, 879, 930, 982, 1034, 1085, 1136], 1035: [830, 880, 931, 983, 1035, 1086, 1137, 1187], 1036: [831, 881, 932, 984, 1036, 1087, 1138, 1188], 1082: [1082, 1133], 1231: [1229, 1230, 1231, 1232, 1280, 1281, 1282, 1283], 1234: [1183, 1233, 1234, 1235, 1284, 1285, 1286], 1237: [1186, 1236, 1237, 1238, 1239, 1287, 1288, 1289]}
{182: [116, 117, 148, 149, 182, 183, 217, 218], 219: [118, 150, 151, 184, 185, 219, 220, 254], 251: [147, 180, 181, 215, 216, 250, 251, 288], 366: [252, 289, 327, 366], 403: [286, 324, 363, 402, 403, 443, 444, 486], 404: [287, 325, 364, 404, 445, 487, 531, 575], 405: [326, 365, 405, 446, 488, 532, 576], 407: [253, 290, 328, 367, 407, 448, 490, 534], 408: [291, 329, 368, 408, 449, 491], 409: [255, 292, 330, 369, 409, 450, 492, 536], 447: [447, 489, 533], 530: [485, 529, 530, 573, 574, 620, 621, 666], 579: [535, 578, 579, 580, 625, 626, 671, 672], 618: [528, 572, 617, 618, 619, 663, 664, 665], 623: [577, 622, 623, 624, 667, 668, 669, 670]}
{23: [2, 3, 10, 11, 22, 23, 38, 39], 24: [0, 4, 5, 12, 13, 24, 25, 40], 37: [1, 8, 9, 20, 21, 36, 37, 56], 42: [14, 26, 27, 41, 42, 43, 61, 84], 109: [59, 82, 109], 136: [55, 78, 105, 136, 168, 202, 237, 272], 137: [79, 106, 137, 169, 203, 238, 273], 138: [57, 80, 107, 138, 170, 204, 239, 274], 139: [58, 81, 108, 139, 171, 205, 240, 275], 141: [60, 83, 110, 141, 173, 207, 242, 277], 142: [111, 142, 174, 208, 243, 278], 143: [62, 85, 112, 143, 175, 209, 244, 279], 144: [63, 86, 113, 144, 176, 210, 245, 280], 145: [87, 114, 115, 145, 146, 177, 178, 179], 172: [172, 206, 241, 276]}
{864: [716, 765, 814, 864], 908: [758, 807, 857, 907, 908, 959, 960, 1012], 909: [710, 759, 808, 858, 909, 961, 1013, 1064], 910: [711, 760, 809, 859, 910, 962, 1014, 1065], 911: [712, 761, 810, 860, 911, 963, 1015, 1066], 912: [713, 762, 811, 861, 912, 964, 1016, 1067], 913: [714, 763, 812, 862, 913, 965, 1017, 1068], 914: [715, 764, 813, 863, 914, 966, 1018, 1069], 916: [717, 766, 815, 865, 916, 968, 1020, 1071], 917: [718, 767, 816, 866, 917, 969, 1021, 1072], 918: [719, 768, 817, 867, 918, 970, 1022, 1073], 919: [769, 818, 868, 919, 971, 1023, 1074], 920: [770, 819, 869, 920, 972, 1024, 1075], 921: [771, 820, 870, 921, 973, 1025, 1076], 967: [967, 1019, 1070]}
{387: [309, 310, 347, 348, 386, 387, 426, 427], 389: [311, 312, 349, 350, 388, 389, 428, 429], 391: [314, 315, 352, 353, 391, 392, 431, 432], 393: [316, 317, 354, 355, 393, 394, 433, 434], 471: [313, 351, 390, 430, 471, 472, 513, 557], 597: [467, 509, 553, 597, 643, 689, 736, 785], 598: [468, 510, 554, 598, 644, 690, 737, 786], 599: [469, 511, 555, 599, 645, 691, 738, 787], 600: [470, 512, 556, 600, 646, 692, 739, 788], 602: [514, 558, 602, 648, 694, 741, 790, 791], 603: [473, 474, 515, 559, 603, 649, 695, 742], 604: [516, 560, 604, 650, 696, 743, 792, 793], 605: [475, 517, 561, 605, 651, 697, 744, 745], 647: [647, 693, 740, 789]}
{282: [211, 212, 246, 247, 281, 282, 318, 319], 358: [213, 248, 283, 320, 356, 357, 358, 396], 398: [214, 249, 284, 321, 359, 397, 398, 438], 399: [285, 322, 323, 360, 361, 399, 400, 439], 482: [362, 401, 441, 442, 482, 483, 524], 522: [480, 522], 562: [395, 435, 476, 518, 562, 606, 652, 698], 563: [436, 477, 519, 563, 607, 653, 699, 746], 564: [437, 478, 520, 564, 608, 654, 700, 747], 565: [479, 521, 565, 609, 655, 701, 748], 567: [440, 481, 523, 567, 611, 657, 703, 750], 570: [484, 525, 526, 569, 570, 614, 660, 706], 610: [610, 656, 702, 749], 612: [568, 612, 613, 658, 659, 704, 705, 751], 615: [527, 571, 615, 616, 661, 662, 707, 708]}
{1451: [1351, 1352, 1401, 1402, 1450, 1451, 1496, 1497], 1501: [1356, 1406, 1455, 1501], 1541: [1353, 1403, 1452, 1498, 1539, 1540, 1541, 1581], 1542: [1354, 1404, 1453, 1499, 1542, 1582, 1618, 1619], 1543: [1355, 1405, 1454, 1500, 1543, 1583, 1620, 1656], 1545: [1357, 1407, 1456, 1502, 1545, 1585, 1622, 1658], 1546: [1358, 1408, 1457, 1503, 1546, 1586, 1623, 1659], 1547: [1359, 1409, 1458, 1504, 1547, 1587, 1624, 1660], 1548: [1360, 1410, 1459, 1505, 1548, 1588, 1625, 1661], 1549: [1361, 1411, 1460, 1506, 1549, 1589, 1626], 1550: [1362, 1412, 1461, 1507, 1550, 1590, 1591, 1627], 1584: [1584, 1621], 1617: [1579, 1580, 1617, 1653, 1686, 1713, 1732, 1743], 1688: [1654, 1655, 1687, 1688, 1714, 1715, 1733, 1734], 1690: [1657, 1689, 1690, 1691, 1692, 1716, 1717]}
{34: [6, 7, 18, 19, 34, 35, 53, 54], 48: [28, 29, 30, 47, 48, 49, 70, 71], 51: [16, 17, 32, 33, 51, 52, 74, 75], 100: [15, 31, 50, 73, 100, 101, 131, 132], 161: [97, 98, 129, 161], 196: [72, 99, 130, 162, 163, 196, 231, 266], 197: [164, 197, 198, 232, 233, 267, 268, 304], 199: [102, 133, 165, 199, 234, 269, 306, 344], 200: [76, 103, 134, 166, 200, 235, 270, 307], 201: [77, 104, 135, 167, 201, 236, 271, 308], 302: [230, 265, 302, 303, 340, 379, 419, 460], 380: [341, 342, 380, 381, 420, 421, 461, 462], 382: [305, 343, 382, 383, 422, 423, 463, 464], 384: [345, 346, 384, 385, 424, 425, 465, 466]}
{852: [754, 755, 803, 804, 852, 853, 902, 903], 949: [799, 848, 898, 949], 996: [794, 843, 893, 944, 996, 1048, 1099, 1150], 997: [795, 844, 894, 945, 997, 1049, 1100, 1151], 998: [796, 845, 895, 946, 998, 1050, 1101, 1152], 999: [797, 846, 896, 947, 999, 1051, 1102, 1153], 1000: [798, 847, 897, 948, 1000, 1052, 1053, 1103], 1002: [800, 849, 899, 950, 1002, 1054, 1105, 1156], 1003: [752, 801, 850, 900, 951, 1003, 1055, 1106], 1004: [753, 802, 851, 901, 952, 1004, 1056, 1107], 1204: [1154, 1202, 1203, 1204, 1254, 1255, 1305, 1306], 1205: [1104, 1155, 1205, 1206, 1256, 1257, 1307, 1308], 1207: [1157, 1158, 1207, 1208, 1258, 1259, 1309, 1310], 1252: [1200, 1201, 1251, 1252, 1253, 1302, 1303, 1304]}
