The optimal value is 529848.9666
Service ways: {35, 8, 45, 17, 55, 26}
Inverters: 73 1253 1768 357 720 1729 1332 768 1322 900 1795 436 709 2193 2292 116 2310 2380 1902 344 1135 1215 1786 
Cable routing:
{27: [0, 1, 10, 11, 27, 28, 48, 49], 50: [2, 3, 12, 13, 29, 50, 75, 101], 54: [16, 17, 33, 34, 54, 55, 79, 105], 69: [6, 23, 44, 69, 95, 122, 151, 181], 70: [7, 24, 45, 70, 96, 123, 152, 182], 71: [8, 25, 46, 71, 97, 124, 153, 183], 72: [9, 26, 47, 72, 98, 125, 154, 184], 76: [30, 51, 76, 102, 129, 158, 188, 189], 77: [4, 14, 31, 52, 77, 103, 130, 159], 78: [5, 15, 32, 53, 78, 104, 131, 160], 81: [18, 35, 56, 80, 81, 107, 134, 163], 99: [99, 126, 155, 185], 127: [74, 100, 127, 128, 156, 157, 186, 187], 132: [106, 132, 133, 161, 162, 190, 191, 192]}
{1075: [989, 990, 1031, 1032, 1074, 1075, 1118, 1161], 1077: [991, 992, 1033, 1034, 1076, 1077, 1119, 1120], 1116: [988, 1030, 1072, 1073, 1115, 1116, 1159, 1203], 1122: [994, 995, 1036, 1037, 1079, 1122, 1165, 1209], 1164: [993, 1035, 1078, 1121, 1163, 1164, 1207, 1208], 1247: [1158, 1202, 1247, 1291, 1336, 1382, 1427, 1473], 1249: [1117, 1160, 1204, 1248, 1249, 1292, 1293, 1338], 1251: [1162, 1205, 1206, 1250, 1251, 1294, 1295, 1340], 1297: [1252, 1296, 1297, 1342], 1385: [1337, 1339, 1383, 1384, 1385, 1430, 1476, 1523], 1387: [1341, 1386, 1387, 1431, 1432, 1477, 1478, 1525], 1475: [1428, 1429, 1474, 1475, 1522, 1569, 1616, 1664], 1568: [1520, 1521, 1567, 1568, 1614, 1615, 1662, 1663], 1571: [1524, 1570, 1571, 1617, 1618, 1665, 1666, 1715]}
{1527: [1433, 1434, 1480, 1481, 1527, 1528, 1574, 1575], 1529: [1435, 1436, 1482, 1483, 1529, 1530, 1576, 1577], 1531: [1437, 1438, 1484, 1485, 1531, 1532, 1578, 1579], 1621: [1479, 1526, 1572, 1573, 1619, 1620, 1621, 1670], 1720: [1622, 1671, 1719, 1720], 1765: [1667, 1668, 1717, 1765, 1813, 1862, 1911, 1959], 1766: [1669, 1718, 1766, 1767, 1814, 1863, 1912, 1960], 1769: [1623, 1672, 1721, 1769, 1817, 1866, 1915, 1963], 1770: [1624, 1673, 1722, 1770, 1818, 1867, 1916, 1964], 1771: [1625, 1674, 1723, 1771, 1819, 1868, 1917, 1965], 1772: [1626, 1675, 1724, 1772, 1820, 1869, 1918, 1966], 1773: [1627, 1676, 1725, 1773, 1821, 1870, 1919, 1967], 1812: [1716, 1764, 1812, 1860, 1861, 1909, 1910, 1958], 1865: [1815, 1816, 1864, 1865, 1913, 1914, 1961, 1962]}
{195: [135, 136, 165, 166, 195, 196, 227, 228], 197: [137, 138, 167, 168, 197, 198, 229, 230], 258: [164, 193, 194, 225, 226, 258, 290, 323], 353: [286, 318, 319, 352, 353, 387, 422, 458], 354: [223, 255, 287, 320, 354, 388, 423, 459], 355: [224, 256, 288, 321, 355, 389, 424], 356: [257, 289, 322, 356, 390, 425, 461, 497], 358: [259, 291, 324, 358, 392, 427, 463, 499], 359: [260, 292, 325, 359, 393, 428, 464, 500], 360: [261, 293, 326, 360, 394, 429, 465, 501], 361: [262, 294, 327, 361, 395, 430, 466, 502], 386: [351, 384, 385, 386, 421, 457, 493, 530], 426: [391, 426, 462, 498, 535], 496: [460, 494, 495, 496, 531, 532, 533, 534]}
{490: [418, 419, 454, 455, 490, 491, 527, 528], 564: [453, 488, 489, 525, 526, 563, 564, 565], 567: [420, 456, 492, 529, 566, 567, 568, 606], 601: [524, 561, 562, 600, 601, 602, 638, 639], 680: [603, 641, 680], 716: [599, 637, 675, 676, 715, 716, 754, 755], 718: [677, 678, 718, 757, 797, 838, 879], 719: [640, 679, 719, 758, 798, 839, 880], 721: [604, 642, 681, 721, 760, 800, 841, 882], 722: [605, 643, 682, 722, 761, 801, 842, 883], 723: [644, 683, 723, 762, 802, 843, 884], 724: [607, 645, 684, 724, 763, 803, 844, 885], 759: [759, 799, 840, 881], 793: [714, 753, 792, 793, 794, 833, 834, 835], 796: [717, 756, 795, 796, 836, 837, 877, 878]}
{1489: [1441, 1442, 1443, 1488, 1489, 1490, 1535, 1536], 1534: [1439, 1440, 1486, 1487, 1533, 1534, 1580, 1581], 1538: [1444, 1445, 1491, 1492, 1537, 1538, 1585, 1633], 1540: [1446, 1493, 1494, 1539, 1540, 1541, 1587, 1635], 1680: [1583, 1584, 1631, 1680], 1726: [1628, 1677, 1726, 1774, 1822, 1871, 1920, 1968], 1727: [1629, 1678, 1727, 1775, 1823, 1872, 1921, 1969], 1728: [1582, 1630, 1679, 1728, 1776, 1777, 1824, 1873], 1730: [1632, 1681, 1682, 1730, 1731, 1778, 1826, 1875], 1732: [1586, 1634, 1683, 1732, 1733, 1780, 1781, 1828], 1734: [1588, 1636, 1684, 1685, 1734, 1782, 1830, 1879], 1876: [1779, 1827, 1876, 1877, 1925, 1926, 1973, 1974], 1923: [1825, 1874, 1922, 1923, 1924, 1970, 1971, 1972], 1927: [1829, 1878, 1927, 1928, 1975, 1976, 2023, 2024]}
{1154: [1110, 1111, 1112, 1153, 1154, 1155, 1198, 1243], 1196: [1108, 1109, 1151, 1152, 1195, 1196, 1240, 1241], 1327: [1149, 1193, 1238, 1282, 1327, 1373, 1418, 1464], 1328: [1150, 1194, 1239, 1283, 1328, 1374, 1419, 1465], 1330: [1284, 1285, 1329, 1330, 1375, 1376, 1421, 1467], 1331: [1197, 1242, 1286, 1331, 1377, 1422], 1333: [1199, 1244, 1287, 1288, 1333, 1379], 1334: [1113, 1156, 1200, 1245, 1289, 1334, 1380, 1425], 1335: [1114, 1157, 1201, 1246, 1290, 1335, 1381, 1426], 1469: [1378, 1423, 1468, 1469, 1516, 1563, 1610, 1658], 1470: [1424, 1470, 1471, 1472, 1517, 1564, 1611, 1659], 1513: [1420, 1466, 1511, 1512, 1513, 1560, 1607, 1655], 1562: [1514, 1515, 1561, 1562, 1608, 1609, 1656, 1657], 1565: [1518, 1519, 1565, 1566, 1612, 1613, 1660, 1661]}
{613: [536, 537, 574, 575, 613, 614, 651, 652], 615: [538, 539, 576, 577, 615, 616, 653, 692], 648: [570, 571, 609, 610, 647, 648, 686, 687], 689: [572, 573, 612, 650, 689, 690, 729, 730], 764: [569, 608, 646, 685, 725, 764, 804, 845], 766: [726, 727, 765, 766, 806, 847, 888, 929], 767: [611, 649, 688, 728, 767, 807, 848, 889], 770: [691, 731, 770, 771, 810, 811, 851, 892], 772: [654, 693, 732, 733, 772, 812, 853, 894], 808: [769, 808, 809, 849], 887: [805, 846, 886, 887, 927, 928, 969, 970], 931: [890, 930, 931, 971, 972, 973, 1014, 1015], 932: [850, 891, 932, 933, 974, 975, 1016, 1017], 934: [852, 893, 934, 935, 976, 977, 1018, 1019]}
{1098: [1011, 1012, 1054, 1055, 1097, 1098, 1140, 1141], 1104: [1060, 1061, 1062, 1103, 1104, 1105, 1147, 1148], 1143: [1013, 1056, 1057, 1099, 1100, 1142, 1143, 1187], 1144: [1058, 1059, 1101, 1102, 1144, 1145, 1146, 1188], 1277: [1233, 1277], 1317: [1183, 1228, 1272, 1317, 1363, 1408, 1454], 1318: [1184, 1229, 1273, 1318, 1364, 1409, 1455, 1502], 1319: [1185, 1230, 1274, 1319, 1365, 1410, 1456, 1503], 1320: [1186, 1231, 1275, 1320, 1366, 1411, 1457, 1504], 1321: [1232, 1276, 1321, 1367, 1412, 1458, 1505], 1323: [1189, 1234, 1278, 1323, 1369, 1414, 1460, 1507], 1324: [1190, 1235, 1279, 1324, 1370, 1415, 1461, 1508], 1325: [1191, 1236, 1280, 1325, 1371, 1416, 1462, 1509], 1326: [1192, 1237, 1281, 1326, 1372, 1417, 1463, 1510], 1368: [1368, 1413, 1459, 1506]}
{699: [659, 660, 661, 698, 699, 700, 739], 735: [655, 656, 694, 695, 734, 735, 773, 774], 737: [657, 658, 696, 697, 736, 737, 738, 776], 741: [662, 663, 701, 702, 740, 741, 742, 780], 859: [778, 818, 859], 895: [813, 854, 895, 936, 978, 1020, 1063, 1106], 896: [814, 855, 896, 937, 979, 1021, 1064, 1107], 897: [775, 815, 856, 897, 938, 980, 1022, 1065], 898: [816, 857, 898, 939, 981, 1023, 1066], 899: [777, 817, 858, 899, 940, 982, 1024, 1067], 901: [779, 819, 860, 901, 942, 984, 1026, 1069], 902: [820, 861, 902, 943, 985, 1027, 1070], 903: [781, 821, 862, 903, 944, 986, 1028, 1071], 904: [743, 782, 822, 863, 904, 945, 987, 1029], 941: [941, 983, 1025, 1068]}
{1601: [1553, 1554, 1555, 1600, 1601, 1602, 1649, 1698], 1647: [1551, 1552, 1598, 1599, 1646, 1647, 1696, 1745], 1651: [1556, 1557, 1603, 1604, 1651, 1652, 1700, 1701], 1653: [1558, 1559, 1605, 1606, 1653, 1654, 1702, 1703], 1792: [1695, 1744, 1792, 1793, 1839, 1840, 1888, 1889], 1794: [1648, 1697, 1746, 1794, 1841, 1842, 1890, 1891], 1796: [1650, 1699, 1747, 1748, 1796, 1844], 1797: [1749, 1750, 1797, 1798, 1845, 1846, 1894, 1943], 1799: [1751, 1752, 1799, 1800, 1847, 1848, 1896, 1945], 1892: [1843, 1892, 1941, 1989, 2037, 2084], 1986: [1937, 1938, 1985, 1986, 2033, 2034, 2080, 2081], 1988: [1939, 1940, 1987, 1988, 2035, 2036, 2082, 2083], 1990: [1893, 1942, 1990, 1991, 2038, 2039, 2085, 2086], 1992: [1895, 1944, 1992, 1993, 2040, 2041, 2087, 2088]}
{371: [304, 305, 337, 338, 371, 372, 373, 405], 401: [300, 333, 367, 401], 403: [302, 303, 335, 336, 369, 403, 438, 474], 431: [295, 328, 362, 396, 431, 467, 503, 540], 432: [296, 329, 363, 397, 432, 468, 504, 541], 433: [297, 330, 364, 398, 433, 469, 505, 542], 434: [298, 331, 365, 399, 434, 470, 506, 543], 435: [299, 332, 366, 400, 435, 471, 507, 544], 437: [301, 334, 368, 402, 437, 472, 473, 509], 439: [370, 404, 439, 440, 475, 476, 511, 512], 441: [406, 407, 441, 442, 477, 478, 513, 514], 547: [510, 546, 547, 548, 585, 586, 624, 625], 580: [578, 579, 580, 581, 617, 618, 619, 620], 583: [508, 545, 582, 583, 584, 621, 622, 623]}
{597: [558, 559, 560, 596, 597, 598, 636, 674], 627: [549, 550, 587, 588, 626, 627, 664, 665], 670: [555, 593, 632, 670], 705: [551, 589, 628, 666, 705, 745, 784, 824], 706: [552, 590, 629, 667, 706, 746, 785, 825], 707: [553, 591, 630, 668, 707, 747, 786, 826], 708: [554, 592, 631, 669, 708, 748, 787, 827], 710: [556, 594, 633, 671, 710, 750], 711: [557, 595, 634, 672, 711, 751, 790, 830], 712: [635, 673, 712, 713, 752, 791, 831, 872], 744: [703, 704, 744, 783, 823, 864, 905, 946], 749: [749, 788], 869: [828, 867, 868, 869, 909, 910, 950, 951], 870: [789, 829, 870, 871, 911, 912, 952, 953], 907: [865, 866, 906, 907, 908, 947, 948, 949]}
{2052: [1957, 2004, 2005, 2006, 2051, 2052, 2097, 2098], 2056: [2009, 2010, 2011, 2056, 2057, 2058, 2102, 2148], 2106: [2013, 2014, 2060, 2061, 2106, 2107, 2152, 2153], 2188: [2142, 2143, 2187, 2188, 2231, 2275, 2276, 2277], 2189: [2144, 2189, 2232, 2233, 2278, 2319], 2190: [2053, 2099, 2145, 2190, 2234, 2279, 2320], 2191: [2007, 2054, 2100, 2146, 2191, 2235, 2280, 2321], 2192: [2008, 2055, 2101, 2147, 2192, 2236, 2281], 2194: [2103, 2104, 2149, 2150, 2194, 2195, 2238, 2283], 2196: [2012, 2059, 2105, 2151, 2196, 2197, 2240, 2285], 2199: [2015, 2062, 2108, 2154, 2198, 2199, 2243, 2288], 2286: [2241, 2242, 2286, 2287, 2327, 2328, 2365, 2399], 2323: [2237, 2282, 2322, 2323, 2324, 2360, 2361, 2362], 2325: [2239, 2284, 2325, 2326, 2363, 2364, 2397, 2398]}
{2065: [2016, 2017, 2018, 2063, 2064, 2065, 2110, 2111], 2068: [2020, 2021, 2022, 2067, 2068, 2069, 2114, 2160], 2158: [2019, 2066, 2112, 2113, 2158, 2159, 2203, 2247], 2162: [2070, 2071, 2116, 2117, 2162, 2163, 2207, 2251], 2289: [2109, 2155, 2200, 2244, 2289, 2330, 2368, 2402], 2290: [2156, 2201, 2245, 2290, 2331, 2369, 2403, 2433], 2291: [2157, 2202, 2246, 2291, 2332, 2370, 2404, 2434], 2293: [2204, 2248, 2293, 2334, 2372, 2406, 2436, 2459], 2294: [2205, 2249, 2294, 2335, 2373, 2407, 2437, 2460], 2295: [2115, 2161, 2206, 2250, 2295, 2296, 2336, 2337], 2297: [2208, 2252, 2297, 2338, 2376, 2410, 2440, 2463], 2333: [2333, 2371, 2405, 2435], 2367: [2329, 2366, 2367, 2400, 2401, 2430, 2431, 2432], 2408: [2374, 2375, 2408, 2409, 2438, 2439, 2461, 2462]}
{89: [38, 63, 89], 110: [57, 82, 83, 108, 109, 110, 139, 169], 112: [58, 59, 84, 85, 111, 112, 141, 171], 114: [36, 60, 61, 86, 87, 113, 114, 143], 115: [37, 62, 88, 115, 144], 117: [39, 64, 90, 117, 146, 176, 206, 238], 118: [19, 40, 65, 91, 118, 147, 177], 119: [20, 41, 66, 92, 119, 148, 178, 208], 120: [21, 42, 67, 93, 120, 149, 179, 209], 121: [22, 43, 68, 94, 121, 150, 180, 210], 175: [145, 175, 205, 237, 269], 200: [140, 170, 199, 200, 231, 232, 263, 264], 202: [142, 172, 201, 202, 233, 234, 265, 266], 204: [173, 174, 203, 204, 235, 236, 267, 268], 239: [207, 239, 240, 241, 270, 271, 272, 273]}
{2225: [2134, 2135, 2180, 2181, 2225, 2226, 2227, 2269], 2265: [2130, 2176, 2221, 2265], 2307: [2127, 2173, 2218, 2262, 2307, 2348], 2308: [2128, 2174, 2219, 2263, 2308, 2349, 2387, 2421], 2309: [2129, 2175, 2220, 2264, 2309, 2350, 2388, 2422], 2311: [2131, 2177, 2222, 2266, 2311, 2352, 2390, 2424], 2312: [2132, 2178, 2223, 2267, 2312, 2353, 2391], 2313: [2133, 2179, 2224, 2268, 2313, 2314, 2354, 2392], 2315: [2270, 2315, 2316, 2356, 2357, 2394, 2395, 2429], 2317: [2271, 2272, 2273, 2317, 2318, 2358, 2359, 2396], 2351: [2351, 2389, 2423], 2427: [2355, 2393, 2427, 2428, 2457, 2458, 2480, 2497], 2455: [2425, 2426, 2455, 2456, 2478, 2479, 2495, 2496], 2475: [2451, 2452, 2474, 2475, 2491, 2492, 2503, 2504], 2476: [2453, 2454, 2476, 2477, 2493, 2494, 2505, 2506]}
{2165: [2118, 2119, 2120, 2164, 2165, 2166, 2209, 2210], 2169: [2122, 2123, 2124, 2168, 2169, 2170, 2214, 2258], 2216: [2125, 2126, 2171, 2172, 2216, 2217, 2260, 2305], 2256: [2121, 2167, 2211, 2212, 2213, 2256, 2301, 2342], 2377: [2253, 2298, 2339, 2377, 2411, 2441, 2464, 2481], 2378: [2254, 2299, 2340, 2378, 2412, 2442, 2465, 2482], 2379: [2255, 2300, 2341, 2379, 2413, 2443, 2466, 2483], 2381: [2257, 2302, 2343, 2381, 2415, 2445, 2468, 2485], 2382: [2303, 2344, 2382, 2416, 2446, 2469, 2486, 2498], 2383: [2215, 2259, 2304, 2345, 2346, 2383, 2384, 2417], 2385: [2261, 2306, 2347, 2385, 2386, 2418, 2419, 2420], 2414: [2414, 2444, 2467, 2484], 2470: [2447, 2448, 2470, 2471, 2487, 2488, 2499, 2500], 2472: [2449, 2450, 2472, 2473, 2489, 2490, 2501, 2502]}
{1806: [1709, 1710, 1758, 1759, 1806, 1807, 1854, 1903], 1810: [1713, 1714, 1762, 1763, 1810, 1811, 1858, 1859], 1853: [1708, 1757, 1805, 1853], 1856: [1711, 1712, 1760, 1761, 1808, 1856, 1905, 1954], 1898: [1704, 1753, 1801, 1849, 1897, 1898, 1946, 1947], 1899: [1705, 1754, 1802, 1850, 1899, 1948, 1996, 2044], 1900: [1706, 1755, 1803, 1851, 1900, 1949, 1997, 2045], 1901: [1707, 1756, 1804, 1852, 1901, 1950, 1998, 2046], 1906: [1809, 1857, 1906, 1907, 1908, 1955, 1956, 2003], 1953: [1855, 1904, 1953, 2001, 2002, 2049, 2050, 2096], 1999: [1951, 1952, 1999, 2000, 2047, 2048, 2094, 2095], 2043: [1994, 1995, 2042, 2043, 2089, 2090, 2136, 2182], 2138: [2091, 2092, 2137, 2138, 2183, 2184, 2228, 2229], 2140: [2093, 2139, 2140, 2141, 2185, 2186, 2230, 2274]}
{252: [219, 220, 221, 222, 252, 253, 254, 285], 279: [214, 215, 246, 247, 278, 279, 310, 311], 307: [211, 242, 243, 274, 275, 306, 307, 339], 341: [212, 244, 276, 308, 340, 341, 374, 375], 342: [213, 245, 277, 309, 342, 343, 376, 410], 345: [216, 248, 280, 312, 345, 379, 413, 448], 346: [217, 249, 281, 313, 346, 380, 414], 347: [218, 250, 282, 314, 347, 381, 415, 450], 348: [251, 283, 315, 348, 382, 416, 451, 487], 349: [284, 316, 317, 349, 350, 383, 417, 452], 412: [378, 412, 447, 483, 519], 444: [408, 409, 443, 444, 479, 480, 515, 516], 446: [377, 411, 445, 446, 481, 482, 517, 518], 485: [449, 484, 485, 486, 520, 521, 522, 523]}
{1005: [920, 921, 962, 963, 1004, 1005, 1048, 1091], 1006: [922, 923, 964, 965, 1006, 1007, 1049, 1092], 1009: [925, 926, 967, 968, 1009, 1010, 1052, 1053], 1089: [918, 919, 961, 1003, 1046, 1089, 1132, 1176], 1131: [960, 1002, 1045, 1088, 1131, 1175, 1220, 1264], 1133: [1047, 1090, 1133, 1177, 1221, 1222, 1266, 1311], 1136: [1050, 1093, 1136, 1180, 1225, 1269], 1137: [924, 966, 1008, 1051, 1094, 1137, 1181, 1226], 1138: [1095, 1096, 1138, 1139, 1182, 1227, 1271, 1316], 1179: [1134, 1178, 1179, 1223, 1224, 1268], 1310: [1265, 1309, 1310, 1355, 1356, 1400, 1401, 1447], 1358: [1267, 1312, 1357, 1358, 1402, 1403, 1448, 1449], 1359: [1313, 1314, 1359, 1360, 1404, 1405, 1450, 1451], 1361: [1270, 1315, 1361, 1362, 1406, 1407, 1452, 1453]}
{958: [875, 876, 916, 917, 958, 959, 1000, 1001], 1040: [913, 954, 955, 996, 997, 1038, 1039, 1040], 1041: [832, 873, 914, 956, 998, 1041, 1084, 1127], 1042: [874, 915, 957, 999, 1042, 1043, 1044, 1085], 1170: [1083, 1126, 1170, 1171], 1211: [1166, 1210, 1211, 1254, 1255, 1300, 1346, 1391], 1212: [1080, 1123, 1167, 1212, 1256, 1301, 1347, 1392], 1213: [1081, 1124, 1168, 1213, 1257, 1302, 1348, 1393], 1214: [1082, 1125, 1169, 1214, 1258, 1303, 1349, 1394], 1217: [1128, 1172, 1216, 1217, 1261, 1306, 1352, 1397], 1218: [1086, 1129, 1173, 1218, 1262, 1307, 1353, 1398], 1219: [1087, 1130, 1174, 1219, 1263, 1308, 1354, 1399], 1304: [1259, 1260, 1304, 1305, 1350, 1351, 1395, 1396], 1345: [1298, 1299, 1343, 1344, 1345, 1388, 1389, 1390]}
{1545: [1497, 1498, 1499, 1544, 1545, 1546, 1591, 1592], 1590: [1495, 1496, 1542, 1543, 1589, 1590, 1638, 1687], 1594: [1500, 1501, 1547, 1548, 1594, 1595, 1642, 1643], 1644: [1549, 1550, 1596, 1597, 1644, 1645, 1692, 1693], 1738: [1639, 1640, 1689, 1738], 1783: [1637, 1686, 1735, 1736, 1783, 1831, 1880, 1929], 1785: [1688, 1737, 1784, 1785, 1832, 1833, 1882, 1931], 1787: [1593, 1641, 1690, 1739, 1787, 1834, 1835, 1884], 1788: [1691, 1740, 1741, 1788, 1789, 1836, 1837, 1885], 1790: [1694, 1742, 1743, 1790, 1791, 1838, 1887, 1936], 1978: [1881, 1930, 1977, 1978, 2025, 2026, 2072, 2073], 1980: [1883, 1932, 1979, 1980, 2027, 2028, 2074, 2075], 1981: [1933, 1934, 1981, 1982, 2029, 2030, 2076, 2077], 1983: [1886, 1935, 1983, 1984, 2031, 2032, 2078, 2079]}
