The optimal value is 164654.3612
Service ways: {24, 3, 13}
Inverters: 280 22 269 596 228 614 633 
Cable routing:
{132: [83, 84, 106, 107, 108, 131, 132, 133], 160: [134, 135, 157, 158, 159, 160, 161, 162], 188: [156, 184, 185, 186, 187, 188, 189, 190], 217: [213, 214, 215, 216, 217, 218], 220: [163, 191, 192, 219, 220, 221, 222, 223], 248: [245, 246, 247, 248, 249, 250, 251, 252], 279: [277, 278, 279], 281: [281, 282, 283], 285: [253, 254, 284, 285, 286, 318, 319, 353], 313: [310, 311, 312, 313, 314, 315, 316, 317], 348: [345, 346, 347, 348, 349, 350, 351, 352], 383: [380, 381, 382, 383, 384, 385, 386, 387], 417: [414, 415, 416, 417, 418, 419, 420, 421], 450: [447, 448, 449, 450, 451, 452, 453, 454], 483: [480, 481, 482, 483, 484, 485, 486, 487]}
{4: [0, 1, 2, 3, 4, 5, 6], 11: [8, 9, 10, 11, 12, 13, 14, 15], 18: [7, 16, 17, 18, 19, 30, 31, 32], 21: [20, 21], 24: [23, 24, 25, 26, 27], 36: [33, 34, 35, 36, 37, 38], 40: [39, 40, 41, 42, 43, 58, 59, 77], 54: [50, 51, 52, 53, 54, 55, 56, 57], 60: [60, 61, 62, 78, 79, 80, 81, 82], 73: [69, 70, 71, 72, 73, 74, 75, 76], 96: [92, 93, 94, 95, 96, 97, 98, 99], 100: [100, 101, 102, 103, 104, 105, 125, 152], 121: [117, 118, 119, 120, 121, 122, 123, 124], 127: [126, 127, 128, 129, 130, 153, 154, 155], 148: [144, 145, 146, 147, 148, 149, 150, 151]}
{177: [172, 173, 174, 175, 176, 177, 178, 179], 206: [201, 202, 203, 204, 205, 206, 207, 208], 210: [180, 181, 182, 183, 209, 210, 211, 212], 237: [235, 236, 237, 238, 239, 240, 241, 242], 266: [232, 233, 234, 264, 265, 266, 267, 268], 270: [270, 271, 272, 273], 275: [243, 244, 274, 275, 276, 307, 308, 309], 299: [297, 298, 299, 300, 332, 333, 334, 335], 302: [301, 302, 303, 304, 305, 306, 336, 337], 340: [338, 339, 340, 341, 342, 343, 344, 375], 372: [367, 368, 369, 370, 371, 372, 373, 374], 377: [376, 377, 378, 379, 410, 411, 412, 413], 403: [401, 402, 403, 404, 434, 435, 436, 437], 406: [405, 406, 407, 408, 409, 438, 439, 440]}
{474: [441, 442, 470, 471, 472, 473, 474, 475], 477: [443, 444, 445, 446, 476, 477, 478, 479], 501: [467, 468, 469, 498, 499, 500, 501, 502], 506: [504, 505, 506, 507, 508, 509, 510, 511], 534: [503, 529, 530, 531, 532, 533, 534, 535], 567: [536, 537, 538, 564, 565, 566, 567, 568], 570: [539, 540, 541, 542, 569, 570, 571, 572], 592: [560, 561, 562, 563, 590, 591, 592, 619], 595: [593, 594, 595, 620, 621, 622], 597: [597, 598, 599, 600, 601, 624], 627: [625, 626, 627, 628, 653, 654, 678, 679], 649: [623, 646, 647, 648, 649, 650, 651, 652], 674: [672, 673, 674, 675, 676, 677, 697, 698], 700: [699, 700, 701, 718, 719, 720, 735, 736]}
{46: [28, 29, 44, 45, 46, 47, 48, 49], 65: [63, 64, 65, 66, 67, 68], 88: [85, 86, 87, 88, 89, 90, 91], 113: [109, 110, 111, 112, 113, 114, 115, 116], 140: [136, 137, 138, 139, 140, 141, 142, 143], 168: [164, 165, 166, 167, 168, 169, 170, 171], 197: [193, 194, 195, 196, 197, 198, 199, 200], 227: [224, 225, 226, 227], 229: [229, 230, 231], 260: [256, 257, 258, 259, 260, 261, 262, 263], 293: [289, 290, 291, 292, 293, 294, 295, 296], 328: [324, 325, 326, 327, 328, 329, 330, 331], 363: [359, 360, 361, 362, 363, 364, 365, 366], 397: [395, 396, 397, 398, 399, 400, 429, 430], 431: [431, 432, 433, 463, 464, 465, 466, 497]}
{321: [255, 287, 288, 320, 321, 322, 323, 355], 392: [356, 357, 358, 390, 391, 392, 393, 394], 423: [354, 388, 389, 422, 423, 424, 425, 456], 459: [426, 427, 428, 458, 459, 460, 461, 462], 491: [455, 457, 488, 489, 490, 491, 492, 493], 526: [494, 495, 496, 524, 525, 526, 527, 528], 553: [520, 521, 522, 523, 551, 552, 553, 554], 585: [555, 582, 583, 584, 585], 587: [556, 557, 558, 559, 586, 587, 588, 589], 613: [611, 612, 613], 615: [615, 616, 617, 618], 641: [638, 639, 640, 641, 642, 643, 644, 645], 667: [664, 665, 666, 667, 668, 669, 670, 671], 692: [689, 690, 691, 692, 693, 694, 695, 696], 715: [713, 714, 715, 716, 717, 732, 733, 734]}
{516: [512, 513, 514, 515, 516, 517, 518, 519], 547: [543, 544, 545, 546, 547, 548, 549, 550], 577: [573, 574, 575, 576, 577, 578, 579, 580], 606: [581, 604, 605, 606, 607, 608, 609, 610], 630: [602, 603, 629, 630, 631, 632, 655, 656], 634: [634, 635, 636, 637], 659: [657, 658, 659, 660, 661, 662, 663, 688], 684: [680, 681, 682, 683, 684, 685, 686, 687], 703: [702, 703, 704, 721, 722, 723, 737, 738], 708: [705, 706, 707, 708, 709, 710, 711, 712], 727: [724, 725, 726, 727, 728, 729, 730, 731], 743: [740, 741, 742, 743, 744, 745, 746, 747], 750: [739, 748, 749, 750, 757, 758, 759, 762], 754: [751, 752, 753, 754, 755, 756, 760, 761]}
