The optimal value is 229357.8149
Service ways: {26, 5, 15}
Inverters: 177 168 572 522 944 512 121 904 581 952 
Cable routing:
{50: [21, 22, 23, 24, 48, 49, 50, 51], 81: [25, 52, 53, 79, 80, 81, 82, 83], 110: [77, 78, 107, 108, 109, 110, 111, 112], 143: [113, 139, 140, 141, 142, 143, 144, 145], 176: [173, 174, 175, 176], 180: [114, 146, 147, 178, 179, 180, 181, 182], 213: [209, 210, 211, 212, 213, 214, 215, 216], 218: [217, 218, 219, 220, 255, 256, 257, 258], 248: [246, 247, 248, 249, 285, 286, 287, 288], 251: [250, 251, 252, 253, 254, 289, 290, 291], 293: [292, 293, 294, 295, 296, 297, 298, 334], 331: [326, 327, 328, 329, 330, 331, 332, 333], 335: [335, 336, 337, 338, 339, 376, 377, 378], 373: [368, 369, 370, 371, 372, 373, 374, 375]}
{16: [13, 14, 15, 16, 17, 18, 19, 20], 38: [10, 11, 12, 37, 38, 39, 66, 67], 43: [40, 41, 42, 43, 44, 45, 46, 47], 72: [69, 70, 71, 72, 73, 74, 75, 76], 102: [99, 100, 101, 102, 103, 104, 105, 106], 130: [68, 96, 97, 98, 128, 129, 130, 131], 134: [132, 133, 134, 135, 136, 137, 138, 167], 164: [162, 163, 164, 165, 166, 198, 199, 200], 169: [169, 170, 171, 172], 204: [201, 202, 203, 204, 205, 206, 207, 208], 238: [236, 237, 238, 239, 275, 276, 277, 278], 242: [240, 241, 242, 243, 244, 245, 279, 280], 283: [281, 282, 283, 284, 324, 325, 366, 367], 322: [320, 321, 322, 323, 362, 363, 364, 365]}
{410: [406, 407, 408, 409, 410, 411, 412, 413], 452: [448, 449, 450, 451, 452, 453, 454, 455], 493: [489, 490, 491, 492, 493, 494], 497: [414, 415, 456, 457, 495, 496, 497, 537], 533: [529, 530, 531, 532, 533, 534, 535, 536], 571: [568, 569, 570, 571], 573: [573, 574, 575, 576], 611: [608, 609, 610, 611, 612, 613, 614, 615], 645: [607, 644, 645, 646, 647, 680, 681, 682], 649: [648, 649, 650, 651, 652, 653], 686: [683, 684, 685, 686, 687, 688, 689, 690], 716: [715, 716, 717, 749, 750, 751, 783, 784], 721: [718, 719, 720, 721, 722, 723, 724, 725], 755: [752, 753, 754, 755, 756, 757, 758, 759], 789: [785, 786, 787, 788, 789, 790, 791, 792]}
{315: [311, 312, 313, 314, 315, 316, 317, 318], 357: [353, 354, 355, 356, 357, 358, 359, 360], 399: [395, 396, 397, 398, 399, 400, 401, 402], 441: [437, 438, 439, 440, 441, 442, 443, 444], 445: [319, 361, 403, 404, 405, 445, 446, 447], 482: [479, 480, 481, 482, 483, 484, 485], 518: [477, 478, 517, 518, 519, 556, 557, 596], 521: [520, 521], 523: [523, 524, 525], 527: [486, 487, 488, 526, 527, 528, 566, 567], 561: [558, 559, 560, 561, 562, 563, 564, 565], 600: [597, 598, 599, 600, 601, 602, 638, 639], 603: [603, 604, 605, 606, 640, 641, 642, 643], 635: [595, 633, 634, 635, 636, 637, 670, 671], 675: [672, 673, 674, 675, 676, 677, 678, 679]}
{821: [817, 818, 819, 820, 821, 822, 823, 824], 853: [849, 850, 851, 852, 853, 854, 855, 856], 884: [881, 882, 883, 884, 885, 886, 887, 914], 910: [816, 848, 879, 880, 909, 910, 911, 912], 943: [913, 939, 940, 941, 942, 943], 946: [915, 916, 917, 945, 946, 947, 948], 971: [968, 969, 970, 971, 972, 973, 974, 975], 991: [966, 967, 990, 991, 992, 1011, 1012, 1013], 995: [993, 994, 995, 996, 997, 998, 999], 1017: [1014, 1015, 1016, 1017, 1018, 1019, 1020, 1021], 1034: [1031, 1032, 1033, 1034, 1035, 1051, 1052, 1053], 1037: [1036, 1037, 1038, 1039, 1040, 1041, 1054, 1055], 1058: [1056, 1057, 1058, 1059, 1074, 1075, 1085, 1086], 1071: [1069, 1070, 1071, 1072, 1073, 1082, 1083, 1084]}
{264: [260, 261, 262, 263, 264, 265, 266, 267], 305: [301, 302, 303, 304, 305, 306, 307, 346], 342: [259, 299, 300, 340, 341, 342, 343, 344], 350: [308, 309, 310, 348, 349, 350, 351, 352], 389: [345, 347, 386, 387, 388, 389, 390, 391], 428: [383, 384, 385, 426, 427, 428, 429, 430], 434: [392, 393, 394, 432, 433, 434, 435, 436], 472: [431, 470, 471, 472, 473, 474, 475, 476], 509: [467, 468, 469, 508, 509, 510, 511, 548], 513: [513, 514, 515, 516], 551: [549, 550, 551, 552, 553, 554, 555, 594], 590: [587, 588, 589, 590, 591, 592, 593, 626], 628: [627, 628, 629, 630, 631, 632, 664, 665], 666: [666, 667, 668, 669, 700, 701, 702, 703]}
{3: [0, 1, 2, 3, 4, 5, 6, 7], 30: [26, 27, 28, 29, 30, 31, 32, 33], 59: [55, 56, 57, 58, 59, 60, 61, 62], 64: [8, 9, 34, 35, 36, 63, 64, 65], 89: [86, 87, 88, 89, 90, 91, 92, 93], 117: [54, 84, 85, 115, 116, 117, 118], 120: [119, 120], 122: [122, 123, 124], 126: [94, 95, 125, 126, 127, 159, 160, 161], 152: [148, 149, 150, 151, 152, 153, 187, 188], 155: [154, 155, 156, 157, 158, 189, 190, 191], 185: [183, 184, 185, 186, 221, 222, 223, 224], 193: [192, 193, 194, 195, 196, 197, 231, 270], 229: [225, 226, 227, 228, 229, 230, 268, 269], 233: [232, 233, 234, 235, 271, 272, 273, 274]}
{710: [707, 708, 709, 710, 711, 712, 713, 714], 739: [704, 705, 706, 736, 737, 738, 739, 740], 744: [741, 742, 743, 744, 745, 746, 747, 748], 772: [735, 769, 770, 771, 772, 773, 774, 803], 778: [775, 776, 777, 778, 779, 780, 781, 782], 811: [808, 809, 810, 811, 812, 813, 814, 815], 838: [804, 805, 806, 807, 836, 837, 838, 839], 843: [840, 841, 842, 843, 844, 845, 846, 847], 874: [871, 872, 873, 874, 875, 876, 877, 878], 900: [868, 869, 870, 899, 900, 901, 929, 930], 903: [902, 903], 905: [905, 906, 907, 908], 934: [931, 932, 933, 934, 935, 936, 937, 938], 961: [959, 960, 961, 962, 963, 964, 965, 985], 987: [986, 987, 988, 989, 1009, 1010]}
{422: [379, 380, 381, 382, 422, 423, 424, 425], 461: [418, 419, 420, 421, 460, 461, 462, 463], 500: [416, 417, 458, 459, 498, 499, 500, 501], 505: [464, 465, 466, 503, 504, 505, 506, 507], 542: [502, 538, 539, 540, 541, 542, 543, 544], 580: [577, 578, 579, 580], 584: [545, 546, 547, 582, 583, 584, 585, 586], 620: [616, 617, 618, 619, 620, 621, 622, 623], 658: [654, 655, 656, 657, 658, 659, 660, 661], 662: [624, 625, 662, 663, 699, 734, 768, 802], 695: [691, 692, 693, 694, 695, 696, 697, 698], 730: [726, 727, 728, 729, 730, 731, 732, 733], 764: [760, 761, 762, 763, 764, 765, 766, 767], 798: [794, 795, 796, 797, 798, 799, 800, 801]}
{829: [793, 825, 826, 827, 828, 829, 830, 831], 861: [857, 858, 859, 860, 861, 862, 863], 865: [832, 833, 834, 835, 864, 865, 866, 867], 892: [888, 889, 890, 891, 892, 893, 894, 895], 922: [918, 919, 920, 921, 922, 923], 926: [896, 897, 898, 924, 925, 926, 927, 928], 951: [949, 950, 951], 954: [953, 954, 955, 956, 957, 958], 979: [976, 977, 978, 979, 980, 1004], 982: [981, 982, 983, 984, 1005, 1006, 1007, 1008], 1002: [1000, 1001, 1002, 1003, 1022, 1023, 1024, 1025], 1028: [1026, 1027, 1028, 1029, 1030, 1048, 1049, 1050], 1045: [1042, 1043, 1044, 1045, 1046, 1047, 1060, 1061], 1064: [1062, 1063, 1064, 1065, 1066, 1067, 1068, 1081], 1078: [1076, 1077, 1078, 1079, 1080, 1087, 1088, 1089]}
