The optimal value is 256868.4443
Service ways: {16, 26, 36, 6}
Inverters: 594 141 538 938 886 130 1157 930 585 528 193 
Cable routing:
{437: [394, 395, 396, 397, 435, 436, 437, 438], 479: [398, 439, 440, 478, 479, 480, 481, 482], 516: [475, 476, 477, 514, 515, 516, 517, 518], 522: [483, 484, 485, 520, 521, 522, 523, 524], 556: [519, 552, 553, 554, 555, 556, 557, 558], 593: [590, 591, 592, 593], 595: [595, 596], 598: [559, 560, 561, 562, 597, 598, 599, 600], 631: [627, 628, 629, 630, 631, 632], 635: [633, 634, 635, 636, 637, 672, 673, 674], 668: [664, 665, 666, 667, 668, 669, 670, 671], 704: [700, 701, 702, 703, 704, 705, 706, 707], 708: [708, 709, 710, 744, 745, 746, 779, 780], 740: [736, 737, 738, 739, 740, 741, 742, 743], 775: [771, 772, 773, 774, 775, 776, 777, 778]}
{19: [5, 6, 7, 8, 17, 18, 19, 20], 42: [21, 22, 38, 39, 40, 41, 42, 43], 45: [23, 24, 25, 44, 45, 46, 47, 48], 69: [65, 66, 67, 68, 69, 70, 71, 72], 102: [98, 99, 100, 101, 102, 103], 106: [73, 74, 75, 104, 105, 106, 107, 108], 140: [137, 138, 139, 140], 142: [142, 143], 145: [144, 145, 146, 147, 184, 185, 186, 224], 180: [176, 177, 178, 179, 180, 181, 182, 183], 220: [216, 217, 218, 219, 220, 221, 222, 223], 261: [257, 258, 259, 260, 261, 262, 263, 264], 266: [225, 226, 265, 266, 267, 309, 310, 352], 304: [301, 302, 303, 304, 305, 306, 307, 308], 346: [344, 345, 346, 347, 348, 349, 350, 351]}
{297: [293, 294, 295, 296, 297, 298, 299, 300], 339: [336, 337, 338, 339, 340, 341, 342, 343], 376: [292, 334, 335, 375, 376, 377, 416, 417], 380: [378, 379, 380, 381, 382, 383, 384, 421], 459: [418, 419, 420, 456, 457, 458, 459, 460], 463: [422, 423, 424, 425, 462, 463, 464, 465], 500: [461, 498, 499, 500, 501, 502, 503, 504], 535: [495, 496, 497, 533, 534, 535, 536, 537], 539: [539, 540, 541, 542], 573: [571, 572, 573, 574, 575, 608, 609, 610], 578: [576, 577, 578, 579, 580, 615, 616, 653], 613: [611, 612, 613, 614, 649, 650, 651, 652], 647: [645, 646, 647, 648, 681, 682, 683, 684], 687: [685, 686, 687, 688, 689, 723, 724, 725]}
{808: [804, 805, 806, 807, 808, 809, 810, 811], 841: [837, 838, 839, 840, 841, 842, 843, 844], 846: [812, 813, 814, 845, 846, 847, 879, 880], 874: [870, 871, 872, 873, 874, 875, 876, 877], 906: [902, 903, 904, 905, 906, 907, 908, 909], 937: [934, 935, 936, 937], 939: [939, 940], 942: [878, 910, 911, 912, 941, 942, 943, 944], 969: [965, 966, 967, 968, 969, 970, 971], 973: [972, 973, 974, 975, 1004, 1005, 1006, 1035], 1000: [997, 998, 999, 1000, 1001, 1002, 1003], 1030: [1027, 1028, 1029, 1030, 1031, 1032, 1033, 1034], 1059: [1056, 1057, 1058, 1059, 1060, 1061, 1062, 1063], 1086: [1083, 1084, 1085, 1086, 1087, 1088, 1089, 1090], 1112: [1110, 1111, 1112, 1113, 1114, 1133, 1134, 1135]}
{718: [714, 715, 716, 717, 718, 719, 720, 752], 756: [721, 722, 755, 756, 757, 758, 759, 760], 783: [747, 748, 749, 750, 781, 782, 783, 784], 788: [753, 754, 786, 787, 788, 789, 790, 791], 818: [751, 785, 815, 816, 817, 818, 819, 820], 825: [792, 793, 794, 823, 824, 825, 826, 827], 854: [821, 822, 852, 853, 854, 855, 856, 857], 882: [848, 849, 850, 851, 881, 882, 913, 914], 885: [883, 884, 885], 887: [887, 888, 889], 891: [858, 859, 860, 890, 891, 892, 923, 924], 918: [915, 916, 917, 918, 919, 920, 921], 949: [945, 946, 947, 948, 949, 950, 951], 953: [922, 952, 953, 954, 955, 984, 985, 986], 980: [976, 977, 978, 979, 980, 981, 982, 983]}
{14: [1, 2, 3, 4, 13, 14, 15, 16], 31: [9, 10, 11, 28, 29, 30, 31, 32], 33: [0, 12, 33, 34, 35, 36, 37, 60], 54: [26, 27, 52, 53, 54, 55, 56, 87], 91: [57, 58, 59, 88, 89, 90, 91, 92], 95: [61, 62, 63, 64, 94, 95, 96, 97], 125: [84, 85, 86, 122, 123, 124, 125, 164], 129: [126, 127, 128, 129], 132: [93, 131, 132, 133, 134, 135, 136, 171], 162: [160, 161, 162, 163, 199, 200, 201, 202], 169: [165, 166, 167, 168, 169, 170, 209, 210], 173: [172, 173, 174, 175, 212, 213, 214, 215], 207: [203, 204, 205, 206, 207, 208, 248, 249], 252: [211, 250, 251, 252, 253, 254, 255, 256]}
{1013: [1010, 1011, 1012, 1013, 1014, 1015, 1016, 1042], 1038: [1007, 1008, 1009, 1036, 1037, 1038, 1039, 1040], 1046: [1017, 1018, 1044, 1045, 1046, 1047, 1048, 1074], 1069: [1041, 1043, 1067, 1068, 1069, 1070, 1071, 1072], 1093: [1064, 1065, 1066, 1091, 1092, 1093, 1094, 1095], 1099: [1073, 1075, 1097, 1098, 1099, 1100, 1101, 1102], 1119: [1096, 1115, 1116, 1117, 1118, 1119, 1120, 1121], 1140: [1136, 1137, 1138, 1139, 1140, 1141, 1142, 1158], 1144: [1122, 1123, 1124, 1125, 1143, 1144, 1145, 1146], 1156: [1154, 1155, 1156, 1169], 1161: [1159, 1160, 1161, 1162, 1163, 1176, 1177, 1178], 1172: [1170, 1171, 1172, 1173, 1174, 1181, 1182, 1183], 1186: [1175, 1184, 1185, 1186, 1187, 1188, 1189, 1195], 1192: [1190, 1191, 1192, 1193, 1194, 1196, 1197, 1198]}
{834: [800, 801, 802, 803, 833, 834, 835, 836], 862: [828, 829, 830, 861, 862, 863, 893, 894], 866: [831, 832, 864, 865, 866, 867, 868, 869], 898: [896, 897, 898, 899, 900, 901], 928: [895, 925, 926, 927, 928, 929], 931: [931, 932, 933], 958: [956, 957, 958, 959, 987, 988, 989, 1019], 961: [960, 961, 962, 963, 964], 992: [990, 991, 992, 993, 994, 995, 996, 1026], 1022: [1020, 1021, 1022, 1023, 1024, 1025, 1049, 1050], 1053: [1051, 1052, 1053, 1054, 1055, 1080, 1081, 1082], 1078: [1076, 1077, 1078, 1079, 1103, 1104, 1105, 1106], 1108: [1107, 1108, 1109, 1130, 1131, 1132, 1152, 1153], 1128: [1126, 1127, 1128, 1129, 1148, 1149, 1150, 1151], 1166: [1147, 1164, 1165, 1166, 1167, 1168, 1179, 1180]}
{389: [386, 387, 388, 389, 390, 391, 392, 393], 430: [428, 429, 430, 431, 432, 433, 434, 470], 467: [385, 426, 427, 466, 467, 468, 469, 506], 511: [471, 472, 473, 474, 510, 511, 512, 513], 547: [507, 508, 509, 545, 546, 547, 548, 549], 582: [505, 543, 544, 581, 582, 583, 584, 619], 588: [550, 551, 586, 587, 588, 589, 625, 626], 622: [620, 621, 622, 623, 624], 655: [617, 618, 654, 655, 656, 690, 691, 726], 659: [657, 658, 659, 660, 661, 662, 663], 695: [692, 693, 694, 695, 696, 697, 698, 699], 731: [728, 729, 730, 731, 732, 733, 734, 735], 763: [727, 761, 762, 763, 764, 795, 796, 797], 766: [765, 766, 767, 768, 769, 770, 798, 799]}
{244: [240, 241, 242, 243, 244, 245, 246, 247], 287: [284, 285, 286, 287, 288, 289, 290, 291], 324: [239, 280, 281, 282, 283, 323, 324, 325], 329: [326, 327, 328, 329, 330, 331, 332, 333], 370: [367, 368, 369, 370, 371, 372, 373, 374], 411: [408, 409, 410, 411, 412, 413, 414, 415], 447: [365, 366, 406, 407, 447, 448, 449, 486], 451: [450, 451, 452, 453, 454, 455], 490: [487, 488, 489, 490, 491, 492, 493, 494], 527: [525, 526, 527], 529: [529, 530, 531, 532], 566: [563, 564, 565, 566, 567, 568, 569, 570], 603: [601, 602, 603, 604, 605, 606, 607], 640: [638, 639, 640, 641, 642, 643, 644, 675], 676: [676, 677, 678, 679, 680, 711, 712, 713]}
{78: [49, 50, 51, 76, 77, 78, 79, 80], 115: [81, 82, 83, 113, 114, 115, 116, 117], 150: [109, 110, 111, 112, 148, 149, 150, 151], 154: [152, 153, 154, 155, 192], 157: [118, 119, 120, 121, 156, 157, 158, 159], 189: [187, 188, 189, 190, 191, 227, 228, 229], 196: [194, 195, 196, 197, 198, 236, 237, 238], 233: [230, 231, 232, 233, 234, 235, 274], 272: [268, 269, 270, 271, 272, 273, 315, 357], 277: [275, 276, 277, 278, 279, 320, 321, 322], 313: [311, 312, 313, 314, 353, 354, 355, 356], 317: [316, 317, 318, 319, 358, 359, 360, 361], 363: [362, 363, 364, 403, 404, 405, 445, 446], 400: [399, 400, 401, 402, 441, 442, 443, 444]}
