The optimal value is 295477.4934
Service ways: {33, 5, 42, 14, 23}
Inverters: 230 241 596 1367 264 939 1225 1191 608 582 206 915 925 
Cable routing:
{39: [36, 37, 38, 39, 40, 41, 42, 43], 87: [84, 85, 86, 87, 88, 89, 90, 91], 93: [44, 45, 46, 47, 92, 93, 94, 95], 131: [34, 35, 82, 83, 130, 131, 132, 178], 135: [133, 134, 135, 136, 137, 138, 139], 183: [179, 180, 181, 182, 183, 184, 185, 186], 188: [140, 141, 142, 143, 187, 188, 189, 190], 228: [225, 226, 227, 228, 229], 233: [231, 232, 233, 234, 235, 236, 280, 281], 273: [271, 272, 273, 274, 316, 317, 318, 319], 276: [275, 276, 277, 278, 279, 320, 321, 366], 323: [322, 323, 324, 325, 367, 368, 369, 412], 363: [361, 362, 363, 364, 365, 405, 406, 407], 410: [408, 409, 410, 411, 451, 452, 453, 454]}
{4: [0, 1, 2, 3, 4, 5, 6, 7], 52: [48, 49, 50, 51, 52, 53, 54, 55], 57: [8, 9, 10, 56, 57, 58, 105, 106], 100: [96, 97, 98, 99, 100, 101, 102, 103], 148: [144, 145, 146, 147, 148, 149, 150, 151], 195: [191, 192, 193, 194, 195, 196, 197, 242], 199: [104, 152, 153, 154, 198, 199, 200, 201], 240: [237, 238, 239, 240], 245: [243, 244, 245, 246, 247, 290, 291, 292], 286: [282, 283, 284, 285, 286, 287, 288, 289], 331: [326, 327, 328, 329, 330, 331, 332, 333], 335: [334, 335, 336, 337, 378, 379, 380, 381], 375: [370, 371, 372, 373, 374, 375, 376, 377], 418: [413, 414, 415, 416, 417, 418, 419, 420]}
{433: [429, 430, 431, 432, 433, 434, 435, 436], 470: [426, 427, 428, 468, 469, 470, 471, 472], 475: [473, 474, 475, 476, 477, 478, 479, 480], 516: [513, 514, 515, 516, 517, 518, 519, 520], 551: [509, 510, 511, 512, 549, 550, 551, 552], 556: [553, 554, 555, 556, 557, 558, 559], 591: [589, 590, 591, 592, 629, 630, 631, 632], 595: [593, 594, 595], 597: [597, 598, 599], 600: [521, 560, 561, 600, 601, 640, 641, 680], 636: [633, 634, 635, 636, 637, 638, 639], 670: [668, 669, 670, 671, 706, 707, 708, 709], 675: [672, 673, 674, 675, 676, 677, 678, 679], 713: [710, 711, 712, 713, 714, 749, 750, 751], 716: [715, 716, 717, 718, 752, 753, 754, 755]}
{1295: [1292, 1293, 1294, 1295, 1296, 1297, 1298, 1299], 1308: [1290, 1291, 1307, 1308, 1309, 1310, 1323, 1324], 1328: [1311, 1312, 1313, 1325, 1326, 1327, 1328, 1329], 1331: [1314, 1315, 1316, 1330, 1331, 1332, 1333, 1334], 1342: [1338, 1339, 1340, 1341, 1342, 1343, 1344, 1345], 1355: [1351, 1352, 1353, 1354, 1355, 1356, 1357], 1359: [1346, 1347, 1348, 1358, 1359, 1360, 1361, 1362], 1366: [1363, 1364, 1365, 1366], 1368: [1368, 1369, 1370], 1372: [1371, 1372, 1373, 1374, 1383, 1384, 1385, 1394], 1379: [1375, 1376, 1377, 1378, 1379, 1380, 1381, 1382], 1389: [1386, 1387, 1388, 1389, 1390, 1391, 1392, 1393], 1398: [1395, 1396, 1397, 1398, 1399, 1400, 1401, 1402], 1406: [1403, 1404, 1405, 1406, 1407, 1408, 1409], 1412: [1410, 1411, 1412, 1413, 1414, 1415, 1416]}
{27: [23, 24, 25, 26, 27, 28, 29, 30], 75: [71, 72, 73, 74, 75, 76, 77, 78], 80: [31, 32, 33, 79, 80, 81, 128, 129], 123: [119, 120, 121, 122, 123, 124, 125, 126], 171: [167, 168, 169, 170, 171, 172, 173, 174], 218: [214, 215, 216, 217, 218, 219, 220, 265], 222: [127, 175, 176, 177, 221, 222, 223, 224], 263: [260, 261, 262, 263], 268: [266, 267, 268, 269, 270, 313, 314, 315], 309: [305, 306, 307, 308, 309, 310, 311, 312], 354: [350, 351, 352, 353, 354, 355, 356, 357], 358: [358, 359, 360, 402, 403, 404, 445, 446], 398: [394, 395, 396, 397, 398, 399, 400, 401], 441: [437, 438, 439, 440, 441, 442, 443, 444]}
{770: [768, 769, 770, 771, 772, 773, 774, 775], 802: [765, 766, 767, 800, 801, 802, 803, 804], 839: [805, 806, 807, 837, 838, 839, 840, 841], 870: [834, 835, 836, 867, 868, 869, 870, 871], 876: [808, 809, 842, 843, 874, 875, 876, 877], 906: [872, 873, 903, 904, 905, 906, 907, 908], 934: [900, 901, 902, 933, 934, 965, 966, 996], 938: [935, 936, 937, 938], 942: [909, 910, 940, 941, 942, 943, 974, 975], 971: [967, 968, 969, 970, 971, 972, 973, 998], 1002: [999, 1000, 1001, 1002, 1003, 1004, 1005, 1006], 1027: [997, 1026, 1027, 1028, 1055, 1056, 1057, 1058], 1032: [1029, 1030, 1031, 1032, 1033, 1034, 1035, 1036], 1062: [1059, 1060, 1061, 1062, 1063, 1064, 1065, 1066]}
{1101: [1097, 1098, 1099, 1100, 1101, 1102, 1103, 1104], 1128: [1124, 1125, 1126, 1127, 1128, 1129, 1130, 1131], 1133: [1105, 1106, 1107, 1132, 1133, 1134, 1159, 1160], 1154: [1150, 1151, 1152, 1153, 1154, 1155, 1156, 1157], 1179: [1175, 1176, 1177, 1178, 1179, 1180, 1181, 1182], 1202: [1199, 1200, 1201, 1202, 1203, 1204], 1206: [1158, 1183, 1184, 1185, 1205, 1206, 1207, 1208], 1223: [1198, 1221, 1222, 1223, 1224, 1243, 1244, 1245], 1227: [1226, 1227, 1228, 1229, 1230, 1249], 1248: [1246, 1247, 1248, 1250, 1251, 1269, 1270, 1271], 1265: [1263, 1264, 1265, 1266, 1267, 1282, 1283, 1284], 1287: [1268, 1285, 1286, 1287, 1288, 1289, 1305, 1306], 1304: [1300, 1301, 1302, 1303, 1304, 1321, 1322, 1337], 1320: [1317, 1318, 1319, 1320, 1335, 1336, 1349, 1350]}
{1090: [1087, 1088, 1089, 1090, 1091, 1092, 1093, 1118], 1113: [1084, 1085, 1086, 1111, 1112, 1113, 1114, 1115], 1121: [1094, 1095, 1096, 1119, 1120, 1121, 1122, 1123], 1143: [1116, 1117, 1140, 1141, 1142, 1143, 1144, 1145], 1164: [1137, 1138, 1139, 1162, 1163, 1164, 1165, 1166], 1168: [1167, 1168, 1169, 1170, 1192], 1172: [1146, 1147, 1148, 1149, 1171, 1172, 1173, 1174], 1188: [1186, 1187, 1188, 1189, 1190, 1209, 1210, 1211], 1195: [1193, 1194, 1195, 1196, 1197, 1218, 1219, 1220], 1214: [1212, 1213, 1214, 1215, 1216, 1217, 1238], 1235: [1231, 1232, 1233, 1234, 1235, 1236, 1237, 1252], 1240: [1239, 1240, 1241, 1242, 1261, 1262, 1280, 1281], 1257: [1253, 1254, 1255, 1256, 1257, 1258, 1259, 1260], 1276: [1272, 1273, 1274, 1275, 1276, 1277, 1278, 1279]}
{487: [447, 448, 484, 485, 486, 487, 488, 489], 491: [449, 450, 490, 491, 492, 493, 494, 495], 524: [481, 482, 483, 522, 523, 524, 525, 564], 528: [526, 527, 528, 529, 530, 531, 532], 568: [565, 566, 567, 568, 569, 570], 573: [533, 534, 535, 571, 572, 573, 574, 575], 603: [562, 563, 602, 603, 604, 642, 643, 644], 607: [605, 606, 607], 610: [609, 610, 611, 612, 613, 614], 648: [645, 646, 647, 648, 687, 688], 650: [649, 650, 651, 652, 653, 689, 690, 691], 685: [681, 682, 683, 684, 685, 686, 723, 760], 721: [719, 720, 721, 722, 756, 757, 758, 759], 725: [724, 725, 726, 727, 728, 761, 763, 764], 798: [762, 795, 796, 797, 798, 799, 832, 833]}
{459: [455, 456, 457, 458, 459, 460, 461, 500], 464: [421, 422, 423, 424, 464, 465, 466, 467], 504: [462, 463, 503, 504, 505, 506, 507, 508], 538: [496, 497, 498, 499, 536, 537, 538, 539], 542: [501, 502, 540, 541, 542, 543, 544, 545], 580: [576, 577, 578, 579, 580, 581], 586: [546, 547, 548, 584, 585, 586, 587, 588], 617: [615, 616, 617, 618, 619, 654, 655, 656], 622: [583, 620, 621, 622, 623, 624], 626: [625, 626, 627, 628, 665, 666, 667, 705], 661: [657, 658, 659, 660, 661, 662, 663, 664], 694: [692, 693, 694, 695, 696, 729, 730, 731], 699: [697, 698, 699, 700, 701, 702, 703, 704], 736: [732, 733, 734, 735, 736, 737, 738, 739]}
{15: [11, 12, 13, 14, 15, 16, 17, 18], 63: [59, 60, 61, 62, 63, 64, 65, 66], 68: [19, 20, 21, 22, 67, 68, 69, 70], 111: [107, 108, 109, 110, 111, 112, 113, 114], 159: [155, 156, 157, 158, 159, 160, 161, 162], 164: [115, 116, 117, 118, 163, 164, 165, 166], 205: [202, 203, 204, 205], 209: [207, 208, 209, 210, 211, 212, 213, 255], 252: [248, 249, 250, 251, 252, 253, 254, 293], 257: [256, 257, 258, 259, 301, 302, 303, 304], 297: [294, 295, 296, 297, 298, 299, 300, 344], 341: [338, 339, 340, 341, 342, 343, 382, 425], 347: [345, 346, 347, 348, 349, 391, 392, 393], 386: [383, 384, 385, 386, 387, 388, 389, 390]}
{743: [740, 741, 742, 743, 744, 745, 746, 747], 779: [776, 777, 778, 779, 780, 781, 782, 783], 814: [810, 811, 812, 813, 814, 815, 816, 817], 848: [844, 845, 846, 847, 848, 849, 850, 851], 853: [748, 784, 785, 818, 819, 852, 853, 887], 882: [878, 879, 880, 881, 882, 883, 884, 885], 914: [911, 912, 913, 914], 918: [886, 916, 917, 918, 919, 920, 952, 953], 948: [944, 945, 946, 947, 948, 949, 950, 951], 980: [976, 977, 978, 979, 980, 981, 982, 983], 1011: [1007, 1008, 1009, 1010, 1011, 1012, 1013, 1014], 1015: [984, 985, 1015, 1016, 1045, 1046, 1075, 1076], 1041: [1037, 1038, 1039, 1040, 1041, 1042, 1043, 1044], 1071: [1067, 1068, 1069, 1070, 1071, 1072, 1073, 1074]}
{789: [786, 787, 788, 789, 790, 791, 792, 793], 824: [820, 821, 822, 823, 824, 825, 826, 827], 858: [854, 855, 856, 857, 858, 859, 860, 861], 863: [794, 829, 830, 831, 863, 864, 865, 866], 892: [888, 889, 890, 891, 892, 893], 896: [828, 862, 894, 895, 896, 897, 898, 899], 924: [921, 922, 923, 924], 926: [926, 927], 929: [928, 929, 930, 931, 932, 962, 963, 964], 958: [954, 955, 956, 957, 958, 959, 960, 961], 990: [986, 987, 988, 989, 990, 991, 1021, 1022], 993: [992, 993, 994, 995, 1023, 1024, 1025, 1054], 1018: [1017, 1018, 1019, 1020, 1047, 1048, 1077, 1078], 1051: [1049, 1050, 1051, 1052, 1053, 1079, 1082, 1083], 1109: [1080, 1081, 1108, 1109, 1110, 1135, 1136, 1161]}
