The optimal value is 721419.1296
Service ways: {36, 58, 68, 8, 47, 17, 26}
Inverters: 2159 2656 1425 1313 2912 821 447 118 1159 3090 3162 740 2675 1778 1052 2129 800 329 2021 2472 390 100 2978 1384 1235 2138 1929 759 2686 1856 
Cable routing:
{1836: [1767, 1768, 1769, 1835, 1836, 1837, 1902, 1903], 1900: [1765, 1766, 1833, 1834, 1899, 1900, 1901, 1966], 1905: [1771, 1772, 1839, 1840, 1905, 1906, 1971, 1972], 2034: [1770, 1838, 1904, 1970, 2034, 2035, 2098, 2161], 2096: [1968, 2032, 2096], 2156: [1965, 2029, 2093, 2156, 2218, 2279, 2339, 2399], 2157: [2030, 2094, 2157, 2219, 2280, 2340, 2400], 2158: [1967, 2031, 2095, 2158, 2220, 2281, 2341], 2160: [1969, 2033, 2097, 2160, 2222, 2223, 2283, 2343], 2162: [2036, 2099, 2100, 2162, 2163, 2224, 2285, 2345], 2221: [2221, 2282, 2342], 2286: [2225, 2286, 2287, 2288, 2346, 2406, 2465, 2523], 2402: [2401, 2402, 2403, 2460, 2461, 2462, 2519, 2520], 2404: [2284, 2344, 2404, 2405, 2463, 2464, 2521, 2522], 2407: [2347, 2348, 2407, 2408, 2466, 2467, 2524, 2525]}
{2430: [2369, 2370, 2371, 2372, 2429, 2430, 2431, 2488], 2485: [2367, 2368, 2426, 2427, 2484, 2485, 2542, 2598], 2540: [2423, 2424, 2425, 2482, 2483, 2539, 2540, 2596], 2548: [2433, 2434, 2491, 2492, 2548, 2549, 2604, 2605], 2601: [2545, 2601], 2652: [2541, 2597, 2651, 2652, 2706, 2707, 2760, 2813], 2654: [2428, 2486, 2543, 2599, 2653, 2654, 2708, 2709], 2655: [2487, 2544, 2600, 2655, 2710, 2763, 2816, 2869], 2657: [2489, 2546, 2602, 2657, 2712, 2765, 2818, 2871], 2658: [2432, 2490, 2547, 2603, 2658, 2713, 2766, 2819], 2711: [2711, 2764, 2817], 2714: [2659, 2660, 2714, 2767, 2820, 2873, 2923], 2815: [2761, 2762, 2814, 2815, 2866, 2867, 2868, 2918], 2920: [2870, 2919, 2920, 2921, 2968, 2969, 2970, 3016], 2971: [2872, 2922, 2971, 2972, 3017, 3018, 3062, 3063]}
{1182: [1066, 1067, 1123, 1124, 1181, 1182, 1241, 1300], 1184: [1068, 1069, 1125, 1126, 1183, 1184, 1242, 1243], 1185: [1070, 1071, 1127, 1128, 1185, 1186, 1244, 1303], 1187: [1072, 1073, 1129, 1130, 1187, 1188, 1246, 1305], 1421: [1240, 1299, 1358, 1359, 1420, 1421, 1483, 1484], 1423: [1301, 1360, 1361, 1422, 1423, 1485, 1486, 1549], 1424: [1302, 1362, 1363, 1424, 1487, 1550, 1614, 1679], 1426: [1245, 1304, 1364, 1365, 1426, 1489, 1490, 1552], 1428: [1247, 1306, 1366, 1427, 1428, 1491, 1554, 1618], 1488: [1488, 1551, 1615, 1616], 1611: [1546, 1547, 1610, 1611, 1675, 1676, 1741, 1742], 1613: [1548, 1612, 1613, 1677, 1678, 1743, 1744, 1812], 1682: [1553, 1617, 1682, 1683, 1748, 1749, 1816, 1817], 1746: [1680, 1681, 1745, 1746, 1747, 1813, 1814, 1815]}
{1254: [1137, 1195, 1254], 1307: [1074, 1131, 1189, 1248, 1307, 1367, 1429, 1492], 1308: [1075, 1132, 1190, 1249, 1308, 1368, 1430, 1493], 1309: [1076, 1133, 1191, 1250, 1309, 1369, 1431, 1494], 1310: [1077, 1134, 1192, 1251, 1310, 1370, 1432, 1495], 1311: [1135, 1193, 1252, 1311, 1371, 1433, 1496, 1559], 1312: [1136, 1194, 1253, 1312, 1372, 1434], 1314: [1138, 1196, 1255, 1314, 1374, 1436], 1315: [1139, 1197, 1256, 1315, 1375, 1437, 1500], 1316: [1140, 1198, 1257, 1316, 1376, 1438, 1501], 1317: [1141, 1199, 1258, 1317, 1377, 1439, 1502], 1498: [1373, 1435, 1498, 1499, 1561, 1625, 1690, 1756], 1620: [1555, 1556, 1619, 1620, 1684, 1685, 1750, 1751], 1622: [1557, 1558, 1621, 1622, 1686, 1687, 1752, 1753], 1624: [1497, 1560, 1623, 1624, 1688, 1689, 1754, 1755]}
{2811: [2703, 2704, 2758, 2759, 2811, 2812, 2864, 2865], 2856: [2694, 2695, 2749, 2750, 2803, 2856, 2909, 2959], 2859: [2698, 2753, 2806, 2859], 2862: [2701, 2702, 2756, 2757, 2809, 2862, 2915, 2965], 2908: [2802, 2855, 2907, 2908, 2957, 2958, 3007, 3053], 2910: [2696, 2751, 2804, 2857, 2910, 2960, 3008, 3009], 2911: [2697, 2752, 2805, 2858, 2911, 2961, 2962, 3010], 2913: [2699, 2754, 2807, 2860, 2913, 2963, 3012, 3058], 2914: [2700, 2755, 2808, 2861, 2914, 2964, 3013, 3014], 2916: [2810, 2863, 2916, 2917, 2966, 2967, 3015, 3061], 3099: [3054, 3098, 3099, 3140, 3141, 3181, 3182, 3220], 3101: [3055, 3056, 3100, 3101, 3142, 3143, 3183, 3184], 3102: [3011, 3057, 3102, 3103, 3144, 3145, 3185, 3186], 3104: [3059, 3060, 3104, 3105, 3146, 3147, 3187, 3188]}
{624: [531, 576, 577, 578, 623, 624, 625, 672], 770: [671, 719, 720, 769, 770, 820], 773: [675, 723, 724, 725, 773, 774, 775, 825], 815: [618, 666, 714, 764, 815, 867, 920, 974], 816: [619, 667, 715, 765, 816, 868, 921, 975], 817: [620, 668, 716, 766, 817, 869, 922, 976], 818: [621, 669, 717, 767, 818, 870, 923, 977], 819: [575, 622, 670, 718, 768, 819, 871, 924], 822: [673, 721, 771, 822, 874, 927], 823: [626, 674, 722, 772, 823, 824, 875, 876], 979: [872, 925, 978, 979, 1033, 1034, 1089, 1090], 980: [873, 926, 980, 981, 1035, 1036, 1091, 1092], 982: [928, 929, 982, 983, 1037, 1038, 1093, 1094], 1031: [1029, 1030, 1031, 1032, 1085, 1086, 1087, 1088]}
{315: [235, 236, 274, 275, 314, 315, 356, 357], 317: [237, 238, 276, 277, 316, 317, 358, 359], 319: [239, 240, 278, 279, 318, 319, 361, 403], 320: [241, 242, 280, 281, 320, 321, 362, 404], 397: [234, 273, 313, 354, 355, 397, 441, 486], 443: [398, 399, 442, 443, 487, 488, 534, 581], 445: [400, 401, 444, 445, 489, 490, 536, 583], 446: [360, 402, 446, 491, 537, 584], 449: [363, 405, 449, 450, 494, 495, 540, 587], 492: [448, 492, 493, 538, 585, 633], 580: [532, 533, 579, 580, 627, 628, 676, 726], 630: [535, 582, 629, 630, 677, 678, 727, 728], 634: [539, 586, 634, 635, 682, 683, 732, 733], 680: [631, 632, 679, 680, 681, 729, 730, 731]}
{50: [17, 18, 19, 48, 49, 50, 82, 113], 87: [24, 55, 87], 92: [29, 30, 60, 61, 62, 92, 94, 123], 110: [16, 47, 79, 80, 110, 111, 143, 177], 115: [20, 51, 52, 84, 115, 148, 182, 218], 116: [21, 22, 53, 85, 116, 149, 183, 219], 117: [23, 54, 86, 117, 150, 184, 220], 119: [25, 56, 88, 119, 152, 186, 222], 120: [26, 57, 89, 120, 153, 187, 223, 224], 121: [27, 28, 58, 59, 90, 121, 154, 188], 124: [93, 124, 125, 157, 158, 191, 192, 227], 145: [81, 112, 144, 145, 178, 179, 214, 215], 147: [83, 114, 146, 147, 180, 181, 216, 217], 151: [151, 185, 221], 155: [91, 122, 155, 156, 189, 190, 225, 226]}
{880: [776, 827, 828, 879, 880, 881, 932, 933], 985: [826, 877, 878, 930, 931, 984, 985, 1040], 1102: [1046, 1047, 1102], 1153: [1039, 1095, 1096, 1152, 1153, 1210, 1211, 1270], 1154: [986, 1041, 1097, 1154, 1212, 1271, 1330, 1390], 1155: [987, 1042, 1098, 1155, 1213, 1272, 1331, 1391], 1156: [934, 988, 1043, 1099, 1156, 1214, 1273, 1332], 1157: [935, 989, 1044, 1100, 1157, 1215, 1274, 1333], 1158: [990, 1045, 1101, 1158, 1216, 1275, 1334], 1160: [1103, 1104, 1160, 1161, 1162, 1218, 1277, 1336], 1217: [1217, 1276], 1280: [1220, 1221, 1279, 1280, 1281, 1339, 1399, 1461], 1337: [1219, 1278, 1337, 1338, 1397, 1398, 1459, 1460], 1395: [1335, 1392, 1393, 1394, 1395, 1396, 1457, 1458], 1400: [1340, 1341, 1400, 1401, 1402, 1462, 1463, 1464]}
{2950: [2899, 2900, 2901, 2948, 2949, 2950, 2999, 3045], 2996: [2945, 2946, 2947, 2994, 2995, 2996, 3042, 3087], 3086: [3040, 3041, 3085, 3086, 3128, 3169, 3208, 3239], 3089: [2997, 2998, 3043, 3044, 3088, 3089, 3131, 3172], 3091: [2951, 3000, 3046, 3091, 3133, 3174], 3092: [2902, 2952, 3001, 3047, 3092, 3134, 3175, 3214], 3093: [2903, 2953, 3002, 3048, 3093, 3135, 3176, 3215], 3094: [2904, 2954, 3003, 3049, 3094, 3136, 3177, 3216], 3095: [2905, 2955, 3004, 3050, 3095, 3137, 3178, 3217], 3096: [2906, 2956, 3005, 3051, 3096, 3138, 3179, 3218], 3097: [3006, 3052, 3097, 3139, 3180, 3219], 3171: [3129, 3130, 3170, 3171, 3209, 3210, 3240, 3241], 3207: [3127, 3168, 3206, 3207, 3237, 3238, 3259, 3260], 3212: [3132, 3173, 3211, 3212, 3213, 3242, 3243, 3244]}
{2985: [2934, 2935, 2936, 2937, 2983, 2984, 2985, 2986], 2988: [2938, 2939, 2940, 2941, 2987, 2988, 2989, 3034], 3038: [2942, 2943, 2944, 2992, 2993, 3038, 3039, 3084], 3121: [3079, 3121], 3156: [3028, 3073, 3115, 3156, 3195, 3226, 3248, 3263], 3157: [3029, 3074, 3116, 3157, 3196, 3227, 3249, 3264], 3158: [3030, 3075, 3117, 3158, 3197, 3228, 3250, 3265], 3159: [3031, 3076, 3118, 3159, 3198, 3229, 3251, 3266], 3160: [3032, 3077, 3119, 3160, 3199, 3230, 3252, 3267], 3161: [3033, 3078, 3120, 3161, 3200, 3231, 3253, 3268], 3163: [3035, 3080, 3122, 3163, 3202, 3233, 3255], 3164: [2990, 3036, 3081, 3123, 3164, 3203, 3234, 3256], 3165: [2991, 3037, 3082, 3124, 3165, 3204, 3235, 3257], 3166: [3083, 3125, 3126, 3166, 3167, 3205, 3236, 3258], 3201: [3201, 3232, 3254]}
{547: [500, 501, 502, 546, 547, 548, 594, 642], 550: [503, 504, 505, 506, 549, 550, 551, 552], 592: [498, 499, 544, 545, 591, 592, 593, 639], 637: [496, 541, 542, 588, 589, 636, 637, 684], 686: [497, 543, 590, 638, 685, 686, 736, 787], 738: [640, 687, 688, 738, 789, 841, 894, 948], 739: [641, 689, 690, 739, 790, 842, 895, 949], 741: [595, 643, 691, 741, 792, 844, 897, 951], 742: [596, 644, 692, 742, 793, 845, 898, 952], 743: [597, 645, 693, 743, 794, 846, 899, 953], 744: [598, 646, 694, 744, 795, 847, 900, 954], 786: [734, 735, 785, 786, 837, 838, 891, 945], 791: [791, 843, 896, 950], 840: [737, 788, 839, 840, 892, 893, 946, 947]}
{2503: [2444, 2445, 2446, 2501, 2502, 2503, 2559, 2560], 2507: [2448, 2449, 2450, 2506, 2507, 2508, 2564, 2620], 2557: [2498, 2499, 2500, 2555, 2556, 2557, 2612, 2613], 2667: [2611, 2666, 2667, 2721, 2722, 2775, 2828, 2881], 2669: [2558, 2614, 2668, 2669, 2723, 2724, 2776, 2777], 2671: [2615, 2616, 2670, 2671, 2726, 2779, 2832, 2885], 2672: [2504, 2561, 2617, 2672, 2727, 2780, 2833, 2886], 2673: [2447, 2505, 2562, 2618, 2673, 2728, 2781, 2834], 2674: [2563, 2619, 2674, 2729, 2782, 2835, 2887, 2888], 2676: [2565, 2621, 2676, 2731, 2784, 2837, 2890, 2891], 2677: [2451, 2509, 2566, 2622, 2677, 2732, 2785, 2838], 2678: [2510, 2567, 2623, 2678, 2733, 2786, 2839, 2892], 2730: [2730, 2783, 2836, 2889], 2831: [2725, 2778, 2829, 2830, 2831, 2882, 2883, 2884]}
{1581: [1454, 1455, 1517, 1518, 1580, 1581, 1644, 1645], 1712: [1520, 1583, 1647, 1712], 1773: [1452, 1515, 1578, 1642, 1707, 1773, 1841, 1907], 1774: [1453, 1516, 1579, 1643, 1708, 1774, 1842, 1908], 1776: [1709, 1710, 1775, 1776, 1843, 1844, 1910, 1976], 1777: [1456, 1519, 1582, 1646, 1711, 1777, 1845, 1911], 1779: [1521, 1584, 1648, 1713, 1779, 1847, 1913, 1979], 1780: [1522, 1585, 1649, 1714, 1780, 1848, 1914, 1980], 1781: [1523, 1586, 1650, 1715, 1781, 1849, 1915, 1981], 1975: [1909, 1973, 1974, 1975, 2039, 2103, 2166, 2228], 1978: [1846, 1912, 1977, 1978, 2042, 2043, 2106, 2169], 2102: [2037, 2038, 2101, 2102, 2164, 2165, 2226, 2227], 2105: [2040, 2041, 2104, 2105, 2167, 2168, 2229, 2230], 2108: [2044, 2045, 2107, 2108, 2109, 2170, 2171, 2172]}
{830: [777, 778, 779, 829, 830, 831, 882, 883], 834: [780, 781, 782, 783, 833, 834, 835, 887], 996: [941, 996], 1048: [936, 937, 991, 992, 1048, 1105, 1163, 1222], 1049: [884, 938, 993, 1049, 1106, 1164, 1223, 1282], 1050: [832, 885, 939, 994, 1050, 1107, 1165, 1224], 1051: [886, 940, 995, 1051, 1108, 1166, 1225, 1284], 1053: [888, 942, 997, 1053, 1110, 1168], 1054: [784, 836, 889, 943, 998, 1054, 1111, 1169], 1055: [890, 944, 999, 1055, 1112, 1170, 1229, 1288], 1109: [1109, 1167, 1226, 1285], 1286: [1227, 1228, 1286, 1287, 1346, 1408, 1471, 1534], 1343: [1283, 1342, 1343, 1404, 1405, 1467, 1468, 1531], 1407: [1344, 1345, 1406, 1407, 1469, 1470, 1532, 1533], 1409: [1347, 1348, 1409, 1410, 1472, 1473, 1535, 1536]}
{1871: [1736, 1737, 1804, 1805, 1870, 1871, 1937], 1873: [1739, 1740, 1807, 1808, 1873, 1874, 1939, 2003], 1941: [1809, 1810, 1875, 1876, 1941, 1942, 2005, 2006], 2002: [1738, 1806, 1872, 1938, 2002, 2066], 2128: [2001, 2065, 2128, 2190, 2251, 2311], 2130: [2067, 2130, 2192, 2253, 2313, 2373], 2131: [1940, 2004, 2068, 2131, 2193, 2254, 2314, 2374], 2132: [2069, 2070, 2132, 2133, 2194, 2255, 2315, 2375], 2134: [1811, 1877, 1943, 2007, 2071, 2134, 2196, 2257], 2135: [1878, 1944, 2008, 2072, 2135, 2197, 2258, 2318], 2136: [1879, 1945, 2009, 2073, 2136, 2198, 2259, 2319], 2191: [2191, 2252, 2312], 2316: [2195, 2256, 2316, 2317, 2376, 2435, 2493, 2550], 2436: [2377, 2378, 2436, 2437, 2494, 2495, 2551, 2552], 2438: [2379, 2380, 2438, 2439, 2496, 2497, 2553, 2554]}
{510: [463, 464, 465, 466, 509, 510, 511, 555], 558: [467, 468, 512, 513, 558, 559, 605, 606], 601: [462, 507, 508, 553, 554, 599, 600, 601], 651: [556, 557, 602, 603, 604, 651, 699, 749], 655: [469, 514, 560, 607, 654, 655, 703, 753], 796: [647, 695, 745, 796, 848, 901, 955, 1010], 797: [648, 696, 746, 797, 849, 902, 956, 1011], 798: [649, 697, 747, 798, 850, 903, 957, 1012], 799: [650, 698, 748, 799, 851, 904, 958, 1013], 801: [652, 700, 750, 801, 853, 906, 960, 1015], 802: [653, 701, 751, 802, 854, 907, 961, 1016], 803: [702, 752, 803, 804, 855, 908, 962, 1017], 852: [852, 905, 959, 1014], 909: [856, 857, 909, 910, 963, 964, 1018, 1019]}
{288: [211, 247, 248, 249, 286, 288, 328, 370], 289: [212, 250, 289], 323: [243, 244, 282, 283, 322, 323, 364, 365], 325: [245, 246, 285, 325, 326, 367, 409, 453], 330: [213, 251, 290, 330, 372, 414], 331: [252, 291, 331, 373, 415, 459], 332: [253, 292, 332, 374, 416, 460, 461], 333: [254, 293, 294, 333, 334, 375, 376, 417], 335: [255, 256, 257, 295, 335, 377, 418, 419], 336: [258, 296, 297, 336, 378, 379, 420, 421], 338: [259, 298, 337, 338, 380, 422, 423, 424], 339: [260, 261, 299, 300, 339, 340, 381, 382], 366: [284, 324, 366, 406, 407, 408, 451, 452], 369: [287, 327, 368, 369, 410, 411, 454, 455], 413: [371, 412, 413, 456, 457, 458]}
{1692: [1563, 1564, 1627, 1628, 1692, 1693, 1758, 1759], 1694: [1565, 1629, 1630, 1631, 1694, 1695, 1696, 1760], 1825: [1562, 1626, 1691, 1757, 1825, 1826, 1891, 1957], 2022: [1892, 1958, 2022, 2086, 2149], 2023: [1827, 1893, 1959, 2023, 2087, 2150, 2212], 2024: [1828, 1894, 1960, 2024, 2088, 2151, 2213, 2274], 2025: [1761, 1829, 1895, 1961, 2025, 2089, 2152, 2214], 2026: [1762, 1830, 1896, 1962, 2026, 2090, 2153, 2215], 2027: [1697, 1763, 1831, 1897, 1963, 2027, 2091, 2154], 2028: [1698, 1764, 1832, 1898, 1964, 2028, 2092, 2155], 2210: [2085, 2148, 2210, 2211, 2271, 2272, 2331, 2391], 2277: [2216, 2217, 2277, 2278, 2337, 2338, 2397, 2398], 2333: [2273, 2332, 2333, 2334, 2392, 2393, 2452, 2453], 2335: [2275, 2276, 2335, 2336, 2394, 2395, 2396, 2454]}
{2362: [2241, 2242, 2302, 2303, 2362, 2363, 2422, 2481], 2413: [2232, 2293, 2353, 2413], 2468: [2289, 2349, 2409, 2468, 2526, 2583, 2639], 2469: [2290, 2350, 2410, 2469, 2527, 2584, 2640], 2470: [2291, 2351, 2411, 2470, 2528, 2585, 2641], 2471: [2231, 2292, 2352, 2412, 2471, 2529, 2586, 2642], 2473: [2233, 2294, 2354, 2414, 2473, 2531, 2588, 2644], 2474: [2234, 2295, 2355, 2415, 2474, 2532, 2589, 2645], 2475: [2235, 2296, 2356, 2416, 2475, 2533, 2590, 2646], 2476: [2236, 2297, 2357, 2417, 2476, 2534, 2591, 2647], 2477: [2237, 2298, 2358, 2418, 2477, 2535, 2592, 2648], 2478: [2238, 2299, 2359, 2419, 2478, 2536, 2593, 2649], 2479: [2300, 2360, 2420, 2479, 2537, 2594, 2650, 2705], 2480: [2239, 2240, 2301, 2361, 2421, 2480, 2538, 2595], 2530: [2530, 2587, 2643]}
{231: [160, 194, 195, 196, 230, 231, 232, 269], 267: [126, 159, 193, 228, 229, 266, 267, 305], 343: [263, 264, 302, 303, 342, 343, 385, 427], 348: [308, 348], 349: [233, 270, 271, 309, 310, 349, 350, 391], 351: [272, 311, 312, 351, 352, 353, 393, 435], 384: [262, 301, 341, 383, 384, 425, 426, 470], 386: [265, 304, 344, 345, 386, 428, 471, 472], 388: [306, 346, 387, 388, 429, 430, 473, 474], 389: [268, 307, 347, 389, 431, 475], 432: [432, 433, 476, 477], 438: [395, 396, 437, 438, 439, 482, 527, 573], 478: [392, 434, 478, 479, 523, 524, 569, 570], 480: [394, 436, 480, 481, 525, 526, 571, 572], 483: [440, 483, 484, 485, 528, 529, 530, 574]}
{64: [0, 1, 31, 32, 63, 64, 95, 128], 66: [2, 3, 33, 34, 65, 66, 96, 97], 69: [5, 6, 37, 69], 75: [12, 13, 43, 44, 75, 76, 106, 139], 77: [14, 15, 45, 46, 77, 78, 108, 109], 99: [4, 35, 36, 68, 99, 132, 166, 202], 101: [7, 38, 70, 101, 134, 168, 204], 102: [8, 39, 71, 102, 135, 169, 205], 103: [9, 40, 72, 103, 136, 170, 206], 104: [10, 11, 41, 73, 104, 137, 171, 207], 105: [42, 74, 105, 138, 172, 173, 208, 209], 131: [67, 98, 130, 131, 164, 165, 200, 201], 133: [133, 167, 203], 140: [107, 140, 141, 142, 174, 175, 176, 210], 163: [127, 129, 161, 162, 163, 197, 198, 199]}
{2717: [2606, 2607, 2661, 2662, 2715, 2716, 2717, 2769], 2719: [2608, 2609, 2663, 2664, 2718, 2719, 2772, 2825], 2826: [2610, 2665, 2720, 2773, 2774, 2826, 2879, 2929], 2973: [2768, 2821, 2874, 2924, 2973, 3019, 3064, 3106], 2974: [2822, 2875, 2925, 2974, 3020, 3065, 3107, 3148], 2975: [2770, 2823, 2876, 2926, 2975, 3021, 3066, 3108], 2976: [2771, 2824, 2877, 2927, 2976, 3022, 3067, 3109], 2977: [2878, 2928, 2977, 3023, 3068], 2979: [2827, 2880, 2930, 2931, 2979, 2980, 3025, 3026], 2981: [2932, 2933, 2981, 2982, 3027, 3072, 3114, 3155], 3069: [3024, 3069, 3070, 3071, 3111, 3152, 3191, 3222], 3151: [3110, 3149, 3150, 3151, 3189, 3190, 3221], 3153: [3112, 3113, 3153, 3154, 3192, 3193, 3223, 3245], 3224: [3194, 3224, 3225, 3246, 3247, 3261, 3262, 3269]}
{1265: [1148, 1149, 1206, 1207, 1265, 1266, 1324, 1325], 1378: [1142, 1200, 1259, 1318, 1378, 1440, 1503, 1566], 1379: [1143, 1201, 1260, 1319, 1379, 1441, 1504, 1567], 1380: [1144, 1202, 1261, 1320, 1380, 1442, 1505, 1568], 1381: [1145, 1203, 1262, 1321, 1381, 1443, 1506, 1569], 1382: [1146, 1204, 1263, 1322, 1382, 1444, 1507, 1570], 1383: [1147, 1205, 1264, 1323, 1383, 1445, 1508], 1386: [1150, 1208, 1267, 1326, 1385, 1386, 1448, 1511], 1387: [1151, 1209, 1268, 1327, 1387, 1449, 1512, 1575], 1388: [1269, 1328, 1329, 1388, 1389, 1450, 1451, 1514], 1446: [1446, 1447, 1509, 1572, 1636], 1573: [1510, 1573, 1574, 1637, 1638, 1702, 1703, 1704], 1576: [1513, 1576, 1577, 1639, 1640, 1641, 1705, 1706], 1635: [1571, 1632, 1633, 1634, 1635, 1699, 1700, 1701]}
{1121: [1008, 1009, 1064, 1065, 1121, 1122, 1179, 1180], 1176: [1005, 1061, 1118, 1176], 1230: [1000, 1056, 1113, 1171, 1230, 1289, 1349, 1411], 1231: [1001, 1057, 1114, 1172, 1231, 1290, 1350, 1412], 1232: [1002, 1058, 1115, 1173, 1232, 1291, 1351, 1413], 1233: [1003, 1059, 1116, 1174, 1233, 1292, 1352, 1414], 1234: [1004, 1060, 1117, 1175, 1234, 1293, 1294, 1353], 1236: [1006, 1062, 1119, 1177, 1236, 1295, 1355, 1417], 1237: [1007, 1063, 1120, 1178, 1237, 1296, 1356, 1418], 1297: [1238, 1239, 1297, 1298, 1357, 1419, 1482, 1545], 1476: [1474, 1475, 1476, 1537, 1538, 1539, 1602, 1603], 1478: [1415, 1477, 1478, 1540, 1541, 1604, 1605, 1670], 1479: [1354, 1416, 1479, 1480, 1542, 1543, 1606, 1671], 1608: [1481, 1544, 1607, 1608, 1609, 1672, 1673, 1674]}
{1884: [1818, 1819, 1820, 1883, 1884, 1885, 1886, 1950], 1888: [1821, 1822, 1823, 1824, 1887, 1888, 1889, 1890], 2075: [1881, 1947, 2011, 2075], 2137: [1880, 1946, 2010, 2074, 2137, 2199, 2260, 2320], 2139: [1882, 1948, 1949, 2012, 2076, 2139, 2201, 2262], 2140: [2013, 2077, 2140, 2202, 2263, 2323, 2383, 2442], 2141: [2014, 2078, 2141, 2203, 2264, 2324, 2384, 2443], 2142: [1951, 2015, 2079, 2142, 2204, 2265, 2325, 2385], 2143: [1952, 2016, 2080, 2143, 2205, 2266, 2326, 2386], 2144: [1953, 2017, 2081, 2144, 2206, 2267, 2327, 2387], 2145: [1954, 2018, 2082, 2145, 2207, 2268, 2328, 2388], 2146: [1955, 2019, 2083, 2146, 2208, 2269, 2329, 2389], 2147: [1956, 2020, 2084, 2147, 2209, 2270, 2330, 2390], 2321: [2200, 2261, 2321, 2322, 2381, 2382, 2440, 2441]}
{1663: [1597, 1598, 1599, 1662, 1663, 1664, 1729, 1797], 1727: [1595, 1596, 1660, 1661, 1726, 1727, 1794, 1795], 1868: [1668, 1669, 1734, 1735, 1802, 1868, 1934, 1998], 1928: [1728, 1796, 1861, 1862, 1927, 1928, 1992, 2056], 1930: [1730, 1798, 1863, 1864, 1930, 1994], 1931: [1600, 1665, 1731, 1799, 1865, 1931, 1995, 2059], 1932: [1601, 1666, 1732, 1800, 1866, 1932, 1996, 2060], 1933: [1667, 1733, 1801, 1867, 1933, 1997, 2061, 2062], 1935: [1803, 1869, 1935, 1936, 1999, 2000, 2063, 2064], 2057: [1993, 2057, 2119, 2120, 2182, 2243], 2121: [2058, 2121, 2122, 2123, 2183, 2244, 2304, 2364], 2186: [2124, 2125, 2186, 2187, 2247, 2248, 2307, 2308], 2188: [2126, 2127, 2188, 2189, 2249, 2250, 2309, 2310], 2245: [2184, 2185, 2245, 2246, 2305, 2306, 2365, 2366]}
{566: [519, 520, 521, 565, 566, 567, 613, 661], 609: [515, 516, 561, 562, 608, 609, 656, 657], 611: [517, 518, 563, 564, 610, 611, 659, 707], 756: [658, 704, 705, 706, 756, 807, 859, 912], 758: [612, 660, 708, 757, 758, 808, 809, 861], 760: [614, 662, 709, 710, 760, 811, 863, 916], 761: [522, 568, 615, 663, 711, 761, 812, 864], 762: [616, 664, 712, 762, 813, 865, 918, 972], 763: [617, 665, 713, 763, 814, 866, 919, 973], 806: [754, 755, 805, 806, 858, 911, 965, 1020], 810: [810, 862, 914, 915], 967: [860, 913, 966, 967, 968, 1021, 1022, 1078], 1024: [969, 970, 1023, 1024, 1025, 1079, 1080, 1081], 1026: [917, 971, 1026, 1027, 1028, 1082, 1083, 1084]}
{2574: [2458, 2459, 2516, 2517, 2573, 2574, 2629, 2630], 2628: [2456, 2457, 2514, 2515, 2572, 2628, 2683, 2738], 2631: [2518, 2575, 2631], 2679: [2511, 2568, 2624, 2679, 2734, 2787, 2840, 2893], 2680: [2512, 2569, 2625, 2680, 2735, 2788, 2841, 2894], 2681: [2455, 2513, 2570, 2626, 2681, 2736, 2789, 2842], 2682: [2571, 2627, 2682, 2737, 2790, 2843, 2895, 2896], 2687: [2576, 2632, 2687, 2742, 2795, 2848], 2688: [2577, 2633, 2688, 2743, 2796, 2849], 2689: [2578, 2634, 2689, 2744, 2797, 2850], 2690: [2579, 2580, 2635, 2636, 2690, 2745, 2798, 2851], 2692: [2581, 2582, 2637, 2638, 2692, 2693, 2747, 2748], 2741: [2685, 2740, 2741, 2793, 2794, 2846, 2847], 2792: [2684, 2739, 2791, 2792, 2844, 2845, 2897, 2898], 2799: [2691, 2746, 2799, 2800, 2801, 2852, 2853, 2854]}
{1591: [1403, 1465, 1526, 1527, 1528, 1590, 1591, 1655], 1652: [1524, 1525, 1587, 1588, 1651, 1652, 1717, 1783], 1657: [1530, 1593, 1594, 1657, 1658, 1659, 1722, 1788], 1721: [1466, 1529, 1592, 1656, 1720, 1721, 1787, 1855], 1850: [1716, 1782, 1850, 1916, 1982, 2046, 2110, 2173], 1852: [1589, 1653, 1718, 1784, 1851, 1852, 1917, 1918], 1853: [1654, 1719, 1785, 1853, 1919, 1985, 2049, 2113], 1857: [1723, 1724, 1789, 1790, 1857, 1923, 1989, 2053], 1859: [1725, 1791, 1792, 1793, 1859, 1860, 1925, 1926], 1920: [1786, 1854, 1920, 1986, 2050, 2114, 2176, 2177], 1922: [1921, 1922, 1987, 1988], 1990: [1858, 1924, 1990, 1991, 2054, 2055, 2118, 2181], 2048: [1983, 1984, 2047, 2048, 2111, 2112, 2174, 2175], 2116: [2051, 2052, 2115, 2116, 2117, 2178, 2179, 2180]}
