The optimal value is 397226.2500
Service ways: {38, 8, 48, 19, 58, 28}
Inverters: 84 389 1510 1490 694 1086 1831 1109 685 1096 707 376 1519 96 1117 1541 368 
Cable routing:
{6: [0, 1, 2, 3, 4, 5, 6, 7], 12: [8, 9, 10, 11, 12, 13, 14, 15], 22: [18, 19, 20, 21, 22, 23, 24, 25], 34: [30, 31, 32, 33, 34, 35, 36, 37], 48: [44, 45, 46, 47, 48, 49, 50, 51], 52: [26, 38, 39, 52, 53, 54, 55, 70], 65: [61, 62, 63, 64, 65, 66, 67, 68], 83: [80, 81, 82, 83], 87: [69, 85, 86, 87, 88, 89, 108, 109], 90: [71, 72, 90, 91, 92, 110, 111, 112], 104: [100, 101, 102, 103, 104, 105, 106, 107], 125: [121, 122, 123, 124, 125, 126, 147, 148], 128: [127, 128, 129, 130, 131, 149, 150, 151], 145: [143, 144, 145, 146, 167, 168, 169, 170]}
{325: [320, 321, 322, 323, 324, 325, 326, 327], 356: [353, 354, 355, 356, 357, 358], 360: [328, 329, 330, 359, 360, 361, 362, 363], 386: [351, 352, 383, 384, 385, 386, 387, 388], 392: [390, 391, 392, 393, 394, 395, 396, 426], 418: [416, 417, 418, 419, 451, 452, 485, 486], 423: [420, 421, 422, 423, 424, 425], 428: [427, 428, 429, 430, 461, 462, 463, 464], 457: [453, 454, 455, 456, 457, 458, 459, 460], 491: [488, 489, 490, 491, 492, 525, 526, 527], 494: [493, 494, 495, 496, 497, 498, 528, 529], 522: [487, 520, 521, 522, 523, 524, 555, 556], 531: [530, 531, 532, 533, 565, 566, 567, 568], 561: [557, 558, 559, 560, 561, 562, 563, 564]}
{1259: [1256, 1257, 1258, 1259, 1260, 1261, 1262, 1263], 1296: [1252, 1253, 1254, 1255, 1294, 1295, 1296, 1297], 1301: [1298, 1299, 1300, 1301, 1302, 1303, 1304, 1305], 1343: [1340, 1341, 1342, 1343, 1344, 1345, 1346, 1347], 1380: [1336, 1337, 1338, 1339, 1378, 1379, 1380, 1381], 1385: [1382, 1383, 1384, 1385, 1386, 1387, 1388, 1389], 1427: [1424, 1425, 1426, 1427, 1428, 1429, 1430, 1431], 1465: [1420, 1421, 1422, 1423, 1463, 1464, 1465, 1466], 1469: [1467, 1468, 1469, 1470, 1471, 1472, 1473, 1509], 1506: [1504, 1505, 1506, 1507, 1508, 1545, 1546, 1547], 1511: [1511, 1512, 1513, 1514], 1551: [1548, 1549, 1550, 1551, 1552, 1553, 1554, 1555], 1588: [1586, 1587, 1588, 1589, 1627, 1628, 1629, 1630], 1592: [1590, 1591, 1592, 1593, 1594, 1595, 1596, 1631]}
{1323: [1319, 1320, 1321, 1322, 1323, 1324, 1325, 1326], 1365: [1362, 1363, 1364, 1365, 1366, 1367, 1368, 1369], 1402: [1317, 1318, 1359, 1360, 1361, 1401, 1402, 1403], 1407: [1405, 1406, 1407, 1408, 1409, 1410, 1411, 1412], 1447: [1404, 1443, 1444, 1445, 1446, 1447, 1448, 1449], 1487: [1485, 1486, 1487, 1488, 1489, 1526, 1527, 1528], 1491: [1450, 1451, 1491, 1492], 1494: [1452, 1453, 1454, 1493, 1494, 1495, 1535, 1536], 1531: [1529, 1530, 1531, 1532, 1533, 1534, 1572, 1573], 1569: [1567, 1568, 1569, 1570, 1571, 1608, 1609, 1610], 1575: [1574, 1575, 1576, 1577, 1616, 1617, 1618, 1657], 1613: [1611, 1612, 1613, 1614, 1615, 1654, 1655, 1656], 1652: [1649, 1650, 1651, 1652, 1653, 1688, 1689, 1690], 1692: [1691, 1692, 1693, 1694, 1724, 1725, 1726, 1727]}
{515: [512, 513, 514, 515, 516, 517, 518, 519], 550: [546, 547, 548, 549, 550, 551, 552, 553], 585: [581, 582, 583, 584, 585, 586, 587, 588], 621: [617, 618, 619, 620, 621, 622], 625: [554, 589, 590, 623, 624, 625, 626, 661], 657: [653, 654, 655, 656, 657, 658, 659, 660], 693: [690, 691, 692, 693], 695: [695, 696, 697], 699: [662, 663, 698, 699, 700, 736, 737, 738], 731: [727, 728, 729, 730, 731, 732, 733, 734], 769: [765, 766, 767, 768, 769, 770, 771], 773: [735, 772, 773, 774, 775, 776, 811, 850], 807: [803, 804, 805, 806, 807, 808, 809, 810], 813: [812, 813, 814, 815, 851, 852, 853, 854], 846: [842, 843, 844, 845, 846, 847, 848, 849]}
{921: [880, 881, 882, 918, 919, 920, 921, 922], 924: [883, 884, 885, 886, 923, 924, 925, 926], 956: [914, 915, 916, 917, 954, 955, 956, 957], 961: [959, 960, 961, 962, 963, 964, 965, 966], 999: [958, 995, 996, 997, 998, 999, 1000, 1001], 1044: [1002, 1003, 1040, 1041, 1042, 1043, 1044, 1045], 1047: [1004, 1005, 1006, 1007, 1046, 1047, 1048, 1049], 1080: [1037, 1038, 1039, 1079, 1080, 1081, 1122, 1123], 1085: [1082, 1083, 1084, 1085], 1089: [1087, 1088, 1089, 1090, 1091, 1132, 1133, 1134], 1129: [1124, 1125, 1126, 1127, 1128, 1129, 1130, 1131], 1168: [1166, 1167, 1168, 1169, 1209, 1210, 1211, 1212], 1172: [1170, 1171, 1172, 1173, 1174, 1175, 1176, 1177], 1215: [1213, 1214, 1215, 1216, 1217, 1218, 1219, 1220]}
{1673: [1632, 1633, 1634, 1669, 1670, 1671, 1672, 1673], 1676: [1635, 1636, 1637, 1675, 1676, 1677, 1678, 1679], 1711: [1674, 1709, 1710, 1711, 1712, 1713, 1714, 1715], 1741: [1706, 1707, 1708, 1739, 1740, 1741, 1742, 1743], 1749: [1716, 1717, 1718, 1747, 1748, 1749, 1750, 1751], 1772: [1744, 1745, 1746, 1770, 1771, 1772, 1773, 1774], 1793: [1767, 1768, 1769, 1791, 1792, 1793, 1794, 1795], 1801: [1776, 1777, 1778, 1779, 1800, 1801, 1802, 1803], 1815: [1796, 1797, 1812, 1813, 1814, 1815, 1816], 1818: [1775, 1798, 1799, 1817, 1818, 1819, 1820, 1821], 1827: [1810, 1811, 1825, 1826, 1827, 1836, 1837, 1838], 1830: [1828, 1829, 1830], 1832: [1832, 1833, 1834, 1835], 1842: [1839, 1840, 1841, 1842, 1843, 1844, 1845], 1850: [1846, 1847, 1848, 1849, 1850, 1851, 1852]}
{901: [898, 899, 900, 901, 902, 903, 904, 905], 936: [895, 896, 897, 935, 936, 937, 976, 977], 941: [938, 939, 940, 941, 942, 943, 944, 945], 982: [979, 980, 981, 982, 983, 984, 985, 986], 1024: [1021, 1022, 1023, 1024, 1025, 1026, 1027, 1028], 1062: [978, 1018, 1019, 1020, 1060, 1061, 1062, 1063], 1066: [1064, 1065, 1066, 1067, 1068, 1069, 1070, 1108], 1105: [1103, 1104, 1105, 1106, 1107, 1146, 1147, 1148], 1110: [1110, 1111, 1112, 1113], 1152: [1149, 1150, 1151, 1152, 1153, 1154, 1155, 1156], 1191: [1189, 1190, 1191, 1232, 1233, 1234, 1275, 1276], 1195: [1192, 1193, 1194, 1195, 1196, 1197, 1198, 1199], 1238: [1235, 1236, 1237, 1238, 1239, 1240, 1241, 1242], 1280: [1277, 1278, 1279, 1280, 1281, 1282, 1283, 1284]}
{541: [539, 540, 541, 542, 543, 544, 545], 576: [573, 574, 575, 576, 577, 578, 579, 580], 607: [569, 570, 571, 572, 605, 606, 607, 608], 612: [609, 610, 611, 612, 613, 614, 615, 616], 648: [645, 646, 647, 648, 649, 650, 651, 652], 680: [641, 642, 643, 644, 678, 679, 680, 681], 684: [682, 683, 684], 686: [686, 687, 688, 689], 717: [715, 716, 717, 718, 719, 753, 754, 755], 722: [720, 721, 722, 723, 724, 725, 726], 760: [757, 758, 759, 760, 761, 762, 763, 764], 794: [756, 791, 792, 793, 794, 795, 832, 833], 798: [796, 797, 798, 799, 800, 801, 802], 837: [834, 835, 836, 837, 838, 839, 840, 841], 876: [872, 873, 874, 875, 876, 877, 878, 879]}
{891: [887, 888, 889, 890, 891, 892, 893, 894], 931: [927, 928, 929, 930, 931, 932, 933, 934], 971: [967, 968, 969, 970, 971, 972, 973, 974], 1012: [1008, 1009, 1010, 1011, 1012, 1013, 1014], 1054: [1050, 1051, 1052, 1053, 1054, 1055], 1057: [975, 1015, 1016, 1017, 1056, 1057, 1058, 1059], 1095: [1092, 1093, 1094, 1095], 1098: [1097, 1098, 1099, 1100, 1101, 1102], 1139: [1135, 1136, 1137, 1138, 1139, 1140], 1143: [1141, 1142, 1143, 1144, 1145, 1186, 1187, 1188], 1182: [1178, 1179, 1180, 1181, 1182, 1183, 1184, 1185], 1225: [1221, 1222, 1223, 1224, 1225, 1226, 1227], 1229: [1228, 1229, 1230, 1231, 1272, 1273, 1274, 1316], 1268: [1264, 1265, 1266, 1267, 1268, 1269, 1270, 1271], 1310: [1308, 1309, 1310, 1311, 1312, 1313, 1314, 1315]}
{597: [594, 595, 596, 597, 598, 599, 600, 601], 629: [591, 592, 593, 627, 628, 629, 630, 666], 633: [631, 632, 633, 634, 635, 636], 638: [602, 603, 604, 637, 638, 639, 640, 675], 670: [667, 668, 669, 670, 671, 672, 673, 674], 702: [664, 665, 701, 702, 703, 739, 740, 741], 706: [704, 705, 706], 708: [708, 709, 710], 713: [676, 677, 711, 712, 713, 714, 751, 752], 745: [742, 743, 744, 745, 746, 747, 748, 749], 783: [779, 780, 781, 782, 783, 784, 785, 786], 788: [750, 787, 788, 789, 790, 827, 828, 866], 817: [777, 778, 816, 817, 818, 855, 856, 857], 822: [819, 820, 821, 822, 823, 824, 825, 826], 861: [858, 859, 860, 861, 862, 863, 864, 865]}
{155: [132, 133, 134, 153, 154, 155, 156, 157], 179: [152, 176, 177, 178, 179, 180, 181], 204: [201, 202, 203, 204, 205, 206, 207], 230: [227, 228, 229, 230, 231, 232, 233], 257: [254, 255, 256, 257, 258, 259, 260, 261], 285: [282, 283, 284, 285, 286, 287, 288, 289], 314: [311, 312, 313, 314, 315, 316, 317, 318], 345: [343, 344, 345, 346, 347, 348], 374: [342, 373, 374, 375, 406, 407], 377: [377, 378, 379], 381: [319, 349, 350, 380, 381, 382, 414, 415], 410: [408, 409, 410, 411, 412, 413, 444, 445], 441: [440, 441, 442, 443, 474, 475, 508, 509], 448: [446, 447, 448, 449, 450, 482, 483, 484], 477: [476, 477, 478, 479, 480, 481, 510, 511]}
{1351: [1306, 1307, 1348, 1349, 1350, 1351, 1352, 1353], 1394: [1354, 1390, 1391, 1392, 1393, 1394, 1395, 1396], 1398: [1355, 1356, 1357, 1358, 1397, 1398, 1399, 1400], 1436: [1432, 1433, 1434, 1435, 1436, 1437, 1438, 1439], 1478: [1474, 1475, 1476, 1477, 1478, 1479], 1482: [1440, 1441, 1442, 1480, 1481, 1482, 1483, 1484], 1517: [1515, 1516, 1517, 1518, 1556, 1557, 1558, 1559], 1521: [1520, 1521, 1522, 1523, 1524, 1525], 1562: [1560, 1561, 1562, 1563, 1564, 1565, 1566, 1603], 1601: [1597, 1598, 1599, 1600, 1601, 1602, 1643, 1644], 1605: [1604, 1605, 1606, 1607, 1645, 1646, 1647, 1648], 1641: [1638, 1639, 1640, 1641, 1642, 1680, 1681, 1682], 1684: [1683, 1684, 1685, 1686, 1687, 1721, 1722, 1723], 1753: [1719, 1720, 1752, 1753, 1754, 1755, 1780, 1781]}
{42: [16, 17, 27, 28, 29, 41, 42, 43], 57: [40, 56, 57, 58, 59, 60], 76: [73, 74, 75, 76, 77, 78, 79], 95: [93, 94, 95], 97: [97, 98, 99, 120], 117: [113, 114, 115, 116, 117, 118, 119, 135], 139: [136, 137, 138, 139, 140, 141, 142, 166], 163: [158, 159, 160, 161, 162, 163, 164, 165], 188: [184, 185, 186, 187, 188, 189, 190, 191], 209: [182, 183, 208, 209, 234, 235, 236, 263], 214: [210, 211, 212, 213, 214, 215, 216, 217], 241: [237, 238, 239, 240, 241, 242, 243, 244], 269: [265, 266, 267, 268, 269, 270, 271, 272], 293: [262, 264, 290, 291, 292, 293, 294, 295], 298: [296, 297, 298, 299, 300, 301, 331, 332]}
{869: [829, 830, 831, 867, 868, 869, 870, 871], 909: [906, 907, 908, 909, 910, 911, 912, 913], 949: [946, 947, 948, 949, 950, 951, 952, 953], 990: [987, 988, 989, 990, 991, 992, 993, 994], 1032: [1029, 1030, 1031, 1032, 1033, 1034, 1035, 1036], 1074: [1071, 1072, 1073, 1074, 1075, 1076, 1077, 1078], 1116: [1114, 1115, 1116, 1157, 1158, 1159], 1118: [1118, 1119, 1120, 1121, 1160, 1161], 1163: [1162, 1163, 1164, 1165, 1205, 1206, 1207, 1208], 1202: [1200, 1201, 1202, 1203, 1204, 1243, 1244, 1245], 1249: [1247, 1248, 1249, 1250, 1251, 1292, 1293, 1335], 1288: [1246, 1285, 1286, 1287, 1288, 1289, 1290, 1291], 1330: [1327, 1328, 1329, 1330, 1331, 1332, 1333, 1334], 1372: [1370, 1371, 1372, 1373, 1374, 1375, 1376, 1377]}
{1417: [1413, 1414, 1415, 1416, 1417, 1418, 1419], 1459: [1455, 1456, 1457, 1458, 1459, 1460, 1461, 1462], 1500: [1496, 1497, 1498, 1499, 1500, 1501, 1502, 1503], 1540: [1537, 1538, 1539, 1540], 1542: [1542, 1543, 1544], 1582: [1578, 1579, 1580, 1581, 1582, 1583, 1584, 1585], 1623: [1620, 1621, 1622, 1623, 1624, 1625, 1626], 1660: [1619, 1658, 1659, 1660, 1661, 1695, 1696, 1697], 1664: [1662, 1663, 1664, 1665, 1666, 1667, 1668], 1701: [1698, 1699, 1700, 1701, 1702, 1703, 1704, 1705], 1730: [1728, 1729, 1730, 1756, 1757, 1758, 1782, 1783], 1734: [1731, 1732, 1733, 1734, 1735, 1736, 1737, 1738], 1762: [1759, 1760, 1761, 1762, 1763, 1764, 1765, 1766], 1786: [1784, 1785, 1786, 1787, 1788, 1789, 1790, 1804], 1806: [1805, 1806, 1807, 1808, 1809, 1822, 1823, 1824]}
{198: [172, 173, 174, 175, 197, 198, 199, 200], 220: [192, 193, 194, 195, 218, 219, 220, 245], 222: [171, 196, 221, 222, 223, 224, 225, 226], 249: [246, 247, 248, 249, 250, 251, 252, 253], 277: [274, 275, 276, 277, 278, 279, 280, 281], 306: [273, 302, 303, 304, 305, 306, 307, 308], 338: [309, 310, 336, 337, 338, 339, 340, 341], 366: [333, 334, 335, 364, 365, 366, 367, 397], 369: [369, 370, 371, 372], 401: [398, 399, 400, 401, 402, 403, 404, 405], 435: [431, 432, 433, 434, 435, 436, 437, 438], 469: [465, 466, 467, 468, 469, 470, 503, 538], 471: [439, 471, 472, 473, 504, 505, 506, 507], 501: [499, 500, 501, 502, 534, 535, 536, 537]}
