The optimal value is 344032.6345
Service ways: {33, 5, 43, 14, 22}
Inverters: 741 375 1527 353 1178 402 764 102 1227 1246 113 1539 754 730 1197 
Cable routing:
{559: [556, 557, 558, 559, 560, 561, 562, 563], 598: [553, 554, 555, 597, 598, 599, 642, 643], 603: [600, 601, 602, 603, 604, 605, 606, 607], 648: [645, 646, 647, 648, 649, 650, 651, 652], 694: [691, 692, 693, 694, 695, 696, 697, 698], 737: [644, 688, 689, 690, 735, 736, 737, 738], 740: [739, 740], 742: [742, 743, 744, 745], 785: [783, 784, 785, 786, 787, 832, 833, 834], 789: [788, 789, 790, 791, 792, 793], 838: [835, 836, 837, 838, 839, 840, 841, 842], 881: [879, 880, 881, 925, 926, 927, 971, 972], 885: [882, 883, 884, 885, 886, 887, 888, 889], 931: [928, 929, 930, 931, 932, 933, 934, 935], 976: [973, 974, 975, 976, 977, 978, 979, 980]}
{261: [257, 258, 259, 260, 261, 262, 263, 296], 299: [264, 297, 298, 299, 300, 301, 302, 303], 331: [292, 293, 294, 295, 329, 330, 331, 332], 336: [333, 334, 335, 336, 337, 338, 339, 340], 342: [304, 305, 306, 307, 341, 342, 343, 344], 370: [368, 369, 370, 371, 408, 409, 410, 411], 374: [372, 373, 374], 376: [376, 377, 378], 380: [379, 380, 381, 382, 383, 420, 421, 422], 415: [412, 413, 414, 415, 416, 417, 418, 419], 450: [448, 449, 450, 451, 489, 490, 491, 492], 455: [452, 453, 454, 455, 456, 457], 460: [458, 459, 460, 461, 462, 501, 502, 503], 496: [494, 495, 496, 497, 498, 499, 500, 538], 535: [493, 531, 532, 533, 534, 535, 536, 537]}
{1405: [1401, 1402, 1403, 1404, 1405, 1406, 1407, 1408], 1433: [1398, 1399, 1400, 1431, 1432, 1433, 1434, 1463], 1438: [1435, 1436, 1437, 1438, 1439, 1440, 1441], 1469: [1464, 1465, 1466, 1467, 1468, 1469, 1470, 1471], 1473: [1442, 1443, 1444, 1472, 1473, 1474, 1475, 1503], 1499: [1496, 1497, 1498, 1499, 1500, 1501, 1502], 1522: [1493, 1494, 1495, 1521, 1522, 1523, 1548, 1572], 1526: [1524, 1525, 1526], 1528: [1528, 1529, 1530], 1532: [1504, 1505, 1531, 1532, 1533, 1557, 1558, 1559], 1553: [1549, 1550, 1551, 1552, 1553, 1554, 1555, 1556], 1577: [1573, 1574, 1575, 1576, 1577, 1578, 1579, 1580], 1582: [1581, 1582, 1583, 1604, 1605, 1606, 1625, 1626], 1600: [1596, 1597, 1598, 1599, 1600, 1601, 1602, 1603], 1620: [1617, 1618, 1619, 1620, 1621, 1622, 1623, 1624]}
{148: [119, 120, 121, 147, 148, 149, 150, 179], 208: [176, 177, 178, 207, 208, 209, 210, 211], 242: [239, 240, 241, 242, 243, 244], 246: [180, 181, 212, 213, 245, 246, 247, 281], 277: [273, 274, 275, 276, 277, 278, 279, 280], 314: [311, 312, 313, 314, 315, 316, 317, 318], 348: [308, 309, 310, 345, 346, 347, 348, 349], 352: [350, 351, 352], 354: [354, 355, 356, 357], 388: [385, 386, 387, 388, 389, 426, 427, 428], 393: [390, 391, 392, 393, 394, 395, 396, 397], 433: [430, 431, 432, 433, 434, 435, 436, 437], 470: [429, 468, 469, 470, 471, 510, 511, 512], 474: [472, 473, 474, 475, 476, 477, 478], 516: [513, 514, 515, 516, 517, 518, 519, 520]}
{966: [963, 964, 965, 966, 967, 968, 969, 970], 1005: [959, 960, 961, 962, 1003, 1004, 1005, 1006], 1010: [1007, 1008, 1009, 1010, 1011, 1012, 1013, 1014], 1054: [1051, 1052, 1053, 1054, 1055, 1056, 1057, 1058], 1091: [1047, 1048, 1049, 1050, 1090, 1091, 1092, 1132], 1096: [1093, 1094, 1095, 1096, 1097, 1098, 1099, 1100], 1138: [1135, 1136, 1137, 1138, 1139, 1140, 1141, 1142], 1174: [1133, 1134, 1173, 1174, 1175, 1213, 1214, 1252], 1177: [1176, 1177], 1179: [1179, 1180, 1181, 1182], 1218: [1215, 1216, 1217, 1218, 1219, 1220, 1221], 1257: [1253, 1254, 1255, 1256, 1257, 1258, 1259, 1260], 1295: [1291, 1292, 1293, 1294, 1295, 1296, 1297, 1298], 1332: [1328, 1329, 1330, 1331, 1332, 1333, 1334, 1335], 1367: [1364, 1365, 1366, 1367, 1368, 1369, 1370]}
{217: [215, 216, 217, 218, 219, 220, 221, 222], 251: [214, 248, 249, 250, 251, 252, 253, 254], 286: [282, 283, 284, 285, 286, 287, 288, 289], 323: [319, 320, 321, 322, 323, 324, 325, 326], 327: [255, 256, 290, 291, 327, 328, 366, 367], 362: [358, 359, 360, 361, 362, 363, 364, 365], 401: [398, 399, 400, 401], 405: [403, 404, 405, 406, 407, 445, 446, 447], 442: [438, 439, 440, 441, 442, 443, 444, 483], 481: [479, 480, 481, 482, 521, 522, 523, 566], 486: [484, 485, 486, 487, 488, 528, 529, 530], 525: [524, 525, 526, 527, 567, 568, 569, 570], 609: [564, 565, 608, 609, 610, 653, 654, 655], 612: [611, 612, 613, 614, 656, 657, 658, 659]}
{582: [539, 540, 541, 580, 581, 582, 583, 584], 586: [542, 543, 544, 545, 585, 586, 587, 588], 625: [578, 579, 622, 623, 624, 625, 626, 627], 671: [628, 667, 668, 669, 670, 671, 672, 673], 675: [629, 630, 631, 632, 674, 675, 676, 677], 717: [713, 714, 715, 716, 717, 718, 719, 720], 763: [760, 761, 762, 763], 768: [721, 722, 723, 766, 767, 768, 769, 770], 812: [765, 808, 809, 810, 811, 812, 813, 814], 816: [815, 816, 817, 818, 865, 866, 912, 958], 861: [857, 858, 859, 860, 861, 862, 863, 864], 908: [904, 905, 906, 907, 908, 909, 910, 911], 954: [950, 951, 952, 953, 954, 955, 956, 957], 999: [995, 996, 997, 998, 999, 1000, 1001, 1002]}
{12: [0, 1, 10, 11, 12, 13, 14, 15], 28: [25, 26, 27, 28, 29, 30, 31], 50: [45, 46, 47, 48, 49, 50, 51, 52], 54: [32, 33, 34, 53, 54, 55, 56, 80], 76: [73, 74, 75, 76, 77, 78, 79], 95: [68, 69, 70, 93, 94, 95, 122, 123], 98: [71, 72, 96, 97, 98, 124, 125, 126], 101: [99, 100, 101], 103: [103, 104, 105], 107: [81, 82, 106, 107, 108, 135, 136, 164], 130: [127, 128, 129, 130, 131, 132, 133, 134], 153: [151, 152, 153, 154, 155, 182, 183, 184], 159: [156, 157, 158, 159, 160, 161, 162, 163], 190: [185, 186, 187, 188, 189, 190, 191, 223], 193: [192, 193, 194, 195, 224, 225, 226, 227]}
{1019: [1015, 1016, 1017, 1018, 1019, 1020, 1021, 1022], 1063: [1059, 1060, 1061, 1062, 1063, 1064, 1065, 1066], 1105: [1101, 1102, 1103, 1104, 1105, 1106, 1107, 1108], 1109: [1023, 1024, 1067, 1068, 1109, 1110, 1151, 1152], 1147: [1143, 1144, 1145, 1146, 1147, 1148, 1149, 1150], 1187: [1184, 1185, 1186, 1187, 1188, 1189], 1225: [1183, 1222, 1223, 1224, 1225, 1226], 1230: [1190, 1191, 1192, 1228, 1229, 1230, 1231, 1232], 1263: [1261, 1262, 1263, 1264, 1265, 1299, 1300, 1301], 1269: [1267, 1268, 1269, 1270, 1271, 1307, 1308, 1309], 1304: [1266, 1302, 1303, 1304, 1305, 1306, 1340, 1341], 1338: [1336, 1337, 1338, 1339, 1371, 1372, 1373, 1374], 1344: [1342, 1343, 1344, 1345, 1346, 1379, 1380, 1381], 1376: [1375, 1376, 1377, 1378, 1409, 1410, 1411, 1412]}
{1038: [1035, 1036, 1037, 1038, 1039, 1040, 1041, 1042], 1082: [1079, 1080, 1081, 1082, 1083, 1084, 1085, 1086], 1088: [1043, 1044, 1045, 1046, 1087, 1088, 1089, 1131], 1124: [1121, 1122, 1123, 1124, 1125, 1126, 1127, 1128], 1166: [1163, 1164, 1165, 1166, 1167, 1168, 1169, 1170], 1206: [1203, 1204, 1205, 1206, 1207, 1208], 1211: [1129, 1130, 1171, 1172, 1209, 1210, 1211, 1212], 1245: [1243, 1244, 1245], 1249: [1247, 1248, 1249, 1250, 1251, 1288, 1289, 1290], 1285: [1282, 1283, 1284, 1285, 1286, 1287], 1323: [1320, 1321, 1322, 1323, 1324, 1325, 1326, 1327], 1360: [1357, 1358, 1359, 1360, 1361, 1362, 1363], 1395: [1391, 1392, 1393, 1394, 1395, 1396, 1397], 1429: [1425, 1426, 1427, 1428, 1429, 1430, 1462], 1460: [1458, 1459, 1460, 1461, 1490, 1491, 1492, 1520]}
{6: [2, 3, 4, 5, 6, 7, 8, 9], 20: [16, 17, 18, 19, 20, 21, 22, 23], 39: [35, 36, 37, 38, 39, 40, 41, 42], 61: [57, 58, 59, 60, 61, 62], 65: [24, 43, 44, 63, 64, 65, 66, 67], 87: [83, 84, 85, 86, 87, 88, 89, 90], 112: [109, 110, 111, 112], 114: [114, 115], 117: [91, 92, 116, 117, 118, 145, 146, 175], 141: [137, 138, 139, 140, 141, 142, 143, 144], 167: [165, 166, 167, 168, 196, 197, 198, 199], 170: [169, 170, 171, 172, 173, 174, 200, 201], 204: [202, 203, 204, 205, 206, 236, 237, 238], 233: [228, 229, 230, 231, 232, 233, 234, 235], 267: [265, 266, 267, 268, 269, 270, 271, 272]}
{1417: [1413, 1414, 1415, 1416, 1417, 1418, 1419, 1420], 1450: [1446, 1447, 1448, 1449, 1450, 1451, 1452, 1453], 1455: [1421, 1422, 1423, 1424, 1454, 1455, 1456, 1457], 1481: [1479, 1480, 1481, 1482, 1483, 1484, 1485, 1511], 1508: [1445, 1476, 1477, 1478, 1506, 1507, 1508, 1509], 1517: [1486, 1487, 1488, 1489, 1516, 1517, 1518, 1519], 1538: [1510, 1534, 1535, 1536, 1537, 1538], 1540: [1512, 1513, 1514, 1540, 1541, 1542], 1544: [1515, 1543, 1544, 1545, 1546, 1547, 1570, 1571], 1562: [1560, 1561, 1562, 1563, 1584, 1585, 1586, 1587], 1565: [1564, 1565, 1566, 1567, 1568, 1569, 1588, 1589], 1592: [1590, 1591, 1592, 1593, 1594, 1595, 1615, 1616], 1612: [1607, 1608, 1609, 1610, 1611, 1612, 1613, 1614], 1632: [1627, 1628, 1629, 1630, 1631, 1632, 1633, 1634]}
{616: [571, 572, 573, 574, 615, 616, 617, 618], 620: [575, 576, 577, 619, 620, 621, 665, 666], 706: [660, 661, 702, 703, 704, 705, 706, 707], 709: [662, 663, 664, 708, 709, 710, 711, 712], 748: [699, 700, 701, 746, 747, 748, 749, 794], 753: [750, 751, 752, 753], 757: [755, 756, 757, 758, 759, 805, 806, 807], 798: [795, 796, 797, 798, 799, 847, 848, 894], 802: [800, 801, 802, 803, 804, 849, 850, 851], 845: [843, 844, 845, 846, 890, 891, 892, 893], 854: [852, 853, 854, 855, 856, 901, 902, 903], 898: [895, 896, 897, 898, 899, 900, 944, 945], 941: [936, 937, 938, 939, 940, 941, 942, 943], 947: [946, 947, 948, 949, 991, 992, 993, 994]}
{465: [384, 423, 424, 425, 464, 465, 466, 467], 505: [463, 504, 505, 506, 507, 508, 509], 548: [546, 547, 548, 549, 550, 551, 552], 592: [589, 590, 591, 592, 593, 594, 595, 596], 637: [634, 635, 636, 637, 638, 639, 640, 641], 683: [680, 681, 682, 683, 684, 685, 686, 687], 726: [633, 678, 679, 724, 725, 726, 727, 774], 729: [728, 729], 731: [731, 732, 733, 734], 773: [771, 772, 773, 819, 820, 821, 822, 823], 778: [775, 776, 777, 778, 779, 780, 781, 782], 827: [824, 825, 826, 827, 828, 829, 830, 831], 869: [867, 868, 869, 870, 913, 914, 915, 916], 874: [871, 872, 873, 874, 875, 876, 877, 878], 920: [917, 918, 919, 920, 921, 922, 923, 924]}
{985: [981, 982, 983, 984, 985, 986, 987, 988], 1029: [1025, 1026, 1027, 1028, 1029, 1030, 1031, 1032], 1073: [1069, 1070, 1071, 1072, 1073, 1074, 1075, 1076], 1077: [989, 990, 1033, 1034, 1077, 1078, 1119, 1120], 1115: [1111, 1112, 1113, 1114, 1115, 1116, 1117, 1118], 1157: [1153, 1154, 1155, 1156, 1157, 1158, 1159, 1160], 1196: [1193, 1194, 1195, 1196], 1198: [1198, 1199], 1201: [1161, 1162, 1200, 1201, 1202, 1241, 1242], 1237: [1233, 1234, 1235, 1236, 1237, 1238, 1239, 1240], 1276: [1272, 1273, 1274, 1275, 1276, 1277, 1278, 1279], 1314: [1310, 1311, 1312, 1313, 1314, 1315, 1316], 1318: [1280, 1281, 1317, 1318, 1319, 1355, 1356, 1390], 1351: [1347, 1348, 1349, 1350, 1351, 1352, 1353, 1354], 1386: [1382, 1383, 1384, 1385, 1386, 1387, 1388, 1389]}
