The optimal value is 668026.4319
Service ways: {37, 6, 46, 17, 55, 26}
Inverters: 471 1531 1506 2929 1486 2097 1046 2345 1844 2516 2106 421 219 53 1207 2828 2536 622 1057 228 1835 721 2912 740 2116 1082 2564 1605 
Cable routing:
{354: [301, 326, 327, 328, 329, 353, 354, 355], 357: [330, 331, 332, 333, 356, 357, 358, 359], 440: [381, 410, 440], 467: [435, 436, 466, 467, 497, 498, 530, 563], 468: [378, 406, 407, 437, 468, 499, 531, 564], 469: [352, 379, 408, 438, 469, 500, 532, 565], 470: [380, 409, 439, 470, 501, 533, 566], 472: [382, 411, 441, 472, 503, 535, 568], 473: [383, 412, 442, 473, 504, 536, 569, 604], 474: [384, 413, 443, 474, 505, 537, 570, 605], 475: [385, 414, 444, 475, 506, 538, 571, 606], 476: [386, 415, 445, 476, 507, 539, 572, 607], 477: [334, 360, 387, 416, 446, 477, 508, 540], 502: [502, 534, 567], 528: [465, 496, 527, 528, 529, 560, 561, 562]}
{1266: [1167, 1215, 1216, 1264, 1265, 1266, 1316, 1317], 1268: [1121, 1169, 1218, 1219, 1268, 1269, 1319, 1320], 1370: [1120, 1168, 1217, 1267, 1318, 1370, 1371, 1423], 1476: [1369, 1422, 1476, 1477], 1527: [1471, 1472, 1525, 1526, 1527, 1581, 1582, 1636], 1528: [1366, 1418, 1419, 1473, 1528, 1583, 1637, 1690], 1529: [1315, 1367, 1420, 1474, 1529, 1584, 1638, 1691], 1530: [1368, 1421, 1475, 1530, 1585, 1586, 1639, 1692], 1533: [1424, 1478, 1532, 1533, 1587, 1588, 1642, 1695], 1534: [1372, 1425, 1479, 1534, 1589, 1643, 1696, 1748], 1745: [1640, 1693, 1743, 1744, 1745, 1795, 1796, 1846], 1746: [1641, 1694, 1746, 1747, 1797, 1798, 1847, 1897], 1848: [1799, 1848, 1849, 1898, 1899, 1947, 1948, 1996], 1949: [1900, 1901, 1949, 1950, 1997, 1998, 2044, 2045]}
{1296: [1245, 1246, 1247, 1295, 1296, 1297, 1347], 1345: [1243, 1244, 1293, 1294, 1344, 1345, 1396, 1397], 1452: [1399, 1452], 1499: [1289, 1340, 1392, 1445, 1499, 1554, 1609, 1663], 1500: [1290, 1341, 1393, 1446, 1500, 1555, 1610, 1664], 1501: [1291, 1342, 1394, 1447, 1501, 1556, 1611, 1665], 1502: [1292, 1343, 1395, 1448, 1502, 1557, 1612, 1666], 1504: [1449, 1450, 1503, 1504, 1558, 1559, 1614, 1668], 1505: [1346, 1398, 1451, 1505, 1560, 1615, 1669, 1722], 1507: [1348, 1400, 1453, 1507, 1562, 1617, 1671, 1724], 1508: [1349, 1401, 1454, 1508, 1563, 1618, 1672, 1725], 1509: [1402, 1455, 1509, 1564, 1619, 1673, 1726], 1561: [1561, 1616, 1670, 1723], 1720: [1613, 1667, 1718, 1719, 1720, 1721, 1771, 1822], 1769: [1716, 1717, 1768, 1769, 1770, 1819, 1820, 1821]}
{2803: [2736, 2768, 2769, 2770, 2801, 2802, 2803, 2835], 2805: [2738, 2739, 2772, 2773, 2805, 2806, 2837, 2869], 2807: [2740, 2741, 2774, 2775, 2807, 2808, 2839, 2840], 2868: [2737, 2771, 2804, 2836, 2868, 2899], 2873: [2742, 2776, 2809, 2841, 2842, 2872, 2873, 2874], 2924: [2831, 2863, 2894, 2924, 2953, 2980, 3006, 3027], 2925: [2832, 2864, 2895, 2925, 2954, 2981, 3007, 3028], 2926: [2833, 2865, 2896, 2926, 2955, 2982, 3008, 3029], 2927: [2834, 2866, 2897, 2927, 2956, 2983, 3009, 3030], 2928: [2867, 2898, 2928, 2957, 2984, 3010], 2930: [2900, 2930, 2959, 2986, 3012], 2931: [2838, 2870, 2901, 2931, 2960, 2987, 2988, 3013], 2932: [2871, 2902, 2903, 2932, 2933, 2961, 2962, 2989], 2934: [2904, 2905, 2934, 2935, 2963, 2964, 2990, 2991], 2958: [2958, 2985, 3011]}
{1432: [1276, 1327, 1379, 1432], 1480: [1270, 1321, 1373, 1426, 1480, 1535, 1590, 1644], 1481: [1271, 1322, 1374, 1427, 1481, 1536, 1591, 1645], 1482: [1272, 1323, 1375, 1428, 1482, 1537, 1592, 1646], 1483: [1273, 1324, 1376, 1429, 1483, 1538, 1593, 1647], 1484: [1274, 1325, 1377, 1430, 1484, 1539, 1594, 1648], 1485: [1275, 1326, 1378, 1431, 1485, 1540, 1595, 1649], 1487: [1277, 1328, 1329, 1380, 1433, 1487, 1542, 1597], 1488: [1330, 1381, 1382, 1434, 1488, 1543, 1598, 1652], 1650: [1541, 1596, 1650, 1651, 1703, 1755, 1806, 1856], 1750: [1697, 1698, 1749, 1750, 1800, 1801, 1850, 1851], 1752: [1699, 1700, 1751, 1752, 1802, 1803, 1852, 1853], 1754: [1701, 1702, 1753, 1754, 1804, 1805, 1854, 1855], 1756: [1704, 1705, 1756, 1757, 1807, 1808, 1857, 1858]}
{2051: [1907, 1956, 2004, 2051], 2092: [1902, 1951, 1999, 2046, 2091, 2092, 2137], 2093: [1903, 1952, 2000, 2047, 2093, 2138, 2183], 2094: [1904, 1953, 2001, 2048, 2094, 2139, 2184, 2228], 2095: [1905, 1954, 2002, 2049, 2095, 2140, 2185, 2229], 2096: [1906, 1955, 2003, 2050, 2096, 2141, 2186, 2230], 2098: [1908, 1957, 2005, 2052, 2098, 2143, 2188, 2232], 2099: [1909, 1958, 2006, 2053, 2099, 2144, 2189, 2233], 2100: [1910, 1959, 2007, 2054, 2100, 2145, 2190, 2234], 2101: [1911, 1960, 2008, 2055, 2101, 2146, 2191, 2235], 2102: [1912, 1961, 2009, 2056, 2102, 2147, 2192, 2236], 2142: [2142, 2187], 2274: [2231, 2272, 2273, 2274, 2275, 2315, 2316, 2357], 2277: [2277, 2278, 2279, 2320, 2360, 2361, 2401, 2402], 2317: [2276, 2317, 2318, 2319, 2358, 2359, 2399, 2400]}
{873: [831, 832, 872, 873, 874, 875, 876, 877], 913: [829, 830, 870, 871, 912, 913, 956, 1000], 998: [828, 869, 911, 953, 954, 997, 998, 1043], 1045: [955, 999, 1044, 1045, 1091, 1138, 1186, 1235], 1047: [914, 957, 1001, 1047, 1093, 1140, 1188, 1237], 1048: [915, 958, 1002, 1048, 1094, 1141, 1189, 1238], 1049: [916, 959, 1003, 1049, 1095, 1142, 1190, 1239], 1050: [917, 960, 1004, 1050, 1096, 1143, 1191, 1240], 1051: [918, 961, 1005, 1051, 1097, 1144, 1192, 1241], 1052: [919, 962, 1006, 1052, 1098, 1145, 1193, 1242], 1053: [878, 920, 963, 1007, 1053, 1099, 1146, 1194], 1054: [879, 921, 964, 1008, 1054, 1100, 1147, 1195], 1092: [1092, 1139, 1187, 1236], 1137: [1089, 1090, 1136, 1137, 1184, 1185, 1233, 1234]}
{2299: [2211, 2212, 2255, 2256, 2298, 2299, 2340, 2341], 2303: [2171, 2216, 2260, 2303], 2342: [2213, 2257, 2300, 2342, 2382, 2383, 2423, 2424], 2343: [2169, 2214, 2258, 2301, 2343, 2384, 2425, 2465], 2344: [2170, 2215, 2259, 2302, 2344, 2385], 2346: [2172, 2217, 2261, 2304, 2346, 2387, 2428, 2468], 2347: [2173, 2218, 2262, 2305, 2347, 2388, 2429, 2469], 2348: [2174, 2219, 2263, 2306, 2348, 2389, 2430, 2470], 2349: [2175, 2220, 2264, 2307, 2349, 2390, 2431, 2471], 2350: [2176, 2221, 2265, 2308, 2350, 2391, 2432, 2472], 2386: [2386, 2427], 2504: [2463, 2464, 2503, 2504, 2542, 2543, 2580, 2581], 2506: [2426, 2466, 2505, 2506, 2544, 2545, 2582, 2583], 2507: [2467, 2507, 2508, 2509, 2546, 2547, 2584, 2585], 2549: [2510, 2511, 2548, 2549, 2550, 2586, 2587, 2588]}
{1576: [1466, 1467, 1520, 1521, 1575, 1576, 1630, 1631], 1578: [1468, 1469, 1522, 1523, 1577, 1578, 1633, 1687], 1629: [1518, 1519, 1573, 1574, 1628, 1629, 1683, 1736], 1634: [1470, 1524, 1579, 1580, 1634, 1635, 1688, 1741], 1838: [1682, 1735, 1787, 1788, 1838, 1888, 1938, 1987], 1840: [1684, 1737, 1789, 1839, 1840, 1889, 1890, 1940], 1841: [1685, 1738, 1790, 1841, 1891, 1941, 1989, 1990], 1842: [1632, 1686, 1739, 1791, 1842, 1892, 1942, 1991], 1843: [1740, 1792, 1793, 1843, 1893, 1943], 1845: [1689, 1742, 1794, 1845, 1895, 1896], 1993: [1894, 1944, 1992, 1993, 2040, 2041, 2087, 2088], 1994: [1945, 1946, 1994, 1995, 2042, 2043, 2089, 2090], 2036: [1939, 1988, 2035, 2036, 2082, 2083, 2128, 2129], 2038: [2037, 2038, 2039, 2084, 2085, 2086, 2130, 2131]}
{2223: [2132, 2133, 2177, 2178, 2222, 2223, 2266, 2267], 2225: [2134, 2135, 2179, 2180, 2224, 2225, 2268, 2269], 2270: [2136, 2181, 2182, 2226, 2227, 2270, 2271, 2313], 2393: [2309, 2310, 2351, 2352, 2392, 2393, 2434, 2474], 2395: [2311, 2312, 2354, 2355, 2395, 2396, 2436, 2476], 2438: [2314, 2356, 2397, 2398, 2438, 2439, 2478, 2479], 2513: [2433, 2473, 2512, 2513, 2551, 2552, 2589, 2590], 2515: [2353, 2394, 2435, 2475, 2514, 2515, 2553, 2554], 2517: [2437, 2477, 2517, 2518, 2519, 2556, 2557], 2593: [2555, 2593, 2630, 2667, 2703], 2629: [2591, 2592, 2628, 2629, 2665, 2666, 2701, 2702], 2631: [2594, 2595, 2631, 2632, 2668, 2669, 2704, 2705], 2633: [2558, 2596, 2633, 2634, 2670, 2671, 2706, 2707], 2664: [2626, 2627, 2663, 2664, 2699, 2700, 2734, 2735]}
{1916: [1864, 1865, 1866, 1867, 1915, 1916, 1917, 1965], 2060: [2013, 2060], 2103: [1913, 1962, 2010, 2057, 2103, 2148, 2193, 2237], 2104: [1914, 1963, 2011, 2058, 2104, 2149, 2194, 2238], 2105: [1964, 2012, 2059, 2105, 2150, 2195, 2239, 2282], 2107: [1966, 2014, 2061, 2107, 2152, 2197, 2241], 2108: [1868, 1918, 1967, 2015, 2062, 2108, 2153, 2198], 2109: [1869, 1919, 1968, 2016, 2063, 2109, 2154, 2199], 2110: [1870, 1920, 1969, 2017, 2064, 2110, 2155, 2200], 2111: [1871, 1921, 1970, 2018, 2065, 2111, 2156, 2201], 2151: [2151, 2196, 2240], 2285: [2242, 2243, 2285, 2286, 2327, 2328, 2368, 2369], 2287: [2244, 2245, 2287, 2288, 2329, 2330, 2370, 2371], 2323: [2280, 2281, 2321, 2322, 2323, 2362, 2363, 2364], 2325: [2283, 2284, 2324, 2325, 2326, 2365, 2366, 2367]}
{367: [315, 316, 341, 342, 367, 368, 394, 395], 392: [313, 339, 365, 392], 417: [335, 361, 388, 417, 447, 478, 509, 541], 418: [336, 362, 389, 418, 448, 479, 510, 542], 419: [337, 363, 390, 419, 449, 480, 511, 543], 420: [312, 338, 364, 391, 420, 450, 481, 512], 422: [314, 340, 366, 393, 422, 423, 452, 483], 425: [317, 343, 369, 396, 424, 425, 455, 486], 426: [318, 344, 370, 397, 426, 456, 487, 518], 427: [319, 345, 371, 398, 427, 457, 488, 519], 428: [346, 372, 399, 428, 458, 489, 520, 552], 484: [453, 454, 484, 485, 515, 516, 547, 580], 513: [451, 482, 513, 514, 544, 545, 546, 579], 549: [517, 548, 549, 550, 551, 581, 582, 583]}
{125: [108, 109, 110, 124, 125, 126, 140, 141], 139: [106, 107, 122, 123, 138, 139, 156, 157], 143: [111, 112, 127, 128, 143, 144, 161, 162], 174: [121, 137, 154, 155, 173, 174, 193, 194], 198: [159, 178, 198], 212: [191, 211, 212, 232, 233, 256, 280, 305], 213: [172, 192, 213, 214, 234, 257, 281, 306], 216: [175, 195, 215, 216, 237, 260, 284, 309], 217: [176, 196, 217, 238, 261, 285, 310], 218: [158, 177, 197, 218, 239, 262, 286, 311], 220: [142, 160, 179, 199, 220, 241, 264, 288], 221: [180, 181, 200, 221, 242, 265, 289], 240: [240, 263, 287], 259: [235, 236, 258, 259, 282, 283, 307, 308], 279: [254, 255, 277, 278, 279, 302, 303, 304]}
{11: [0, 1, 2, 5, 6, 10, 11, 18], 16: [4, 8, 9, 14, 15, 16, 17, 23], 19: [3, 7, 12, 13, 19, 20, 26, 34], 47: [36, 37, 46, 47, 58, 70, 83, 97], 48: [28, 29, 38, 48, 59, 71, 84, 98], 49: [21, 22, 30, 39, 49, 60, 72, 85], 50: [31, 40, 50, 61, 73, 86, 99, 100], 51: [24, 32, 41, 51, 62, 74, 87, 101], 52: [25, 33, 42, 43, 52, 63, 75, 88], 54: [27, 35, 44, 54, 65, 66], 57: [45, 56, 57, 68, 69, 82, 95, 96], 76: [64, 76, 89, 102, 103, 118], 80: [55, 67, 79, 80, 81, 92, 93, 94], 90: [77, 78, 90, 91, 104, 105, 119, 120]}
{976: [891, 892, 932, 933, 934, 975, 976, 977], 978: [893, 894, 935, 936, 978, 979, 1022, 1068], 980: [895, 896, 937, 938, 980, 981, 1024, 1025], 1072: [897, 939, 982, 1026, 1027, 1072, 1073, 1119], 1159: [1020, 1066, 1112, 1159], 1160: [1021, 1067, 1113, 1114, 1160, 1161, 1208, 1257], 1206: [1019, 1065, 1111, 1158, 1206, 1255, 1305, 1356], 1210: [1023, 1069, 1115, 1162, 1209, 1210, 1259, 1309], 1211: [1070, 1116, 1163, 1211, 1260, 1310, 1361, 1413], 1212: [1071, 1117, 1164, 1212, 1261, 1311, 1362, 1414], 1213: [1118, 1165, 1166, 1213, 1262, 1312, 1363, 1415], 1306: [1256, 1306, 1307, 1357, 1358, 1408, 1409, 1410], 1313: [1214, 1263, 1313, 1314, 1364, 1365, 1416, 1417], 1359: [1258, 1308, 1359, 1360, 1411, 1412, 1464, 1465]}
{2658: [2619, 2620, 2621, 2622, 2656, 2657, 2658, 2659], 2691: [2617, 2618, 2654, 2655, 2690, 2691, 2725, 2726], 2696: [2623, 2624, 2660, 2661, 2695, 2696, 2697, 2731], 2767: [2625, 2662, 2698, 2732, 2733, 2766, 2767, 2800], 2796: [2694, 2729, 2763, 2796], 2825: [2759, 2760, 2793, 2825, 2857, 2888, 2918, 2947], 2826: [2692, 2727, 2761, 2794, 2826, 2858, 2889, 2919], 2827: [2693, 2728, 2762, 2795, 2827, 2859, 2890, 2920], 2829: [2730, 2764, 2797, 2829, 2860, 2861, 2892, 2922], 2830: [2765, 2798, 2799, 2830, 2862, 2893, 2923, 2952], 2950: [2891, 2921, 2950, 2951, 2977, 3003, 3024, 3040], 2976: [2948, 2949, 2974, 2975, 2976, 3002, 3023, 3039], 3004: [2978, 2979, 3004, 3005, 3025, 3026, 3041, 3042], 3022: [3000, 3001, 3021, 3022, 3037, 3038, 3048, 3049]}
{2497: [2376, 2417, 2457, 2497], 2532: [2372, 2413, 2453, 2493, 2532, 2570, 2607, 2644], 2533: [2373, 2414, 2454, 2494, 2533, 2571, 2608, 2645], 2534: [2374, 2415, 2455, 2495, 2534, 2572, 2609, 2646], 2535: [2375, 2416, 2456, 2496, 2535, 2573, 2610, 2647], 2537: [2377, 2418, 2458, 2498, 2537, 2574, 2575, 2612], 2538: [2378, 2419, 2459, 2499, 2538, 2576, 2613, 2650], 2539: [2379, 2420, 2460, 2500, 2539, 2577, 2614, 2651], 2540: [2380, 2421, 2461, 2501, 2540, 2578, 2615, 2652], 2541: [2381, 2422, 2462, 2502, 2541, 2579, 2616, 2653], 2682: [2680, 2681, 2682, 2715, 2716, 2717, 2750, 2751], 2684: [2611, 2648, 2683, 2684, 2718, 2719, 2752, 2753], 2685: [2649, 2685, 2686, 2687, 2720, 2721, 2754, 2755], 2723: [2688, 2689, 2722, 2723, 2724, 2756, 2757, 2758]}
{430: [400, 401, 402, 429, 430, 431, 459, 460], 463: [404, 405, 433, 434, 463, 464, 494, 495], 524: [403, 432, 462, 493, 524, 525, 526, 557], 586: [490, 521, 553, 584, 585, 586, 621, 657], 587: [491, 522, 554, 587], 588: [461, 492, 523, 555, 556, 588, 623, 659], 624: [589, 590, 624, 625, 660, 661, 696, 697], 626: [558, 591, 592, 626, 627, 662, 663, 698], 656: [619, 620, 655, 656, 691, 692, 728, 729], 694: [658, 693, 694, 695, 731, 769, 809, 850], 768: [730, 767, 768, 807, 808, 848, 849, 890], 770: [732, 733, 770, 771, 810, 811, 851, 852], 772: [734, 735, 772, 773, 812, 813, 853, 854], 774: [699, 736, 774, 775, 814, 815, 855, 856]}
{967: [882, 883, 924, 925, 967, 968, 1011, 1012], 1055: [880, 922, 965, 1009, 1055, 1101, 1148, 1196], 1056: [881, 923, 966, 1010, 1056, 1102, 1149, 1197], 1059: [884, 926, 969, 1013, 1058, 1059, 1105, 1152], 1060: [885, 927, 970, 1014, 1060, 1106, 1153, 1201], 1061: [886, 928, 971, 1015, 1061, 1107, 1154, 1202], 1062: [887, 929, 972, 1016, 1062, 1108, 1155, 1203], 1063: [888, 930, 973, 1017, 1063, 1109, 1156, 1204], 1064: [889, 931, 974, 1018, 1064, 1110, 1157, 1205], 1103: [1103, 1104, 1150, 1198], 1199: [1151, 1199, 1200, 1248, 1249, 1298, 1299, 1350], 1252: [1251, 1252, 1253, 1301, 1302, 1353, 1405, 1458], 1303: [1254, 1303, 1304, 1354, 1355, 1406, 1407, 1459], 1351: [1250, 1300, 1351, 1352, 1403, 1404, 1456, 1457]}
{146: [113, 114, 129, 130, 145, 146, 164, 183], 148: [115, 116, 131, 132, 147, 148, 149, 166], 150: [117, 133, 134, 135, 150, 151, 168, 187], 209: [136, 152, 153, 170, 189, 209, 230, 251], 223: [163, 182, 201, 202, 222, 223, 243, 244], 225: [165, 184, 203, 204, 225, 246, 269, 293], 226: [185, 205, 226, 247, 270, 294], 227: [167, 186, 206, 227, 248, 271], 229: [169, 188, 207, 208, 229, 250, 273, 274], 231: [171, 190, 210, 231, 252, 253, 275, 276], 268: [224, 245, 266, 267, 268, 290, 291, 292], 296: [249, 272, 295, 296, 320, 321, 347, 373], 322: [297, 298, 322, 323, 348, 349, 374, 375], 324: [299, 300, 324, 325, 350, 351, 376, 377]}
{1570: [1460, 1461, 1514, 1515, 1569, 1570, 1624, 1625], 1571: [1462, 1463, 1516, 1517, 1571, 1572, 1626, 1680], 1621: [1510, 1511, 1565, 1566, 1620, 1621, 1675, 1728], 1623: [1512, 1513, 1567, 1568, 1622, 1623, 1677, 1730], 1784: [1679, 1732, 1733, 1784, 1785], 1830: [1674, 1727, 1779, 1830, 1831, 1880, 1930, 1979], 1832: [1676, 1729, 1780, 1781, 1832, 1882, 1932, 1981], 1834: [1678, 1731, 1782, 1783, 1833, 1834, 1883, 1884], 1837: [1627, 1681, 1734, 1786, 1836, 1837, 1887, 1937], 1935: [1885, 1886, 1935, 1936, 1984, 2032, 2079, 2125], 1980: [1881, 1931, 1980, 2027, 2028, 2075, 2121, 2166], 1983: [1933, 1934, 1982, 1983, 2031, 2078, 2124], 2033: [1985, 1986, 2033, 2034, 2080, 2081, 2126, 2127], 2077: [2029, 2030, 2076, 2077, 2122, 2123, 2167, 2168]}
{684: [577, 612, 648, 684], 714: [640, 641, 676, 677, 713, 714, 751, 752], 716: [642, 643, 679, 716, 754, 794, 835], 717: [573, 608, 644, 680, 717, 755, 795, 836], 718: [574, 609, 645, 681, 718, 756, 796, 837], 719: [575, 610, 646, 682, 719, 757, 797, 838], 720: [576, 611, 647, 683, 720, 758, 798, 839], 722: [578, 613, 649, 685, 722, 760, 800, 841], 723: [614, 650, 686, 723, 761, 801, 842], 724: [615, 651, 687, 724, 762, 802, 843], 725: [616, 617, 652, 688, 725, 763, 803, 844], 726: [618, 653, 654, 689, 726, 764, 804, 845], 753: [678, 715, 753, 791, 792, 793, 833, 834], 759: [759, 799, 840], 765: [690, 727, 765, 766, 805, 806, 846, 847]}
{2847: [2749, 2782, 2783, 2814, 2815, 2846, 2847, 2878], 2882: [2787, 2819, 2851, 2882], 2907: [2844, 2845, 2875, 2876, 2877, 2906, 2907, 2936], 2909: [2784, 2816, 2848, 2879, 2908, 2909, 2937, 2938], 2910: [2817, 2849, 2880, 2910, 2939, 2965, 2966, 2992], 2911: [2785, 2786, 2818, 2850, 2881, 2911, 2940, 2967], 2913: [2788, 2820, 2852, 2883, 2913, 2942, 2969, 2995], 2914: [2789, 2821, 2853, 2884, 2914, 2943, 2970, 2996], 2915: [2790, 2822, 2854, 2885, 2915, 2944, 2971, 2997], 2916: [2791, 2823, 2855, 2886, 2916, 2945, 2972, 2998], 2917: [2792, 2824, 2856, 2887, 2917, 2946, 2973, 2999], 2994: [2941, 2968, 2993, 2994, 3014, 3015, 3016, 3031], 3019: [3018, 3019, 3020, 3034, 3035, 3036, 3046, 3047], 3033: [3017, 3032, 3033, 3043, 3044, 3045, 3050, 3051]}
{630: [559, 594, 595, 630, 631, 666, 667], 637: [601, 602, 603, 637, 638, 639, 673, 710], 668: [596, 597, 632, 633, 668, 669, 705, 743], 702: [593, 629, 665, 702], 738: [700, 737, 738, 778, 819, 860], 739: [628, 664, 701, 739, 779, 820, 861], 741: [703, 704, 741, 742, 781, 822, 863, 905], 745: [598, 634, 670, 707, 745, 785, 826, 867], 746: [599, 635, 671, 708, 746, 786, 827, 868], 747: [600, 636, 672, 709, 747, 748, 787, 788], 749: [674, 675, 711, 712, 749, 750, 789, 790], 780: [780, 821, 862, 904], 784: [706, 744, 784, 825, 866, 908, 909, 910], 818: [776, 777, 816, 817, 818, 857, 858, 859], 823: [782, 783, 823, 824, 864, 865, 906, 907]}
{1875: [1773, 1774, 1824, 1825, 1874, 1875, 1924, 1925], 1876: [1775, 1776, 1826, 1827, 1876, 1877, 1926, 1927], 1878: [1777, 1778, 1828, 1829, 1878, 1879, 1928, 1929], 1923: [1772, 1823, 1872, 1873, 1922, 1923, 1971, 1972], 2070: [1975, 2023, 2070], 2112: [2019, 2066, 2112, 2157, 2202, 2246, 2289, 2331], 2113: [2020, 2067, 2113, 2158, 2203, 2247, 2290, 2332], 2114: [1973, 2021, 2068, 2114, 2159, 2204, 2248, 2291], 2115: [1974, 2022, 2069, 2115, 2160, 2205, 2249], 2117: [1976, 2024, 2071, 2117, 2162, 2207, 2251], 2118: [1977, 2025, 2072, 2118, 2163, 2208, 2252, 2295], 2119: [1978, 2026, 2073, 2074, 2119, 2120, 2164, 2165], 2161: [2161, 2206, 2250], 2253: [2209, 2210, 2253, 2254, 2296, 2297, 2338, 2339], 2293: [2292, 2293, 2294, 2333, 2334, 2335, 2336, 2337]}
{1036: [903, 946, 990, 1036], 1075: [983, 1028, 1029, 1074, 1075, 1122, 1170], 1076: [940, 984, 1030, 1076, 1123, 1171, 1220], 1077: [898, 941, 985, 1031, 1077, 1124, 1172, 1221], 1078: [899, 942, 986, 1032, 1078, 1125, 1173, 1222], 1079: [900, 943, 987, 1033, 1079, 1126, 1174, 1223], 1080: [901, 944, 988, 1034, 1080, 1127, 1175, 1224], 1081: [902, 945, 989, 1035, 1081, 1128, 1176, 1225], 1083: [947, 991, 1037, 1083, 1130, 1178, 1227], 1084: [948, 992, 1038, 1084, 1131, 1179, 1228, 1278], 1085: [949, 993, 1039, 1085, 1132, 1180, 1229, 1279], 1086: [950, 994, 1040, 1086, 1133, 1181, 1230, 1280], 1087: [951, 995, 1041, 1087, 1134, 1182, 1231, 1281], 1088: [952, 996, 1042, 1088, 1135, 1183, 1232, 1282], 1129: [1129, 1177, 1226]}
{2482: [2440, 2441, 2442, 2480, 2481, 2482, 2520, 2521], 2526: [2407, 2447, 2487, 2526], 2560: [2403, 2443, 2483, 2522, 2559, 2560, 2597], 2561: [2404, 2444, 2484, 2523, 2561, 2598, 2635], 2562: [2405, 2445, 2485, 2524, 2562, 2599, 2636, 2672], 2563: [2406, 2446, 2486, 2525, 2563, 2600, 2637, 2673], 2565: [2408, 2448, 2488, 2527, 2565, 2602, 2639, 2675], 2566: [2409, 2449, 2489, 2528, 2566, 2603, 2640, 2676], 2567: [2410, 2450, 2490, 2529, 2567, 2604, 2641, 2677], 2568: [2411, 2451, 2491, 2530, 2568, 2605, 2642, 2678], 2569: [2412, 2452, 2492, 2531, 2569, 2606, 2643, 2679], 2601: [2601, 2638], 2709: [2674, 2708, 2709, 2710, 2711, 2743, 2744, 2777], 2745: [2712, 2745, 2746, 2778, 2779, 2810, 2811, 2843], 2747: [2713, 2714, 2747, 2748, 2780, 2781, 2812, 2813]}
{1338: [1286, 1287, 1288, 1337, 1338, 1339, 1390, 1391], 1386: [1283, 1284, 1333, 1334, 1335, 1385, 1386, 1439], 1437: [1331, 1332, 1383, 1384, 1435, 1436, 1437, 1491], 1441: [1285, 1336, 1387, 1388, 1389, 1441, 1495, 1550], 1599: [1489, 1544, 1599, 1653, 1706, 1758, 1809, 1859], 1600: [1490, 1545, 1600, 1654, 1707, 1759, 1810, 1860], 1602: [1438, 1492, 1546, 1547, 1601, 1602, 1655, 1656], 1603: [1493, 1548, 1603, 1657, 1710, 1762, 1813, 1863], 1604: [1440, 1494, 1549, 1604, 1658, 1711, 1763, 1814], 1606: [1442, 1496, 1551, 1606, 1660, 1713, 1765, 1816], 1607: [1443, 1497, 1552, 1607, 1661, 1714, 1766, 1817], 1608: [1444, 1498, 1553, 1608, 1662, 1715, 1767, 1818], 1659: [1659, 1712, 1764, 1815], 1761: [1708, 1709, 1760, 1761, 1811, 1812, 1861, 1862]}
