The optimal value is 215680.0170
Service ways: {8, 16, 26}
Inverters: 151 846 506 836 794 448 497 193 173 
Cable routing:
{10: [0, 1, 6, 7, 8, 9, 10, 11], 14: [3, 4, 5, 13, 14, 15, 16, 17], 26: [2, 12, 23, 24, 25, 26, 27, 28], 41: [20, 21, 22, 39, 40, 41, 42, 43], 48: [29, 30, 31, 46, 47, 48, 49, 50], 67: [44, 45, 64, 65, 66, 67, 68, 69], 88: [61, 62, 63, 86, 87, 88, 89, 90], 95: [70, 71, 72, 93, 94, 95, 96, 97], 120: [91, 92, 117, 118, 119, 120, 121, 122], 146: [114, 115, 116, 145, 146, 177, 178, 179], 150: [147, 148, 149, 150], 154: [123, 124, 125, 152, 153, 154, 155, 156], 183: [180, 181, 182, 183, 184, 216, 217, 218], 186: [185, 186, 187, 188, 219, 220, 221, 222]}
{720: [685, 686, 687, 688, 719, 720, 721, 722], 751: [718, 747, 748, 749, 750, 751, 752, 753], 756: [689, 690, 723, 724, 754, 755, 756, 757], 786: [784, 785, 786, 787, 788, 789, 790, 817], 814: [781, 782, 783, 812, 813, 814, 815, 816], 844: [841, 842, 843, 844, 845], 848: [818, 819, 820, 821, 847, 848, 849, 850], 873: [870, 871, 872, 873, 874, 875, 876, 877], 894: [868, 869, 893, 894, 895, 916, 917, 938], 898: [896, 897, 898, 899, 900, 901, 902], 921: [918, 919, 920, 921, 922, 923, 924, 925], 942: [939, 940, 941, 942, 943, 944, 945, 946], 958: [937, 956, 957, 958, 959, 972, 973, 974], 961: [960, 961, 962, 963, 964, 965, 975, 976]}
{236: [201, 202, 235, 236, 237, 238, 271, 272], 312: [273, 274, 275, 309, 310, 311, 312, 313], 354: [276, 314, 315, 316, 353, 354, 355, 356], 391: [349, 350, 351, 352, 389, 390, 391, 392], 433: [393, 394, 395, 396, 432, 433, 434, 435], 469: [428, 429, 430, 431, 468, 469, 470, 471], 504: [466, 467, 503, 504, 505], 509: [472, 473, 507, 508, 509, 510, 511, 548], 543: [540, 541, 542, 543, 544, 545, 546, 547], 579: [575, 576, 577, 578, 579, 580, 581, 582], 615: [611, 612, 613, 614, 615, 616, 617], 619: [583, 584, 618, 619, 620, 653, 654, 655], 650: [646, 647, 648, 649, 650, 651, 652, 684], 682: [680, 681, 682, 683, 714, 715, 716, 717]}
{743: [739, 740, 741, 742, 743, 744, 745, 746], 776: [773, 774, 775, 776, 777, 778, 779, 780], 802: [737, 738, 770, 771, 772, 801, 802, 803], 807: [804, 805, 806, 807, 808, 809, 810, 811], 833: [830, 831, 832, 833, 834, 835, 858, 859], 837: [837, 838, 839, 840], 863: [860, 861, 862, 863, 864, 865, 866, 867], 882: [857, 881, 882, 883, 884, 903, 904, 905], 888: [885, 886, 887, 888, 889, 890, 891, 892], 911: [908, 909, 910, 911, 912, 913, 914, 915], 928: [906, 907, 926, 927, 928, 929, 947, 948], 932: [930, 931, 932, 933, 934, 935, 936, 949], 951: [950, 951, 952, 953, 954, 955, 966, 967], 969: [968, 969, 970, 971, 977, 978, 979, 980]}
{554: [550, 551, 552, 553, 554, 555, 556, 590], 594: [557, 558, 559, 591, 592, 593, 594, 595], 623: [586, 587, 588, 589, 621, 622, 623, 624], 629: [626, 627, 628, 629, 630, 631, 632, 633], 663: [660, 661, 662, 663, 664, 665, 666, 667], 693: [625, 656, 657, 658, 659, 691, 692, 693], 697: [694, 695, 696, 697, 698, 699, 700, 701], 730: [725, 726, 727, 728, 729, 730, 731, 732], 735: [702, 703, 733, 734, 735, 736, 768, 769], 763: [758, 759, 760, 761, 762, 763, 764, 765], 793: [791, 792, 793, 822], 797: [766, 767, 795, 796, 797, 798, 799, 800], 824: [823, 824, 825, 826, 827, 828, 829, 851], 853: [852, 853, 854, 855, 856, 878, 879, 880]}
{249: [211, 212, 213, 214, 247, 248, 249, 250], 253: [215, 251, 252, 253, 254, 255, 256, 257], 291: [288, 289, 290, 291, 292, 293, 294, 332], 327: [285, 286, 287, 325, 326, 327, 328, 329], 335: [258, 295, 296, 333, 334, 335, 336, 375], 371: [330, 331, 369, 370, 371, 372, 373, 374], 406: [365, 366, 367, 368, 404, 405, 406, 407], 410: [408, 409, 410, 411, 412, 413], 446: [442, 443, 444, 445, 446, 447], 449: [449, 450], 452: [376, 414, 415, 451, 452, 453, 489, 490], 481: [479, 480, 481, 482, 516, 517, 518, 519], 485: [483, 484, 485, 486, 487, 488], 522: [520, 521, 522, 523, 524, 525, 526, 527], 561: [560, 561, 562, 563, 596, 597, 598, 599]}
{422: [384, 417, 418, 419, 420, 421, 422, 423], 425: [385, 386, 387, 388, 424, 425, 426, 427], 460: [456, 457, 458, 459, 460, 461, 462, 463], 492: [416, 454, 455, 491, 492, 493, 528, 529], 496: [494, 495, 496], 498: [498, 499], 501: [464, 465, 500, 501, 502, 538, 539], 534: [530, 531, 532, 533, 534, 535, 536, 537], 566: [564, 565, 566, 600, 601, 602, 636, 637], 570: [567, 568, 569, 570, 571, 572, 573, 574], 606: [603, 604, 605, 606, 607, 608, 609, 610], 641: [638, 639, 640, 641, 642, 643, 644, 645], 670: [634, 635, 668, 669, 670, 671, 704, 705], 675: [672, 673, 674, 675, 676, 677, 678, 679], 709: [706, 707, 708, 709, 710, 711, 712, 713]}
{52: [32, 33, 51, 52, 53, 54, 73, 74], 102: [76, 77, 78, 101, 102, 103, 104, 105], 128: [75, 98, 99, 100, 126, 127, 128, 129], 161: [130, 131, 132, 159, 160, 161, 162, 163], 165: [133, 134, 135, 164, 165, 166, 167, 168], 190: [157, 158, 189, 190, 191, 192, 223, 224], 196: [194, 195, 196, 197, 198, 199, 200, 230], 227: [225, 226, 227, 228, 229], 232: [231, 232, 233, 234, 267, 268, 269, 270], 263: [259, 260, 261, 262, 263, 264, 265, 266], 301: [297, 298, 299, 300, 301, 302, 303, 304], 306: [305, 306, 307, 308, 345, 346, 347, 348], 341: [337, 338, 339, 340, 341, 342, 343, 344], 381: [377, 378, 379, 380, 381, 382, 383]}
{36: [18, 19, 34, 35, 36, 37, 38, 58], 82: [55, 56, 57, 79, 80, 81, 82, 83], 112: [59, 60, 84, 85, 110, 111, 112, 113], 139: [106, 107, 108, 109, 136, 137, 138, 139], 172: [140, 141, 169, 170, 171, 172], 174: [142, 143, 144, 174, 175, 176], 207: [203, 204, 205, 206, 207, 208, 209, 210], 243: [239, 240, 241, 242, 243, 244, 245, 246], 281: [277, 278, 279, 280, 281, 282, 283, 284], 321: [317, 318, 319, 320, 321, 322, 323, 324], 361: [357, 358, 359, 360, 361, 362, 363, 364], 400: [397, 398, 399, 400, 401, 402, 403, 441], 438: [436, 437, 438, 439, 440, 474, 475, 476], 513: [477, 478, 512, 513, 514, 515, 549, 585]}
