The optimal value is 515923.5318
Service ways: {34, 9, 44, 53, 23}
Inverters: 2237 2218 487 1330 1771 1619 1752 1047 2062 1026 564 169 555 924 259 2228 1194 1593 1005 1687 73 592 
Cable routing:
{2046: [2001, 2002, 2003, 2044, 2045, 2046, 2086, 2087], 2089: [2004, 2005, 2047, 2048, 2088, 2089, 2129, 2167], 2091: [2006, 2007, 2049, 2050, 2090, 2091, 2131], 2092: [2008, 2009, 2051, 2052, 2092, 2093, 2132, 2133], 2204: [2169, 2170, 2204, 2205, 2238], 2231: [2085, 2125, 2163, 2198, 2231, 2262, 2290, 2316], 2232: [2126, 2164, 2199, 2232, 2263, 2291, 2317, 2340], 2233: [2127, 2165, 2200, 2233, 2264, 2292, 2318, 2341], 2234: [2128, 2166, 2201, 2234, 2265, 2293, 2319, 2342], 2236: [2130, 2168, 2202, 2203, 2235, 2236, 2267, 2268], 2295: [2266, 2294, 2295, 2320, 2321, 2343, 2344, 2364], 2359: [2339, 2358, 2359, 2376, 2377, 2387, 2388, 2393], 2379: [2360, 2361, 2378, 2379, 2389, 2390, 2394, 2395], 2381: [2362, 2363, 2380, 2381, 2391, 2392, 2396, 2397]}
{2031: [1987, 1988, 1989, 2030, 2031, 2032, 2072, 2073], 2070: [1985, 1986, 2028, 2029, 2069, 2070, 2071, 2110], 2074: [1990, 1991, 2033, 2034, 2074, 2075, 2114, 2152], 2181: [1984, 2027, 2068, 2108, 2146, 2180, 2181, 2214], 2185: [2112, 2113, 2150, 2185], 2215: [2109, 2147, 2182, 2215, 2246, 2274, 2300, 2323], 2216: [2148, 2183, 2216, 2247, 2275, 2301, 2324], 2217: [2111, 2149, 2184, 2217, 2248, 2276, 2302], 2219: [2151, 2186, 2187, 2219, 2220, 2250, 2278, 2304], 2221: [2115, 2153, 2188, 2189, 2221, 2222, 2252, 2253], 2245: [2213, 2244, 2245, 2272, 2273, 2298, 2299, 2322], 2249: [2249, 2277], 2279: [2251, 2279, 2280, 2281, 2305, 2328, 2348, 2366], 2326: [2303, 2325, 2326, 2327, 2345, 2346, 2347, 2365], 2329: [2306, 2307, 2329, 2330, 2349, 2350, 2367, 2368]}
{269: [195, 231, 232, 268, 269, 270, 309, 310], 355: [196, 233, 271, 311, 312, 355, 356, 399], 395: [307, 308, 350, 351, 394, 395, 439, 440], 483: [391, 435, 436, 482, 483, 530, 576, 577], 485: [349, 392, 393, 437, 438, 484, 485, 532], 488: [352, 396, 441, 488, 535, 582, 630, 678], 489: [353, 397, 442, 489, 536, 583, 631, 679], 490: [354, 398, 443, 490, 537, 584, 632, 680], 491: [400, 444, 445, 491, 538, 585, 633, 681], 528: [480, 481, 527, 528, 529, 575, 623, 671], 534: [534, 581, 629, 677], 580: [486, 533, 579, 580, 627, 628, 675, 676], 622: [573, 574, 620, 621, 622, 668, 669, 670], 626: [531, 578, 624, 625, 626, 672, 673, 674]}
{1118: [1013, 1014, 1065, 1066, 1118, 1119, 1170, 1223], 1120: [1015, 1016, 1067, 1068, 1069, 1120, 1121, 1122], 1221: [1063, 1115, 1116, 1167, 1168, 1221, 1275, 1329], 1222: [1012, 1064, 1117, 1169, 1222, 1276], 1327: [1272, 1273, 1326, 1327, 1381, 1436, 1491, 1547], 1328: [1219, 1220, 1274, 1328, 1382, 1437, 1492, 1548], 1331: [1277, 1331, 1385, 1440, 1495, 1551], 1332: [1171, 1224, 1278, 1332, 1386, 1441, 1496, 1552], 1333: [1172, 1225, 1279, 1333, 1387, 1442, 1497, 1553], 1334: [1173, 1226, 1280, 1334, 1388, 1443, 1498, 1554], 1335: [1174, 1227, 1281, 1335, 1389, 1444, 1499, 1555], 1336: [1175, 1228, 1282, 1336, 1390, 1445, 1500, 1556], 1435: [1379, 1380, 1433, 1434, 1435, 1488, 1489, 1490], 1439: [1383, 1384, 1438, 1439, 1493, 1494, 1549, 1550]}
{1656: [1543, 1598, 1599, 1600, 1654, 1655, 1656, 1711], 1713: [1544, 1545, 1601, 1657, 1658, 1712, 1713, 1766], 1714: [1546, 1602, 1603, 1659, 1660, 1714, 1767, 1818], 1718: [1606, 1663, 1718], 1769: [1604, 1661, 1715, 1716, 1768, 1769, 1819, 1820], 1770: [1605, 1662, 1717, 1770, 1821, 1869, 1870], 1772: [1607, 1664, 1719, 1772, 1823, 1872, 1919, 1965], 1773: [1608, 1665, 1720, 1773, 1824, 1873, 1920, 1966], 1774: [1609, 1666, 1721, 1774, 1825, 1874, 1921, 1967], 1775: [1610, 1667, 1722, 1775, 1826, 1875, 1922, 1968], 1776: [1611, 1668, 1723, 1776, 1827, 1876, 1923], 1777: [1612, 1669, 1724, 1777, 1778, 1828, 1877, 1924], 1822: [1822, 1871, 1918], 1925: [1829, 1878, 1925, 1970, 1971, 2014, 2055, 2095], 2012: [1969, 2010, 2011, 2012, 2013, 2053, 2054, 2094]}
{1340: [1283, 1284, 1285, 1286, 1338, 1339, 1340, 1394], 1396: [1287, 1288, 1341, 1342, 1395, 1396, 1451, 1506], 1397: [1289, 1290, 1343, 1344, 1397, 1398, 1399, 1452], 1563: [1507, 1563], 1613: [1337, 1391, 1446, 1501, 1557, 1613, 1670, 1725], 1614: [1392, 1447, 1502, 1558, 1614, 1671, 1726, 1779], 1615: [1393, 1448, 1503, 1559, 1615, 1672, 1727, 1780], 1616: [1449, 1504, 1560, 1616, 1673, 1728, 1781, 1832], 1617: [1450, 1505, 1561, 1617, 1674, 1729, 1782, 1833], 1618: [1562, 1618, 1675, 1730, 1783, 1834], 1620: [1453, 1508, 1564, 1620, 1677, 1732, 1785, 1836], 1621: [1454, 1509, 1565, 1621, 1678, 1733, 1786, 1837], 1622: [1455, 1510, 1566, 1622, 1679, 1734, 1787, 1838], 1623: [1456, 1511, 1567, 1623, 1680, 1735, 1788, 1839], 1676: [1676, 1731, 1784, 1835]}
{1473: [1416, 1417, 1418, 1419, 1471, 1472, 1473, 1474], 1525: [1415, 1468, 1469, 1470, 1523, 1524, 1525, 1526], 1530: [1420, 1421, 1475, 1476, 1530, 1531, 1532, 1586], 1697: [1528, 1584, 1640, 1697], 1747: [1579, 1635, 1692, 1747, 1800, 1851, 1900, 1947], 1748: [1580, 1636, 1693, 1748, 1801, 1852, 1901, 1948], 1749: [1581, 1637, 1694, 1749, 1802, 1853, 1902, 1949], 1750: [1582, 1638, 1695, 1750, 1803, 1854, 1903, 1950], 1751: [1527, 1583, 1639, 1696, 1751, 1804, 1855, 1904], 1753: [1529, 1585, 1641, 1698, 1753, 1806, 1857, 1906], 1754: [1642, 1699, 1754, 1807, 1858, 1907, 1954, 2000], 1755: [1587, 1643, 1700, 1755, 1808, 1859, 1908, 1955], 1756: [1588, 1644, 1701, 1756, 1809, 1860, 1909, 1956], 1905: [1805, 1856, 1905, 1951, 1952, 1953, 1998, 1999]}
{896: [797, 798, 846, 847, 896, 897, 947, 948], 898: [799, 800, 848, 849, 898, 899, 949, 950], 943: [841, 842, 891, 892, 942, 943, 992, 993], 996: [845, 895, 946, 996], 1045: [843, 893, 944, 994, 1045, 1097, 1150, 1202], 1046: [844, 894, 945, 995, 1046, 1098, 1099, 1151], 1048: [997, 998, 1048, 1049, 1100, 1101, 1153, 1205], 1050: [999, 1000, 1050, 1051, 1102, 1103, 1155, 1207], 1052: [801, 850, 900, 951, 1001, 1052, 1104, 1157], 1096: [1043, 1044, 1095, 1096, 1149, 1201, 1254, 1308], 1208: [1156, 1208, 1209, 1261, 1262, 1315, 1316, 1369], 1256: [1203, 1255, 1256, 1309, 1310, 1362, 1363, 1364], 1257: [1152, 1204, 1257, 1258, 1311, 1312, 1365, 1366], 1259: [1154, 1206, 1259, 1260, 1313, 1314, 1367, 1368]}
{2021: [1885, 1932, 1978, 2021], 2056: [1830, 1879, 1926, 1972, 2015, 2056, 2096, 2134], 2057: [1831, 1880, 1927, 1973, 2016, 2057, 2097, 2135], 2058: [1881, 1928, 1974, 2017, 2058, 2098, 2136, 2171], 2059: [1882, 1929, 1975, 2018, 2059, 2099, 2137, 2172], 2060: [1883, 1930, 1976, 2019, 2060, 2100, 2138, 2173], 2061: [1884, 1931, 1977, 2020, 2061, 2101, 2139, 2174], 2063: [1886, 1933, 1979, 2022, 2063, 2103, 2141, 2176], 2064: [1887, 1934, 1980, 2023, 2064, 2104, 2142, 2177], 2065: [1888, 1935, 1981, 2024, 2065, 2105, 2143, 2178], 2066: [1936, 1982, 1983, 2025, 2026, 2066, 2067, 2107], 2144: [2106, 2144, 2145, 2179, 2212, 2243, 2271, 2297], 2175: [2102, 2140, 2175, 2206, 2207, 2208, 2209, 2239], 2241: [2210, 2211, 2240, 2241, 2242, 2269, 2270, 2296]}
{825: [727, 728, 776, 777, 825, 826, 875, 876], 827: [729, 730, 778, 779, 827, 828, 877, 878], 879: [731, 780, 781, 829, 830, 879, 880, 930], 925: [726, 775, 824, 874, 925, 926, 975, 976], 932: [831, 832, 881, 882, 932, 933, 982, 983], 1028: [927, 928, 977, 978, 1028, 1029, 1080, 1081], 1030: [929, 979, 980, 1030, 1031, 1082, 1083, 1135], 1032: [931, 981, 1032, 1033, 1084, 1085, 1137, 1138], 1078: [1078, 1131, 1183, 1236], 1132: [1027, 1079, 1132, 1133, 1184, 1237, 1291, 1345], 1185: [1134, 1185, 1186, 1187, 1238, 1292, 1346, 1400], 1188: [1136, 1188, 1189, 1190, 1241, 1295, 1349, 1403], 1293: [1239, 1240, 1293, 1294, 1347, 1348, 1401, 1402], 1296: [1242, 1243, 1296, 1297, 1350, 1351, 1404, 1405]}
{478: [389, 390, 433, 434, 478, 479, 525, 526], 517: [425, 470, 517], 560: [421, 466, 513, 560, 607, 655, 703, 752], 561: [422, 467, 514, 561, 608, 656, 704, 753], 562: [423, 468, 515, 562, 609, 657, 705, 754], 563: [424, 469, 516, 563, 610, 658, 706, 755], 565: [426, 471, 518, 565, 612, 660, 708, 757], 566: [427, 472, 519, 566, 613, 661, 709, 758], 567: [428, 473, 520, 567, 614, 662, 710, 759], 568: [429, 474, 521, 568, 615, 663, 711, 760], 569: [430, 475, 522, 569, 616, 664, 712, 761], 570: [431, 476, 523, 570, 617], 571: [388, 432, 477, 524, 571, 572, 618, 619], 611: [611, 659, 707, 756], 665: [665, 666, 667, 713, 714, 715, 762, 763]}
{48: [19, 20, 32, 33, 48, 49, 50, 68], 65: [18, 30, 31, 46, 47, 65, 66, 67], 111: [45, 63, 64, 85, 86, 110, 111, 139], 165: [107, 134, 135, 163, 164, 165, 199, 236], 167: [83, 84, 108, 109, 137, 167, 201, 238], 170: [87, 112, 140, 170, 204, 241, 279, 320], 171: [88, 113, 141, 171, 205, 242, 280, 321], 172: [89, 114, 142, 172, 206, 243, 281, 322], 173: [90, 115, 143, 173, 207, 244, 282, 323], 174: [69, 91, 116, 144, 174, 208, 245, 283], 200: [136, 166, 200, 237, 274, 275, 315, 316], 202: [138, 168, 202, 239, 276, 277, 317, 318], 203: [203, 240, 278, 319], 235: [197, 198, 234, 235, 272, 273, 313, 314]}
{329: [287, 288, 289, 328, 329, 330, 371, 373], 370: [285, 286, 326, 327, 369, 370, 414, 459], 374: [290, 291, 331, 332, 333, 374, 375, 376], 412: [284, 324, 325, 367, 368, 411, 412, 456], 508: [372, 416, 461, 508], 551: [457, 503, 504, 550, 551, 598, 646, 694], 552: [413, 458, 505, 506, 552, 599, 647, 695], 554: [415, 460, 507, 553, 554, 600, 601, 649], 556: [417, 462, 509, 556, 603, 651, 699, 748], 557: [418, 463, 510, 557, 604, 652, 700, 749], 558: [419, 464, 511, 558, 605, 653, 701, 750], 559: [420, 465, 512, 559, 606, 654, 702, 751], 698: [602, 650, 697, 698, 746, 747, 795, 796], 745: [648, 696, 743, 744, 745, 792, 793, 794]}
{864: [716, 764, 765, 813, 814, 864, 915, 965], 873: [725, 774, 823, 873], 914: [862, 863, 912, 913, 914, 962, 963, 964], 916: [717, 718, 766, 815, 865, 916, 966, 1017], 917: [767, 816, 866, 917, 967, 1018, 1070, 1123], 918: [719, 768, 817, 867, 918, 968, 1019, 1071], 919: [720, 769, 818, 868, 919, 969, 1020, 1072], 920: [721, 770, 819, 869, 920, 970, 1021, 1073], 921: [722, 771, 820, 870, 921, 971, 1022, 1074], 922: [723, 772, 821, 871, 922, 972, 1023, 1075], 923: [724, 773, 822, 872, 923, 973, 1024, 1076], 1077: [974, 1025, 1077, 1129, 1130, 1181, 1182, 1235], 1125: [1124, 1125, 1126, 1176, 1177, 1178, 1229, 1230], 1180: [1127, 1128, 1179, 1180, 1231, 1232, 1233, 1234]}
{129: [62, 81, 82, 103, 104, 128, 129, 157], 155: [61, 80, 102, 126, 127, 153, 154, 155], 158: [105, 106, 130, 131, 158, 159, 188, 222], 255: [183, 217, 218, 254, 255, 292, 293, 334], 256: [184, 185, 219, 256, 294, 335, 377, 378], 257: [156, 186, 220, 257, 295, 336, 379], 258: [187, 221, 258, 296, 337, 380], 260: [189, 223, 260, 298, 339, 382], 261: [132, 160, 190, 224, 261, 299, 340, 383], 262: [133, 161, 191, 225, 262, 300, 341, 384], 263: [162, 192, 226, 263, 301, 342, 385], 264: [193, 194, 227, 264, 302, 343, 386], 265: [228, 229, 265, 266, 303, 304, 344, 387], 297: [297, 338, 381], 305: [230, 267, 305, 306, 345, 346, 347, 348]}
{2077: [1992, 1993, 2035, 2036, 2076, 2077, 2116, 2117], 2079: [1994, 1995, 2037, 2038, 2078, 2079, 2119, 2157], 2081: [1996, 1997, 2039, 2040, 2041, 2080, 2081, 2121], 2195: [2082, 2122, 2160, 2195], 2196: [2042, 2083, 2123, 2161, 2196, 2229], 2223: [2154, 2155, 2190, 2223, 2254, 2282, 2308, 2331], 2224: [2118, 2156, 2191, 2224, 2255, 2283, 2309, 2332], 2226: [2120, 2158, 2192, 2193, 2225, 2226, 2256, 2257], 2227: [2159, 2194, 2227, 2258, 2286, 2312], 2230: [2043, 2084, 2124, 2162, 2197, 2230, 2261, 2289], 2259: [2259, 2260, 2287, 2313], 2311: [2284, 2285, 2310, 2311, 2334, 2354, 2372, 2383], 2314: [2288, 2314, 2315, 2337, 2338, 2357, 2375, 2386], 2353: [2333, 2351, 2352, 2353, 2369, 2370, 2371, 2382], 2356: [2335, 2336, 2355, 2356, 2373, 2374, 2384, 2385]}
{935: [833, 834, 883, 884, 934, 935, 984, 985], 937: [836, 837, 886, 887, 937, 938, 987, 988], 939: [838, 839, 888, 889, 939, 940, 989, 990], 1037: [835, 885, 936, 986, 1037, 1038, 1089, 1142], 1094: [840, 890, 941, 991, 1042, 1094, 1147, 1148], 1191: [1034, 1086, 1139, 1191, 1244, 1298, 1352, 1406], 1192: [1035, 1087, 1140, 1192, 1245, 1299, 1353, 1407], 1193: [1036, 1088, 1141, 1193, 1246, 1300, 1354, 1408], 1195: [1090, 1143, 1195, 1248, 1302, 1356, 1410, 1411], 1196: [1039, 1040, 1091, 1144, 1196, 1249, 1303, 1357], 1197: [1092, 1145, 1197, 1250, 1304, 1358, 1412, 1413], 1198: [1041, 1093, 1146, 1198, 1199, 1251, 1305, 1359], 1247: [1247, 1301, 1355, 1409], 1252: [1200, 1252, 1253, 1306, 1307, 1360, 1361, 1414]}
{1486: [1377, 1378, 1431, 1432, 1486, 1487, 1541, 1542], 1537: [1373, 1427, 1482, 1537], 1589: [1422, 1477, 1478, 1533, 1589, 1645, 1702, 1757], 1590: [1370, 1423, 1424, 1479, 1534, 1590, 1646, 1703], 1591: [1425, 1480, 1535, 1591, 1647, 1704, 1758, 1759], 1592: [1371, 1372, 1426, 1481, 1536, 1592, 1648, 1705], 1594: [1374, 1428, 1483, 1538, 1594, 1650, 1707, 1762], 1595: [1375, 1429, 1484, 1539, 1595, 1651, 1708, 1763], 1596: [1376, 1430, 1485, 1540, 1596, 1597, 1652, 1653], 1761: [1649, 1706, 1760, 1761, 1814, 1865, 1914, 1961], 1764: [1709, 1710, 1764, 1765, 1817, 1868, 1917, 1964], 1862: [1810, 1811, 1861, 1862, 1910, 1911, 1957, 1958], 1864: [1812, 1813, 1863, 1864, 1912, 1913, 1959, 1960], 1866: [1815, 1816, 1866, 1867, 1915, 1916, 1962, 1963]}
{910: [811, 812, 860, 861, 910, 911, 961, 1011], 955: [805, 854, 904, 955], 1002: [802, 851, 901, 952, 1002, 1053, 1105, 1158], 1003: [803, 852, 902, 953, 1003, 1054, 1106], 1004: [804, 853, 903, 954, 1004, 1055, 1107, 1160], 1006: [806, 855, 905, 956, 1006, 1057, 1109, 1162], 1007: [807, 856, 906, 957, 1007, 1058, 1110], 1008: [808, 857, 907, 958, 1008, 1059, 1111, 1164], 1009: [809, 858, 908, 959, 1009, 1060, 1112, 1113], 1010: [810, 859, 909, 960, 1010, 1061, 1062, 1114], 1056: [1056, 1108, 1161], 1211: [1159, 1210, 1211, 1212, 1263, 1264, 1317, 1318], 1215: [1163, 1214, 1215, 1216, 1268, 1269, 1322, 1323], 1217: [1165, 1166, 1217, 1218, 1270, 1271, 1324, 1325], 1266: [1213, 1265, 1266, 1267, 1319, 1320, 1321]}
{1572: [1460, 1461, 1515, 1516, 1571, 1572, 1627, 1628], 1630: [1463, 1518, 1574, 1630], 1681: [1457, 1512, 1568, 1624, 1681, 1736, 1789, 1840], 1682: [1458, 1513, 1569, 1625, 1682, 1737, 1790, 1841], 1683: [1459, 1514, 1570, 1626, 1683, 1684, 1738, 1791], 1686: [1462, 1517, 1573, 1629, 1685, 1686, 1741, 1794], 1688: [1464, 1519, 1575, 1631, 1688, 1743, 1796, 1847], 1689: [1465, 1520, 1576, 1632, 1689, 1744, 1797, 1848], 1690: [1466, 1521, 1577, 1633, 1690, 1745, 1798, 1849], 1691: [1467, 1522, 1578, 1634, 1691, 1746, 1799, 1850], 1793: [1739, 1740, 1792, 1793, 1843, 1844, 1893, 1940], 1846: [1742, 1795, 1845, 1846, 1894, 1895, 1941, 1942], 1891: [1842, 1889, 1890, 1891, 1892, 1937, 1938, 1939], 1897: [1896, 1897, 1898, 1899, 1943, 1944, 1945, 1946]}
{11: [0, 3, 4, 9, 10, 11, 21, 22], 14: [2, 6, 7, 8, 13, 14, 15, 25], 52: [1, 5, 12, 23, 36, 52, 71, 93], 54: [38, 54], 70: [34, 35, 51, 70, 92, 117, 145], 72: [24, 37, 53, 72, 94, 119, 147, 177], 74: [26, 39, 55, 74, 96, 121, 149, 179], 75: [16, 27, 40, 56, 75, 97, 122, 150], 76: [17, 28, 41, 57, 76, 98, 123, 151], 77: [29, 42, 43, 58, 77, 99, 124, 152], 78: [44, 59, 60, 78, 79, 100, 101, 125], 95: [95, 120, 148], 176: [118, 146, 175, 176, 209, 210, 246, 247], 181: [180, 181, 182, 215, 216, 251, 252, 253], 212: [178, 211, 212, 213, 214, 248, 249, 250]}
{405: [359, 360, 361, 403, 404, 405, 450, 497], 447: [357, 358, 401, 402, 446, 447, 494, 541], 452: [363, 364, 407, 408, 452, 453, 499], 454: [365, 366, 409, 410, 454, 455, 501, 548], 498: [362, 406, 451, 498, 545], 587: [492, 493, 539, 540, 586, 587, 634, 635], 589: [448, 495, 542, 589, 637, 685, 734, 783], 590: [449, 496, 543, 590, 638, 686, 735, 784], 591: [544, 591, 639, 687, 736, 785], 593: [546, 593, 641, 689, 738, 787], 594: [500, 547, 594, 595, 642, 690, 739, 788], 596: [502, 549, 596, 597, 644, 645, 692, 693], 640: [640, 688, 737, 786], 684: [588, 636, 682, 683, 684, 732, 733, 782], 740: [643, 691, 740, 741, 742, 789, 790, 791]}
